# Tetrahedron method
      -15.4865601316        0.0000000000        0.0000000000        0.0000000000        0.0000000000        0.0000000000        0.0000000000        0.0000000000        0.0000000000        0.0000000000        0.0000000000        0.0000000000        0.0000000000
      -15.2822665616        0.0000000000        0.0000000000        0.0000000000        0.0000000000        0.0000000000        0.0000000000        0.0000000000        0.0000000000        0.0000000000        0.0000000000        0.0000000000        0.0000000000
      -15.0779729915        0.0000000000        0.0000000000        0.0000000000        0.0000000000        0.0000000000        0.0000000000        0.0000000000        0.0000000000        0.0000000000        0.0000000000        0.0000000000        0.0000000000
      -14.8736794215        0.0000000000        0.0000000000        0.0000000000        0.0000000000        0.0000000000        0.0000000000        0.0000000000        0.0000000000        0.0000000000        0.0000000000        0.0000000000        0.0000000000
      -14.6693858514        0.0000000000        0.0000000000        0.0000000000        0.0000000000        0.0000000000        0.0000000000        0.0000000000        0.0000000000        0.0000000000        0.0000000000        0.0000000000        0.0000000000
      -14.4650922814        0.0000000000        0.0000000000        0.0000000000        0.0000000000        0.0000000000        0.0000000000        0.0000000000        0.0000000000        0.0000000000        0.0000000000        0.0000000000        0.0000000000
      -14.2607987113        0.0000000000        0.0000000000        0.0000000000        0.0000000000        0.0000000000        0.0000000000        0.0000000000        0.0000000000        0.0000000000        0.0000000000        0.0000000000        0.0000000000
      -14.0565051413        0.0000000000        0.0000000000        0.0000000000        0.0000000000        0.0000000000        0.0000000000        0.0000000000        0.0000000000        0.0000000000        0.0000000000        0.0000000000        0.0000000000
      -13.8522115712        0.0000000000        0.0000000000        0.0000000000        0.0000000000        0.0000000000        0.0000000000        0.0000000000        0.0000000000        0.0000000000        0.0000000000        0.0000000000        0.0000000000
      -13.6479180012        0.0000000000        0.0000000000        0.0000000000        0.0000000000        0.0000000000        0.0000000000        0.0000000000        0.0000000000        0.0000000000        0.0000000000        0.0000000000        0.0000000000
      -13.4436244312        0.0000000000        0.0000000000        0.0000000000        0.0000000000        0.0000000000        0.0000000000        0.0000000000        0.0000000000        0.0000000000        0.0000000000        0.0000000000        0.0000000000
      -13.2393308611        0.0000000000        0.0000000000        0.0000000000        0.0000000000        0.0000000000        0.0000000000        0.0000000000        0.0000000000        0.0000000000        0.0000000000        0.0000000000        0.0000000000
      -13.0350372911        0.0000000000        0.0000000000        0.0000000000        0.0000000000        0.0000000000        0.0000000000        0.0000000000        0.0000000000        0.0000000000        0.0000000000        0.0000000000        0.0000000000
      -12.8307437210        0.0000000000        0.0000000000        0.0000000000        0.0000000000        0.0000000000        0.0000000000        0.0000000000        0.0000000000        0.0000000000        0.0000000000        0.0000000000        0.0000000000
      -12.6264501510        0.0000000000        0.0000000000        0.0000000000        0.0000000000        0.0000000000        0.0000000000        0.0000000000        0.0000000000        0.0000000000        0.0000000000        0.0000000000        0.0000000000
      -12.4221565809        0.0000000000        0.0000000000        0.0000000000        0.0000000000        0.0000000000        0.0000000000        0.0000000000        0.0000000000        0.0000000000        0.0000000000        0.0000000000        0.0000000000
      -12.2178630109        0.0000000000        0.0000000000        0.0000000000        0.0000000000        0.0000000000        0.0000000000        0.0000000000        0.0000000000        0.0000000000        0.0000000000        0.0000000000        0.0000000000
      -12.0135694408        0.0000000052        0.0000000072        0.0000000113        0.0000000124        0.0000000982        0.0000000835        0.0000001362        0.0000000715        0.0000000839        0.0000000868        0.0000000499        0.0000000987
      -11.8092758708        0.0000000258        0.0000000395        0.0000000546        0.0000000653        0.0000005033        0.0000004513        0.0000006780        0.0000003784        0.0000004493        0.0000004355        0.0000002696        0.0000004905
      -11.6049823007        0.0000000456        0.0000000693        0.0000000939        0.0000001205        0.0000008715        0.0000008061        0.0000011695        0.0000006909        0.0000008510        0.0000007712        0.0000005020        0.0000008549
      -11.4006887307        0.0000000644        0.0000000966        0.0000001298        0.0000001768        0.0000012086        0.0000011495        0.0000016147        0.0000010061        0.0000012802        0.0000010934        0.0000007452        0.0000011951
      -11.1963951607        0.0000000823        0.0000001218        0.0000001631        0.0000002331        0.0000015203        0.0000014829        0.0000020171        0.0000013212        0.0000017277        0.0000014018        0.0000009973        0.0000015144
      -10.9921015906        0.0000000992        0.0000001451        0.0000001947        0.0000002884        0.0000018123        0.0000018078        0.0000023807        0.0000016336        0.0000021846        0.0000016961        0.0000012560        0.0000018161
      -10.7878080206        0.0000001154        0.0000001667        0.0000002253        0.0000003415        0.0000020917        0.0000021267        0.0000027106        0.0000019411        0.0000026428        0.0000019773        0.0000015205        0.0000021043
      -10.5835144505        0.0000001365        0.0000001887        0.0000002570        0.0000003932        0.0000023979        0.0000024690        0.0000030430        0.0000022567        0.0000031162        0.0000022787        0.0000018132        0.0000024039
      -10.3792208805        0.0000001692        0.0000002184        0.0000003022        0.0000004527        0.0000028367        0.0000029552        0.0000034455        0.0000026772        0.0000036910        0.0000027072        0.0000021932        0.0000027622
      -10.1749273104        0.0000002214        0.0000002740        0.0000003886        0.0000005475        0.0000036568        0.0000039469        0.0000041225        0.0000033766        0.0000045415        0.0000033940        0.0000028325        0.0000033785
       -9.9706337404        0.0000003622        0.0000004194        0.0000006066        0.0000008002        0.0000057308        0.0000061992        0.0000061451        0.0000051666        0.0000066514        0.0000052695        0.0000048653        0.0000052765
       -9.7663401703        0.0000012688        0.0000008099        0.0000014021        0.0000017065        0.0000123693        0.0000141658        0.0000160622        0.0000140228        0.0000145797        0.0000132463        0.0000145053        0.0000136280
       -9.5620466003        0.0000024303        0.0000014601        0.0000026371        0.0000031775        0.0000224237        0.0000289400        0.0000297910        0.0000269310        0.0000258555        0.0000252782        0.0000303820        0.0000266549
       -9.3577530302        0.0000037732        0.0000027385        0.0000045973        0.0000056487        0.0000388993        0.0000562521        0.0000490592        0.0000451147        0.0000427376        0.0000438138        0.0000552267        0.0000477077
       -9.1534594602        0.0000056790        0.0000052179        0.0000076639        0.0000093899        0.0000645809        0.0000918979        0.0000766001        0.0000717947        0.0000680981        0.0000698751        0.0000872189        0.0000792772
       -8.9491658902        0.0000083037        0.0000088605        0.0000119731        0.0000141351        0.0001011060        0.0001348764        0.0001130935        0.0001081186        0.0001045798        0.0001054434        0.0001302927        0.0001190679
       -8.7448723201        0.0000118171        0.0000138352        0.0000175990        0.0000200710        0.0001489070        0.0001876529        0.0001609090        0.0001559759        0.0001529921        0.0001524313        0.0001890135        0.0001687023
       -8.5405787501        0.0000174556        0.0000211448        0.0000266910        0.0000293875        0.0002219583        0.0002783828        0.0002364708        0.0002386209        0.0002317740        0.0002347300        0.0002924925        0.0002489613
       -8.3362851800        0.0000270492        0.0000327566        0.0000412854        0.0000452432        0.0003536717        0.0004527543        0.0003694823        0.0003740511        0.0003697444        0.0003881727        0.0004733480        0.0003921012
       -8.1319916100        0.0000376866        0.0000465366        0.0000578207        0.0000631908        0.0004916827        0.0006249756        0.0005144438        0.0005192626        0.0005145729        0.0005416921        0.0006714045        0.0005264869
       -7.9276980399        0.0000531476        0.0000660183        0.0000820832        0.0000883857        0.0006983129        0.0008708985        0.0007260874        0.0007278155        0.0007292706        0.0007509242        0.0009537585        0.0007374536
       -7.7234044699        0.0000741866        0.0000934778        0.0001149363        0.0001239969        0.0009882736        0.0012078373        0.0010150900        0.0010148651        0.0010303683        0.0010495927        0.0013324619        0.0010278970
       -7.5191108998        0.0001011372        0.0001276219        0.0001569540        0.0001682147        0.0013567702        0.0016319898        0.0013893760        0.0013915698        0.0014153247        0.0014313152        0.0018086080        0.0014035015
       -7.3148173298        0.0001346787        0.0001702097        0.0002084134        0.0002206641        0.0018170361        0.0021507520        0.0018231692        0.0018394897        0.0018906964        0.0019012328        0.0023472731        0.0018686258
       -7.1105237597        0.0001777797        0.0002245319        0.0002739322        0.0002854344        0.0023732124        0.0028042116        0.0023421338        0.0024180389        0.0024821409        0.0024828759        0.0029669535        0.0024229099
       -6.9062301897        0.0002257055        0.0002866592        0.0003447719        0.0003580507        0.0030195953        0.0035342958        0.0029447677        0.0030562382        0.0031683424        0.0031241375        0.0036962522        0.0030414352
       -6.7019366197        0.0002842386        0.0003631490        0.0004335335        0.0004479653        0.0038015414        0.0044596014        0.0037078505        0.0038538236        0.0039875765        0.0038956868        0.0046206821        0.0038026318
       -6.4976430496        0.0003512156        0.0004507172        0.0005343627        0.0005526190        0.0046872405        0.0054858301        0.0045658258        0.0047462166        0.0049291497        0.0047540791        0.0056519165        0.0046917471
       -6.2933494796        0.0004233954        0.0005503228        0.0006487381        0.0006698863        0.0056785751        0.0066101111        0.0055224914        0.0057433484        0.0060001542        0.0057050984        0.0068369861        0.0056744075
       -6.0890559095        0.0005088097        0.0006607575        0.0007666991        0.0007983607        0.0067697370        0.0078869250        0.0065568674        0.0067944693        0.0070911764        0.0067831676        0.0080654998        0.0067681263
       -5.8847623395        0.0005922028        0.0007679630        0.0008868074        0.0009276231        0.0078271795        0.0090864195        0.0076071510        0.0078702186        0.0082141158        0.0078477941        0.0092800676        0.0078697849
       -5.6804687694        0.0006809257        0.0008854296        0.0010151175        0.0010616999        0.0090089929        0.0103303033        0.0087321990        0.0090234024        0.0093802137        0.0089430903        0.0105511936        0.0090350043
       -5.4761751994        0.0007685188        0.0009984380        0.0011435651        0.0011931112        0.0101917360        0.0115665425        0.0098200664        0.0101528285        0.0105754335        0.0100244038        0.0118168058        0.0101417360
       -5.2718816293        0.0008604014        0.0011177745        0.0012786736        0.0013273142        0.0113862082        0.0128727925        0.0109685673        0.0113414814        0.0117947199        0.0111224366        0.0131268655        0.0112964452
       -5.0675880593        0.0009437241        0.0012241290        0.0013953637        0.0014455137        0.0124028140        0.0139901032        0.0119736436        0.0123586850        0.0128349996        0.0120890223        0.0142281575        0.0123140066
       -4.8632944892        0.0010167427        0.0013196972        0.0014957579        0.0015526824        0.0132703556        0.0149305795        0.0128190807        0.0132045303        0.0136909398        0.0129248876        0.0151871408        0.0131613276
       -4.6590009192        0.0010810187        0.0014030622        0.0015842528        0.0016470952        0.0140259482        0.0157409255        0.0135743313        0.0139473213        0.0144215055        0.0136449728        0.0160066345        0.0139386676
       -4.4547073492        0.0011242402        0.0014686686        0.0016527097        0.0017137609        0.0145944965        0.0162742935        0.0141235086        0.0145036176        0.0149460223        0.0141671071        0.0165850316        0.0145169971
       -4.2504137791        0.0011622816        0.0015173341        0.0017045669        0.0017651927        0.0149961720        0.0166939115        0.0145423739        0.0149492243        0.0153247810        0.0145505635        0.0170599754        0.0149536021
       -4.0461202091        0.0011899586        0.0015512771        0.0017403607        0.0018021455        0.0152416302        0.0170194472        0.0148270422        0.0152506248        0.0155499760        0.0148067506        0.0173889100        0.0151813550
       -3.8418266390        0.0012146713        0.0015818261        0.0017699718        0.0018335710        0.0154418575        0.0172845868        0.0150489854        0.0154930766        0.0157406597        0.0150181219        0.0176574663        0.0153966933
       -3.6375330690        0.0012198978        0.0015904362        0.0017785064        0.0018415457        0.0154585050        0.0173007213        0.0150768230        0.0154833716        0.0157200072        0.0150420452        0.0176661299        0.0153946135
       -3.4332394989        0.0012189885        0.0015890544        0.0017759856        0.0018396866        0.0153771222        0.0172184819        0.0149966820        0.0153814064        0.0156175530        0.0149787450        0.0175726518        0.0152850537
       -3.2289459289        0.0012075483        0.0015761061        0.0017644791        0.0018244425        0.0151738816        0.0170110175        0.0148086077        0.0151769874        0.0153852211        0.0147868554        0.0173539222        0.0150805639
       -3.0246523588        0.0011958791        0.0015632019        0.0017481695        0.0018024833        0.0149565141        0.0167369545        0.0146064942        0.0149353608        0.0151294751        0.0145732196        0.0170711352        0.0148600357
       -2.8203587888        0.0011794651        0.0015429337        0.0017234009        0.0017729999        0.0146743373        0.0163636575        0.0143417185        0.0146234564        0.0147913424        0.0142870039        0.0166977875        0.0145750369
       -2.6160652187        0.0011573624        0.0015189210        0.0016895197        0.0017381468        0.0143257813        0.0159230305        0.0140016183        0.0142497595        0.0143729481        0.0139281239        0.0162381308        0.0142243628
       -2.4117716487        0.0011396105        0.0014973062        0.0016588717        0.0017064895        0.0139975202        0.0155169669        0.0136960443        0.0139033460        0.0140054607        0.0135833720        0.0158139585        0.0138990689
       -2.2074780787        0.0011243472        0.0014773755        0.0016316404        0.0016745286        0.0136874874        0.0151294000        0.0134108665        0.0135722122        0.0136513354        0.0132533912        0.0154122195        0.0135900248
       -2.0031845086        0.0011112180        0.0014588455        0.0016058003        0.0016454022        0.0133951423        0.0147620154        0.0131260077        0.0132676123        0.0133245814        0.0129632434        0.0150366975        0.0133007556
       -1.7988909386        0.0010995594        0.0014414457        0.0015833666        0.0016187992        0.0131157569        0.0144282280        0.0128535325        0.0129784804        0.0130234981        0.0126811882        0.0146797838        0.0130205057
       -1.5945973685        0.0010901063        0.0014259793        0.0015633158        0.0015942057        0.0128521605        0.0141161325        0.0126011695        0.0126976266        0.0127410273        0.0124145044        0.0143458269        0.0127618802
       -1.3903037985        0.0010820262        0.0014124551        0.0015441623        0.0015710021        0.0125976294        0.0138148434        0.0123567245        0.0124343362        0.0124696749        0.0121630853        0.0140233347        0.0125177157
       -1.1860102284        0.0010764580        0.0014015733        0.0015282567        0.0015526932        0.0123683214        0.0135391969        0.0121341360        0.0122058116        0.0122328729        0.0119427531        0.0137415891        0.0122971607
       -0.9817166584        0.0010715318        0.0013919039        0.0015136488        0.0015359530        0.0121444512        0.0132746941        0.0119229598        0.0119818896        0.0120066143        0.0117297335        0.0134730212        0.0120824253
       -0.7774230883        0.0010672305        0.0013832670        0.0014999602        0.0015206073        0.0119241949        0.0130182375        0.0117188579        0.0117664754        0.0117873706        0.0115217361        0.0132143439        0.0118736876
       -0.5731295183        0.0010634361        0.0013752364        0.0014869064        0.0015060556        0.0117056894        0.0127656405        0.0115168016        0.0115536357        0.0115701636        0.0113148824        0.0129566248        0.0116649592
       -0.3688359482        0.0010607046        0.0013681694        0.0014749587        0.0014926665        0.0114934066        0.0125190155        0.0113203531        0.0113487212        0.0113591980        0.0111153329        0.0127068515        0.0114619305
       -0.1645423782        0.0010585052        0.0013615371        0.0014635906        0.0014799049        0.0112826307        0.0122750989        0.0111245068        0.0111459530        0.0111500041        0.0109174263        0.0124586175        0.0112595723
        0.0397511918        0.0010567038        0.0013552834        0.0014526389        0.0014675955        0.0110718563        0.0120314424        0.0109277478        0.0109439943        0.0109403805        0.0107191266        0.0122100444        0.0110568763
        0.2440447619        0.0010554194        0.0013495157        0.0014421950        0.0014558295        0.0108615870        0.0117881341        0.0107304160        0.0107429789        0.0107305586        0.0105210498        0.0119611856        0.0108547335
        0.4483383319        0.0011563793        0.0014627307        0.0015509659        0.0015630583        0.0110843131        0.0119773723        0.0109648298        0.0109757889        0.0109535823        0.0107559907        0.0121438657        0.0110862054
        0.6526319020        0.0012865996        0.0016102837        0.0016936998        0.0017044963        0.0114366974        0.0122959805        0.0113281769        0.0113372903        0.0113041087        0.0111207650        0.0124556819        0.0114488034
        0.8569254720        0.0014682131        0.0018180810        0.0018959913        0.0019062404        0.0120242205        0.0128512993        0.0119275220        0.0119333292        0.0118884920        0.0117179860        0.0130038287        0.0120468822
        1.0612190421        0.0017631586        0.0021577874        0.0022308948        0.0022392915        0.0131291854        0.0139212114        0.0130310557        0.0130511368        0.0130063455        0.0128337645        0.0140857330        0.0131546850
        1.2655126121        0.0020300176        0.0024663039        0.0025354756        0.0025420034        0.0141520557        0.0149335144        0.0140806370        0.0141015638        0.0140288122        0.0139025160        0.0150832557        0.0142017126
        1.4698061822        0.0023862077        0.0028791362        0.0029460552        0.0029505982        0.0155889592        0.0163556894        0.0155396759        0.0155729181        0.0154743545        0.0153620133        0.0164565478        0.0156502587
        1.6740997522        0.0028010109        0.0033629782        0.0034262020        0.0034326839        0.0173852849        0.0181714763        0.0173302246        0.0174132834        0.0173087769        0.0171645141        0.0182576862        0.0174711258
        1.8783933223        0.0033042669        0.0039471689        0.0040036610        0.0040115536        0.0196422399        0.0204241699        0.0195857149        0.0196953806        0.0195863488        0.0194215725        0.0204848761        0.0197808743
        2.0826868923        0.0038484279        0.0045715776        0.0046327418        0.0046377611        0.0221820412        0.0229872641        0.0221773949        0.0222313029        0.0221537911        0.0219831201        0.0230012076        0.0223000755
        2.2869804623        0.0044941699        0.0053239308        0.0053960601        0.0053933989        0.0254097103        0.0262724190        0.0254032574        0.0254844676        0.0253506607        0.0252271849        0.0262967716        0.0254729234
        2.4912740324        0.0052488599        0.0062141077        0.0062822910        0.0062808737        0.0295094467        0.0303357161        0.0294159388        0.0295362665        0.0294323266        0.0293399862        0.0303749789        0.0295667779
        2.6955676024        0.0060578410        0.0071661127        0.0072244711        0.0072304122        0.0340005875        0.0347569216        0.0338649691        0.0341060260        0.0338777489        0.0337782964        0.0348130366        0.0340134405
        2.8998611725        0.0070432725        0.0083225317        0.0083631913        0.0083881306        0.0397981076        0.0405621500        0.0395895026        0.0400309259        0.0396398711        0.0394860647        0.0405618372        0.0398309505
        3.1041547425        0.0080523053        0.0095213004        0.0095656712        0.0095900988        0.0460508614        0.0468592673        0.0459147274        0.0462958877        0.0459484278        0.0457221138        0.0467482391        0.0459777414
        3.3084483126        0.0094769412        0.0112225663        0.0112341939        0.0112851715        0.0549391828        0.0558911291        0.0549779185        0.0552907980        0.0552262819        0.0548737990        0.0561024341        0.0548689636
        3.5127418826        0.0112178990        0.0132718185        0.0132628720        0.0132893864        0.0665062794        0.0675036688        0.0668555592        0.0671631459        0.0673451832        0.0668090162        0.0679773963        0.0667902175
        3.7170354527        0.0130825383        0.0156735677        0.0156203185        0.0156218056        0.0811298706        0.0829717167        0.0820096698        0.0828668374        0.0828920356        0.0816688358        0.0834541911        0.0813406237
        3.9213290227        0.0145125459        0.0172682696        0.0173098466        0.0172538191        0.0930692716        0.0950945418        0.0933101159        0.0954186341        0.0952780082        0.0930856947        0.0953451201        0.0930835181
        4.1256225928        0.0162198297        0.0193435520        0.0193902112        0.0192352064        0.1077953397        0.1111512323        0.1074518907        0.1118075331        0.1117051399        0.1074297003        0.1115166959        0.1079822876
        4.3299161628        0.0192712028        0.0225901280        0.0225204994        0.0219863486        0.1332950504        0.1331893818        0.1294183262        0.1373583275        0.1370457680        0.1293782966        0.1337655659        0.1334502605
        4.5342097328        0.0240130998        0.0270017446        0.0275991834        0.0283753689        0.1687583654        0.1735968095        0.1683534977        0.1829638382        0.1823133536        0.1687953504        0.1736437250        0.1690223412
        4.7385033029        0.0276114657        0.0304253890        0.0313245353        0.0328117344        0.2080294192        0.2174723172        0.2049959881        0.2277110765        0.2270383291        0.2050328169        0.2178383885        0.2086705757
        4.9427968729        0.0327242484        0.0348524244        0.0351850905        0.0374636291        0.2846619003        0.2971020860        0.2782536404        0.3122198892        0.3108245204        0.2794702032        0.2980182105        0.2847395462
        5.1470904430        0.0399472931        0.0410835897        0.0444959429        0.0440448106        0.4202349810        0.4548215754        0.4187454164        0.4663304488        0.4665207376        0.4203734431        0.4544319293        0.4213775566
        5.3513840130        0.0384005759        0.0391199955        0.0406752556        0.0408706933        0.3639254038        0.3816962762        0.3295175556        0.3928389139        0.3900918826        0.3284950553        0.3833177419        0.3651674913
        5.5556775831        0.0375397115        0.0377705180        0.0399405648        0.0399779881        0.3424531820        0.3750281326        0.3172044713        0.3875642675        0.3837564315        0.3189840702        0.3734425672        0.3434269569
        5.7599711531        0.0295836941        0.0292462296        0.0301565579        0.0300005871        0.3116819851        0.3437193979        0.2968558396        0.3914116006        0.3874864376        0.2992186049        0.3431625391        0.3122739239
        5.9642647232        0.0468996893        0.0424954616        0.0389671069        0.0398498328        0.4860101467        0.5177234622        0.4789232937        0.5442835383        0.5440631774        0.4850392280        0.5252656155        0.4893466414
        6.1685582932        0.0456791263        0.0401239206        0.0471242808        0.0448461621        0.5477950166        0.4762379105        0.5016636796        0.5633070536        0.5592561659        0.4967730065        0.4733828565        0.5422501458
        6.3728518633        0.0377283853        0.0347226393        0.0403441288        0.0461788488        0.4557287774        0.4456377387        0.4585396657        0.4943561735        0.4947899367        0.4622132821        0.4416400498        0.4564538031
        6.5771454333        0.0309479824        0.0310380046        0.0297198124        0.0373927364        0.3744371343        0.4000536371        0.4160570426        0.3982804629        0.4001540377        0.4190459346        0.4015198439        0.3737221243
        6.7814390033        0.0374789484        0.0416666308        0.0398222720        0.0392401219        0.4569951918        0.5273113919        0.5297986011        0.4406231148        0.4418552208        0.5282120285        0.5377652471        0.4580561283
        6.9857325734        0.0326585416        0.0297271219        0.0340308914        0.0357103751        0.3297921579        0.4091544531        0.3412490404        0.3589595767        0.3617386230        0.3423193399        0.4101942112        0.3278445533
        7.1900261434        0.0364665175        0.0362868280        0.0390813540        0.0473897808        0.3557257236        0.3695702176        0.3000324465        0.3744534398        0.3749657327        0.2999527972        0.3664644704        0.3562646803
        7.3943197135        0.0708242551        0.0592414216        0.0652518176        0.0670301467        0.4761752109        0.5490014785        0.4472142931        0.4943563504        0.4994022242        0.4524570388        0.5482713475        0.4763798102
        7.5986132835        0.0657955425        0.0544295244        0.0673808332        0.0554580858        0.5236028556        0.5078820906        0.4945817808        0.4765543648        0.4717876941        0.4975996353        0.5141749631        0.5264517038
        7.8029068536        0.0623756883        0.0516882743        0.0580920964        0.0520987371        0.4254602514        0.4820627953        0.3995318336        0.4299092437        0.4251613561        0.3978902655        0.4756052900        0.4270662231
        8.0072004236        0.0716449943        0.0780987042        0.0585551804        0.0589987716        0.6175534490        0.5311611836        0.5032964725        0.4176391166        0.4214972864        0.4995231518        0.5315764961        0.6151935983
        8.2114939937        0.0532426131        0.0715019612        0.0659713868        0.0594357582        0.5360471416        0.4676627472        0.4582612689        0.4580150427        0.4513646401        0.4616282591        0.4680755457        0.5376767287
        8.4157875637        0.0711050477        0.0901454840        0.0848559839        0.0688912189        0.6287829382        0.5540019757        0.5929961452        0.6180600923        0.6132199369        0.5919359394        0.5493657611        0.6304694322
        8.6200811338        0.0742538077        0.0946556461        0.0949950303        0.0907108861        0.6455862822        0.6092423639        0.6875507452        0.6362389189        0.6367592640        0.6855492762        0.6097910630        0.6489632803
        8.8243747038        0.0448811340        0.0506020370        0.0586745156        0.0787612289        0.4521839554        0.4227651515        0.5689383303        0.4426682363        0.4457145184        0.5703149401        0.4193144192        0.4520874635
        9.0286682738        0.0191542518        0.0313074103        0.0318290144        0.0388527382        0.2233137166        0.2095036895        0.2978178525        0.2045810288        0.2032904963        0.3018365249        0.2097155429        0.2235017631
        9.2329618439        0.0167878056        0.0225385052        0.0220801881        0.0260619024        0.1609426414        0.1526775963        0.1947298766        0.1677102157        0.1668144208        0.1931333193        0.1505533027        0.1615589016
        9.4372554139        0.0139917405        0.0166917511        0.0167954091        0.0193334648        0.1198810746        0.1130561609        0.1358508132        0.1260481108        0.1264325612        0.1350769055        0.1130187833        0.1199098966
        9.6415489840        0.0131736894        0.0149324592        0.0156961782        0.0173798035        0.1159336352        0.1078356102        0.1238162268        0.1184895545        0.1190428303        0.1242992292        0.1080050465        0.1163192841
        9.8458425540        0.0132136834        0.0147138607        0.0158582339        0.0170064970        0.1273495538        0.1190781932        0.1311145888        0.1292076801        0.1285530197        0.1307241936        0.1187755600        0.1265789071
       10.0501361241        0.0136338440        0.0152446862        0.0166133087        0.0176222359        0.1492424230        0.1408644436        0.1509784739        0.1499468982        0.1500219612        0.1510700247        0.1411748378        0.1484018057
       10.2544296941        0.0148403979        0.0167412292        0.0187012655        0.0196157126        0.1949108395        0.1837280223        0.1958914604        0.1932575348        0.1930592847        0.1947241913        0.1833241066        0.1938794893
       10.4587232642        0.0153343083        0.0177757124        0.0209829665        0.0221508093        0.2455329543        0.2313955368        0.2438219582        0.2376341790        0.2377614570        0.2418153918        0.2301652737        0.2443444850
       10.6630168342        0.0155215557        0.0187055272        0.0220794644        0.0238122073        0.3060000625        0.2844945687        0.2951094894        0.2885474880        0.2875225410        0.2947066548        0.2837850078        0.3052752913
       10.8673104043        0.0196692575        0.0232855006        0.0247028802        0.0239802491        0.3997530835        0.3725015384        0.4029197434        0.3662818567        0.3690284202        0.3985064199        0.3723197160        0.3958000010
       11.0716039743        0.0158153540        0.0189915942        0.0183298197        0.0190330180        0.2902360154        0.2822461559        0.3123261569        0.2880237468        0.2875865308        0.3123476608        0.2821445308        0.2882772507
       11.2758975443        0.0128580352        0.0158868853        0.0163020364        0.0169650975        0.2116863717        0.2079126894        0.2324428200        0.2044657900        0.2064793830        0.2307259817        0.2081207182        0.2088156782
       11.4801911144        0.0101631901        0.0127987916        0.0139277036        0.0144751586        0.1632853101        0.1616918769        0.1833819068        0.1598614554        0.1607708267        0.1836740733        0.1607303085        0.1618584377
       11.6844846844        0.0076810334        0.0103887257        0.0117835603        0.0118348693        0.1241879741        0.1244737813        0.1463931596        0.1296465251        0.1290035759        0.1475112889        0.1220900015        0.1228356049
       11.8887782545        0.0059569311        0.0082628029        0.0092653442        0.0093705758        0.1014051822        0.1007240598        0.1158061636        0.1021977310        0.1030040729        0.1150646890        0.0997961386        0.0992597728
       12.0930718245        0.0040452277        0.0057537140        0.0064293502        0.0066188228        0.0727621750        0.0737434096        0.0813663023        0.0727041785        0.0731064929        0.0811484900        0.0724824693        0.0715965662
       12.2973653946        0.0025182617        0.0036677697        0.0041199800        0.0042675133        0.0501498664        0.0513301224        0.0554313842        0.0492074591        0.0501421183        0.0551072303        0.0503538624        0.0491307906
       12.5016589646        0.0012893159        0.0019127306        0.0021975981        0.0023340264        0.0262981096        0.0276539982        0.0280868269        0.0257236679        0.0264566009        0.0278070533        0.0269826215        0.0253234370
       12.7059525347        0.0006964586        0.0010545725        0.0012114778        0.0012818512        0.0114501672        0.0125678773        0.0116582054        0.0113789607        0.0117340309        0.0115146751        0.0124455281        0.0109319955
       12.9102461047        0.0004217757        0.0006422231        0.0007451717        0.0007821553        0.0067721277        0.0074313848        0.0067443717        0.0067820416        0.0069469440        0.0067000199        0.0074487423        0.0064729523
       13.1145396748        0.0002488333        0.0003830527        0.0004410729        0.0004686753        0.0039842435        0.0044250253        0.0038915046        0.0040288417        0.0040980379        0.0039135463        0.0044070639        0.0038102714
       13.3188332448        0.0001445548        0.0002238564        0.0002644595        0.0002817861        0.0023739947        0.0026242856        0.0022509800        0.0023799238        0.0024322661        0.0023116962        0.0025838109        0.0022416210
       13.5231268148        0.0000865694        0.0001332185        0.0001609296        0.0001742886        0.0014343192        0.0015612144        0.0013309110        0.0014219585        0.0014754555        0.0013864206        0.0015042047        0.0013474953
       13.7274203849        0.0000507969        0.0000783296        0.0000973229        0.0001053724        0.0008512343        0.0009106158        0.0007732954        0.0008427057        0.0008955469        0.0008201950        0.0008446624        0.0007965214
       13.9317139549        0.0000296432        0.0000447788        0.0000567108        0.0000605817        0.0005017602        0.0005174876        0.0004487764        0.0004902970        0.0005199320        0.0004909987        0.0004716370        0.0004841166
       14.1360075250        0.0000184779        0.0000275598        0.0000354251        0.0000385253        0.0003145863        0.0003072899        0.0002724362        0.0003110371        0.0003264261        0.0003077768        0.0002812253        0.0003232700
       14.3403010950        0.0000106308        0.0000171241        0.0000216113        0.0000234188        0.0001900571        0.0001845992        0.0001639777        0.0001947810        0.0001958752        0.0001873921        0.0001707677        0.0001946202
       14.5445946651        0.0000046159        0.0000077756        0.0000103269        0.0000106961        0.0000863994        0.0000887732        0.0000747683        0.0000912058        0.0000871322        0.0000913431        0.0000820306        0.0000841758
       14.7488882351        0.0000016768        0.0000027369        0.0000043439        0.0000043227        0.0000333468        0.0000366590        0.0000286026        0.0000358945        0.0000343492        0.0000389860        0.0000319198        0.0000342696
       14.9531818052        0.0000006289        0.0000011032        0.0000018913        0.0000019889        0.0000149658        0.0000170915        0.0000121205        0.0000153476        0.0000158274        0.0000157311        0.0000127705        0.0000163475
       15.1574753752        0.0000002562        0.0000004633        0.0000007880        0.0000009264        0.0000073730        0.0000078362        0.0000057346        0.0000070235        0.0000069276        0.0000064191        0.0000043212        0.0000083138
       15.3617689453        0.0000001398        0.0000002151        0.0000002977        0.0000004556        0.0000044284        0.0000033832        0.0000031828        0.0000035810        0.0000027607        0.0000028868        0.0000016271        0.0000043842
       15.5660625153        0.0000000833        0.0000001309        0.0000001544        0.0000002845        0.0000029079        0.0000019403        0.0000020644        0.0000022354        0.0000014548        0.0000017046        0.0000008728        0.0000027328
       15.7703560853        0.0000000487        0.0000000861        0.0000001004        0.0000001838        0.0000018748        0.0000012694        0.0000013324        0.0000014539        0.0000009190        0.0000010758        0.0000005239        0.0000017377
       15.9746496554        0.0000000248        0.0000000497        0.0000000574        0.0000001044        0.0000010625        0.0000007298        0.0000007560        0.0000008311        0.0000005103        0.0000005967        0.0000002752        0.0000009713
       16.1789432254        0.0000000099        0.0000000227        0.0000000259        0.0000000469        0.0000004760        0.0000003315        0.0000003391        0.0000003755        0.0000002239        0.0000002616        0.0000001137        0.0000004292
       16.3832367955        0.0000000022        0.0000000058        0.0000000066        0.0000000119        0.0000001202        0.0000000849        0.0000000857        0.0000000956        0.0000000554        0.0000000646        0.0000000263        0.0000001069
       16.5875303655        0.0000000000        0.0000000000        0.0000000000        0.0000000000        0.0000000000        0.0000000000        0.0000000000        0.0000000000        0.0000000000        0.0000000000        0.0000000000        0.0000000000
       16.7918239356        0.0000000000        0.0000000000        0.0000000000        0.0000000000        0.0000000000        0.0000000000        0.0000000000        0.0000000000        0.0000000000        0.0000000000        0.0000000000        0.0000000000
       16.9961175056        0.0000000000        0.0000000000        0.0000000000        0.0000000000        0.0000000000        0.0000000000        0.0000000000        0.0000000000        0.0000000000        0.0000000000        0.0000000000        0.0000000000
       17.2004110757        0.0000000000        0.0000000000        0.0000000000        0.0000000000        0.0000000000        0.0000000000        0.0000000000        0.0000000000        0.0000000000        0.0000000000        0.0000000000        0.0000000000
       17.4047046457        0.0000000000        0.0000000000        0.0000000000        0.0000000000        0.0000000000        0.0000000000        0.0000000000        0.0000000000        0.0000000000        0.0000000000        0.0000000000        0.0000000000
       17.6089982158        0.0000000000        0.0000000000        0.0000000000        0.0000000000        0.0000000000        0.0000000000        0.0000000000        0.0000000000        0.0000000000        0.0000000000        0.0000000000        0.0000000000
       17.8132917858        0.0000000000        0.0000000000        0.0000000000        0.0000000000        0.0000000000        0.0000000000        0.0000000000        0.0000000000        0.0000000000        0.0000000000        0.0000000000        0.0000000000
       18.0175853558        0.0093821501        0.2622600396        0.3985036963        0.1503624751        0.0063695303        0.0069891870        0.0029411221        0.0075317199        0.0075339366        0.0029400127        0.0069993258        0.0063454368
       18.2218789259        0.0087247253        0.3961680015        2.9979130157        0.2660792628        0.0881312020        0.0961105038        0.0078963492        0.0303438659        0.0303519257        0.0078894234        0.0960892306        0.0882181109
       18.4261724959        0.0109353493        1.3903269165        0.4630275480        2.8914272375        0.0480231466        0.1108107369        0.0616780036        0.0524420073        0.0524463705        0.0616501382        0.1108129467        0.0480444295
       18.6304660660        0.0114717542        2.0731814393        1.1514822564        1.4426997163        0.0956412045        0.1869088080        0.0542071355        0.0385883338        0.0385613321        0.0542139463        0.1868556291        0.0957257752
       18.8347596360        0.0045530621        0.1389535867        3.3589145920        0.5514123917        0.1229320974        0.1200315669        0.0176018660        0.0240060748        0.0240156781        0.0176336709        0.1199924914        0.1228497169
       19.0390532061        0.0884187479       10.7705351067        2.5100040208        5.9197364471        0.3661745795        0.4407929821        0.2321052289        0.2656421041        0.2656462113        0.2319249676        0.4409238312        0.3658875233
       19.2433467761        0.0083238137        0.3061734119        0.8614554427        1.3681908120        0.0139080672        0.0257355961        0.0476384300        0.0740194095        0.0740242695        0.0476269297        0.0257347694        0.0139040627
       19.4476403462        0.0352612508        0.4383286890        0.8385514761        0.9357802888        0.0102121177        0.0163284477        0.0469446155        0.0528500037        0.0528483216        0.0469549328        0.0163206801        0.0102171044
       19.6519339162        0.1860578445        5.1969507668        0.6963889254        1.0990213584        0.0425392640        0.0560748689        0.1999257983        0.0485498539        0.0485284802        0.1999490998        0.0561223295        0.0425365359
       19.8562274863        0.0146375187        0.0292312627        0.7089830561        0.6979524427        0.0033900285        0.0140564297        0.0118762550        0.0313937747        0.0313932696        0.0118750868        0.0140564024        0.0033899379
       20.0605210563        0.0262269763        0.0246953439        1.3605237567        1.3496414480        0.0058736994        0.0291169598        0.0165364048        0.0559294292        0.0559256997        0.0165353365        0.0291162486        0.0058737683
       20.2648146263        0.0000000000        0.0000000000        0.0000000000        0.0000000000        0.0000000000        0.0000000000        0.0000000000        0.0000000000        0.0000000000        0.0000000000        0.0000000000        0.0000000000
       20.4691081964        1.2338136534        0.0216622619        0.0017000777        0.0091548537        0.0304982401        0.0012298846        0.0278961572        0.0268644951        0.0268590295        0.0278846738        0.0012304277        0.0304952015
       20.6734017664        0.0000000000        0.0000000000        0.0000000000        0.0000000000        0.0000000000        0.0000000000        0.0000000000        0.0000000000        0.0000000000        0.0000000000        0.0000000000        0.0000000000
       20.8776953365        0.0000000000        0.0000000000        0.0000000000        0.0000000000        0.0000000000        0.0000000000        0.0000000000        0.0000000000        0.0000000000        0.0000000000        0.0000000000        0.0000000000
       21.0819889065        3.4979264182        0.0413639083        0.0117359902        0.0179057895        0.0008870848        0.0014854257        0.0863516230        0.0954303833        0.0954697723        0.0863407174        0.0014818977        0.0008887872
       21.2862824766        0.0000000000        0.0000000000        0.0000000000        0.0000000000        0.0000000000        0.0000000000        0.0000000000        0.0000000000        0.0000000000        0.0000000000        0.0000000000        0.0000000000
       21.4905760466        0.0000000000        0.0000000000        0.0000000000        0.0000000000        0.0000000000        0.0000000000        0.0000000000        0.0000000000        0.0000000000        0.0000000000        0.0000000000        0.0000000000
       21.6948696167        0.0000000000        0.0000000000        0.0000000000        0.0000000000        0.0000000000        0.0000000000        0.0000000000        0.0000000000        0.0000000000        0.0000000000        0.0000000000        0.0000000000
       21.8991631867        2.9284481639        0.1250157056        0.0067736547        0.0029370214        0.0761706300        0.0005961485        0.0191862759        0.0238423292        0.0238378466        0.0191935851        0.0005938708        0.0761757881
       22.1034567568        0.0000000000        0.0000000000        0.0000000000        0.0000000000        0.0000000000        0.0000000000        0.0000000000        0.0000000000        0.0000000000        0.0000000000        0.0000000000        0.0000000000
       22.3077503268        0.0000000000        0.0000000000        0.0000000000        0.0000000000        0.0000000000        0.0000000000        0.0000000000        0.0000000000        0.0000000000        0.0000000000        0.0000000000        0.0000000000
       22.5120438968        0.0000000000        0.0000000000        0.0000000000        0.0000000000        0.0000000000        0.0000000000        0.0000000000        0.0000000000        0.0000000000        0.0000000000        0.0000000000        0.0000000000
       22.7163374669        0.0000000000        0.0000000000        0.0000000000        0.0000000000        0.0000000000        0.0000000000        0.0000000000        0.0000000000        0.0000000000        0.0000000000        0.0000000000        0.0000000000
       22.9206310369        0.0000000000        0.0000000000        0.0000000000        0.0000000000        0.0000000000        0.0000000000        0.0000000000        0.0000000000        0.0000000000        0.0000000000        0.0000000000        0.0000000000
       23.1249246070        0.0000000000        0.0000000000        0.0000000000        0.0000000000        0.0000000000        0.0000000000        0.0000000000        0.0000000000        0.0000000000        0.0000000000        0.0000000000        0.0000000000
       23.3292181770        0.0000000000        0.0000000000        0.0000000000        0.0000000000        0.0000000000        0.0000000000        0.0000000000        0.0000000000        0.0000000000        0.0000000000        0.0000000000        0.0000000000
       23.5335117471        0.0000000000        0.0000000000        0.0000000000        0.0000000000        0.0000000000        0.0000000000        0.0000000000        0.0000000000        0.0000000000        0.0000000000        0.0000000000        0.0000000000
       23.7378053171        0.0000000000        0.0000000000        0.0000000000        0.0000000000        0.0000000000        0.0000000000        0.0000000000        0.0000000000        0.0000000000        0.0000000000        0.0000000000        0.0000000000
       23.9420988872        0.0000000000        0.0000000000        0.0000000000        0.0000000000        0.0000000000        0.0000000000        0.0000000000        0.0000000000        0.0000000000        0.0000000000        0.0000000000        0.0000000000
       24.1463924572        0.0000000000        0.0000000000        0.0000000000        0.0000000000        0.0000000000        0.0000000000        0.0000000000        0.0000000000        0.0000000000        0.0000000000        0.0000000000        0.0000000000
       24.3506860273        0.0000000000        0.0000000000        0.0000000000        0.0000000000        0.0000000000        0.0000000000        0.0000000000        0.0000000000        0.0000000000        0.0000000000        0.0000000000        0.0000000000
       24.5549795973        0.0000000000        0.0000000000        0.0000000000        0.0000000000        0.0000000000        0.0000000000        0.0000000000        0.0000000000        0.0000000000        0.0000000000        0.0000000000        0.0000000000
       24.7592731673        0.0000000000        0.0000000000        0.0000000000        0.0000000000        0.0000000000        0.0000000000        0.0000000000        0.0000000000        0.0000000000        0.0000000000        0.0000000000        0.0000000000
       24.9635667374        0.0000000000        0.0000000000        0.0000000000        0.0000000000        0.0000000000        0.0000000000        0.0000000000        0.0000000000        0.0000000000        0.0000000000        0.0000000000        0.0000000000
       25.1678603074        0.0000000000        0.0000000000        0.0000000000        0.0000000000        0.0000000000        0.0000000000        0.0000000000        0.0000000000        0.0000000000        0.0000000000        0.0000000000        0.0000000000
       25.3721538775        0.0000000000        0.0000000000        0.0000000000        0.0000000000        0.0000000000        0.0000000000        0.0000000000        0.0000000000        0.0000000000        0.0000000000        0.0000000000        0.0000000000
