56   
14   

1    
  0.0086531574024411  -0.0050122714170702   0.0000014866740787
  -0.2033804700    0.0531790000    0.1706851400
  -0.0013278100   -0.0006297800    0.0074939100
  -0.0015987100   -0.0001620400    0.0053701700
  -0.0031154400   -0.0015671500    0.0072091100
   0.0000713500    0.0006241300   -0.0003959200
   0.0027424800   -0.0009338300   -0.0048500400
   0.0016263400    0.0009923500   -0.0028778100
   0.0002159200   -0.0001051800   -0.0002634200
   0.0696352700   -0.0215639800   -0.0965064900
   0.0011811300   -0.0007089500   -0.0020687900
  -0.0005600200    0.0004140300   -0.0017284900
  -0.0010524700   -0.0011711100   -0.0023399900
  -0.0023485000    0.0001584900    0.0015588100
  -0.0021667700   -0.0010230800    0.0065596300
  -0.0023739800    0.0006954900    0.0045654500
  -0.0018919700   -0.0000035500    0.0016265000
   0.0018987000   -0.0000079200   -0.0011833400
   0.0014271200    0.0007078600    0.0017449200
   0.0016485700   -0.0010388800    0.0037370500
   0.0014219900    0.0001679000   -0.0012423000
   0.0027330200   -0.0011748000   -0.0051276900
   0.0032182200    0.0004050500   -0.0045314700
   0.0049397200   -0.0006881800   -0.0048444000
   0.0724915900   -0.0208766200   -0.1001071800
   0.0222322000    0.0009621100    0.0118519900
   0.0035985400   -0.0041291500   -0.0027573800
   0.0018022900    0.0014683800   -0.0013741300
   0.0006842700    0.0000953100   -0.0033342400
   0.0006374500   -0.0000090900   -0.0033277700
   0.0006698500    0.0000726900   -0.0038302300
   0.0006744800    0.0000412300   -0.0033542400
   0.0004300500   -0.0000067400   -0.0040253400
   0.0020610400    0.0001012500    0.0039312500
   0.0015453100   -0.0030820700    0.0029233900
   0.0005980300    0.0034178100    0.0024567900
   0.0054030700   -0.0008281900    0.0010272400
   0.0022012600    0.0001332400    0.0040947800
   0.0020872200   -0.0001207800    0.0040571300
   0.0018898800    0.0001720300    0.0040714100
   0.0041942200   -0.0010247400    0.0020807800
  -0.0002019900   -0.0010441800   -0.0061361400
  -0.0025259700    0.0001747400   -0.0041912300
  -0.0023244300   -0.0001225900   -0.0042204400
  -0.0022062700    0.0001358600   -0.0041829600
   0.0010322300   -0.0007794800   -0.0072898300
  -0.0038092300    0.0034529400   -0.0058594700
  -0.0028711600   -0.0030884300   -0.0053574600
  -0.0023515500    0.0000899300   -0.0043503700
  -0.0009500900   -0.0000064100    0.0028547400
  -0.0006969800    0.0000408500    0.0035336400
  -0.0007003800    0.0000756000    0.0030484300
  -0.0007406400   -0.0000076000    0.0035611200
  -0.0006788200    0.0001064500    0.0035559100
   0.0004160900    0.0014605900    0.0055371100
   0.0022611100   -0.0042601900    0.0041260800
   0.0202036300    0.0008193800    0.0183960800

1    
 -0.0047091756874236   0.0000000000000000   0.0088217721771183
   0.2850135700    0.0000000000   -0.7418939000
   0.0073562300   -0.0017423000   -0.0149584900
   0.0073562300    0.0017423000   -0.0149584900
   0.0090485600    0.0000000000   -0.0215153900
  -0.0004433300    0.0000000000    0.0046780200
  -0.0051290200    0.0022599800    0.0089243700
  -0.0051290200   -0.0022599800    0.0089243700
  -0.0003862500    0.0000000000    0.0007499900
  -0.1466398300    0.0000000000    0.3872799300
  -0.0041824800   -0.0009274600    0.0109940300
  -0.0041824800    0.0009274600    0.0109940300
  -0.0050455200    0.0000000000    0.0125396500
   0.0004066100    0.0000000000   -0.0035231800
  -0.0010620000    0.0015780300   -0.0079852500
  -0.0010620000   -0.0015780300   -0.0079852500
  -0.0017671300    0.0000000000    0.0008024700
   0.0020270600    0.0000000000   -0.0019896300
   0.0027313100   -0.0015706300   -0.0108041800
   0.0027313100    0.0015706300   -0.0108041800
   0.0042154700    0.0000000000   -0.0063451900
  -0.0012671200    0.0000000000    0.0097474200
  -0.0004163300    0.0009078300    0.0081764500
  -0.0004163300   -0.0009078300    0.0081764500
  -0.1342548500    0.0000000000    0.3580413600
   0.0041480500    0.0000000000   -0.0184439500
  -0.0027726000    0.0068040000   -0.0079532500
  -0.0027726000   -0.0068040000   -0.0079532500
   0.0002202800    0.0000000000   -0.0039975100
   0.0008626700    0.0000000000   -0.0037780700
   0.0007454900   -0.0001898700   -0.0027427500
   0.0007454900    0.0001898700   -0.0027427500
   0.0011841200    0.0000000000   -0.0022998400
   0.0020808800    0.0000000000    0.0045544800
   0.0069666300    0.0084113100    0.0082538900
   0.0069666300   -0.0084113100    0.0082538900
  -0.0064891500    0.0000000000    0.0123132700
   0.0022106900    0.0000000000    0.0043221100
   0.0025284100    0.0000932700    0.0043231200
   0.0025284100   -0.0000932700    0.0043231200
  -0.0008268700    0.0000000000    0.0154830600
  -0.0051947300    0.0000000000    0.0072801500
  -0.0018853100   -0.0000841700   -0.0039583700
  -0.0018853100    0.0000841700   -0.0039583700
  -0.0022004300    0.0000000000   -0.0039566500
  -0.0108102000    0.0000000000    0.0040134900
   0.0025102100   -0.0083581100   -0.0000571100
   0.0025102100    0.0083581100   -0.0000571100
  -0.0023258000    0.0000000000   -0.0037290600
  -0.0001927000    0.0000000000    0.0045727700
  -0.0006273500    0.0001954900    0.0041368800
  -0.0006273500   -0.0001954900    0.0041368800
  -0.0005205100    0.0000000000    0.0031025400
  -0.0011504400    0.0000000000    0.0028907700
  -0.0041133900   -0.0067451300   -0.0010171700
  -0.0041133900    0.0067451300   -0.0010171700
   0.0027973100    0.0000000000   -0.0115634100

9    
  0.0086531574024411  -0.0050122714170702   0.0000014866740787
   0.0705525300   -0.0208735900   -0.0998058700
   0.0024934300   -0.0016292100   -0.0003553700
   0.0018637100    0.0013484500   -0.0017574700
   0.0008322900   -0.0011724300   -0.0026262100
  -0.0004596800    0.0001632900    0.0020138900
   0.0001408000   -0.0003516800   -0.0000131800
  -0.0008635900    0.0000216200    0.0012410300
   0.0000046400   -0.0000054900    0.0001255200
  -0.0934251000    0.0369036700    0.1260090200
   0.0055349000   -0.0044766100    0.0032870900
   0.0010625300    0.0032366100    0.0029846700
  -0.0034491400   -0.0049040300    0.0028179300
  -0.0008739100   -0.0001338200   -0.0006609300
  -0.0026263800    0.0007840000    0.0010352100
  -0.0018078400   -0.0006198800   -0.0000088700
  -0.0018385500    0.0000569300    0.0015581700
   0.0018200200    0.0000451300   -0.0016557400
   0.0015691000    0.0001860700   -0.0023836000
   0.0021361000   -0.0007929200    0.0002183800
   0.0030427500   -0.0000604200   -0.0058150700
   0.0019032900    0.0013298100    0.0002599000
   0.0026704300    0.0003477100   -0.0005926000
   0.0032125200   -0.0005720400   -0.0014223000
  -0.0048194300    0.0091313900   -0.0215306700
  -0.0020445600   -0.0014762700   -0.0032163700
   0.0070127900   -0.0089503200   -0.0033411600
   0.0032053900   -0.0042408400   -0.0035480100
  -0.0002291500   -0.0000132300   -0.0033993800
   0.0011231500   -0.0002705500   -0.0033484300
   0.0001406900    0.0000402900   -0.0034632500
   0.0005635600   -0.0001205300   -0.0034551800
   0.0010997000    0.0002454900   -0.0031399800
   0.0021743900    0.0001324400    0.0044282900
   0.0056097200   -0.0014849900    0.0052000200
   0.0028993100    0.0017083100    0.0041539000
   0.0034616500   -0.0020804500    0.0061353300
   0.0019860300   -0.0002424700    0.0039733600
   0.0024128000    0.0001299700    0.0040313700
   0.0027191700   -0.0001091300    0.0038707100
   0.0010487700    0.0006981700    0.0063569500
   0.0026587100   -0.0023852700   -0.0053176100
  -0.0029019100    0.0003887300   -0.0038982500
  -0.0025626100   -0.0003318300   -0.0039428900
  -0.0020186800    0.0002768000   -0.0039470100
  -0.0038100100    0.0003349300   -0.0031334000
  -0.0008892500   -0.0018116900   -0.0042912500
  -0.0014284700    0.0016152600   -0.0041014300
  -0.0022695400   -0.0001155600   -0.0043780200
  -0.0010623800   -0.0002967000    0.0030657300
  -0.0004748600    0.0003683900    0.0038247900
  -0.0001544600   -0.0002973400    0.0039037000
  -0.0011202800    0.0002744500    0.0034440500
  -0.0005508300    0.0001390600    0.0031413900
  -0.0013378800   -0.0007737400    0.0019511700
  -0.0024629000    0.0017921100    0.0028925000
  -0.0014734600   -0.0011060600   -0.0033745700

9    
 -0.0086531574024411   0.0050122714170702  -0.0000014866740787
  -0.0715830800    0.0215699800    0.0995406200
  -0.0025375700    0.0016492900    0.0004247900
  -0.0018840100   -0.0013516900    0.0017938700
  -0.0008475200    0.0011735200    0.0026635400
   0.0004673000   -0.0001630300   -0.0020244700
  -0.0001318000    0.0003480100   -0.0000042800
   0.0008718000   -0.0000194000   -0.0012570900
  -0.0000024200    0.0000059900   -0.0001317600
   0.0912124700   -0.0382794100   -0.1229174600
  -0.0092904000    0.0044683400   -0.0005090200
  -0.0048343000   -0.0032307800   -0.0002080500
  -0.0003244800    0.0048887500   -0.0000436600
  -0.0029236900    0.0001335500    0.0034789700
  -0.0011664500   -0.0007880700    0.0018023800
  -0.0019827200    0.0006258300    0.0028487900
  -0.0019526500   -0.0000583000    0.0012537300
   0.0019678100   -0.0000437800   -0.0011448100
   0.0022192400   -0.0001895800   -0.0004257800
   0.0016470900    0.0007958800   -0.0030062100
   0.0007322000    0.0000602400    0.0030408200
   0.0018831000   -0.0013231700   -0.0030799100
   0.0011061100   -0.0003631100   -0.0022290700
   0.0005635400    0.0005899400   -0.0014504900
   0.0084118000   -0.0089965400    0.0186787500
   0.0036137900    0.0014546100   -0.0037129300
  -0.0058895700    0.0095597500   -0.0036982600
  -0.0017977800    0.0043103400   -0.0033279700
   0.0016121100    0.0000224300   -0.0034866900
   0.0002495900    0.0002671200   -0.0035401800
   0.0012320100   -0.0000377600   -0.0034263400
   0.0008133500    0.0001177700   -0.0034335200
   0.0002700500   -0.0002428000   -0.0037495800
   0.0022325600   -0.0001402400    0.0038453400
  -0.0011873300    0.0014875100    0.0030703600
   0.0016149100   -0.0018410000    0.0041732000
   0.0005638900    0.0020752700    0.0023013900
   0.0024233100    0.0002400800    0.0043057100
   0.0019941200   -0.0001279400    0.0042470300
   0.0016901000    0.0001073400    0.0044129800
   0.0033610800   -0.0006926400    0.0018773500
  -0.0070367200    0.0023553000   -0.0029644200
  -0.0015073600   -0.0003892600   -0.0043901900
  -0.0018417300    0.0003326200   -0.0043382500
  -0.0023917800   -0.0002752100   -0.0043343200
  -0.0005618300   -0.0003398600   -0.0051674300
  -0.0035428600    0.0018387000   -0.0039909000
  -0.0029989400   -0.0016390300   -0.0041818000
  -0.0021352900    0.0001198100   -0.0038994300
  -0.0003081400    0.0002934500    0.0038214500
  -0.0009017300   -0.0003675800    0.0030551200
  -0.0012187400    0.0002973800    0.0029795800
  -0.0002520600   -0.0002716300    0.0034431300
  -0.0008221800   -0.0001468800    0.0037501500
  -0.0000285900    0.0007995700    0.0049574700
   0.0010867400   -0.0018018700    0.0040464400
   0.0000436200    0.0011322100    0.0102613300

9    
 -0.0047091756874236   0.0000000000000000   0.0088217721771183
  -0.1347210700    0.0000000000    0.3601845000
  -0.0045347100    0.0010964900    0.0083407400
  -0.0045347100   -0.0010964900    0.0083407400
  -0.0042358800    0.0000000000    0.0104785200
   0.0004172000    0.0000000000   -0.0059416800
   0.0044205400   -0.0016493600   -0.0074533800
   0.0044205400    0.0016493600   -0.0074533800
   0.0002232700    0.0000000000   -0.0005418400
   0.1710685200    0.0000000000   -0.4561038100
  -0.0029507700    0.0018293200   -0.0051239000
  -0.0029507700   -0.0018293200   -0.0051239000
   0.0004000600    0.0000000000   -0.0053873400
  -0.0045564100    0.0000000000    0.0084505900
  -0.0026566500   -0.0012867900    0.0088773500
  -0.0026566500    0.0012867900    0.0088773500
  -0.0017738800    0.0000000000    0.0018040200
   0.0016761600    0.0000000000   -0.0012194200
   0.0022562600    0.0020183100    0.0061683100
   0.0022562600   -0.0020183100    0.0061683100
  -0.0032509500    0.0000000000    0.0076350600
   0.0035883200    0.0000000000   -0.0074895100
   0.0017566800   -0.0009581800   -0.0060417100
   0.0017566800    0.0009581800   -0.0060417100
  -0.0149393100    0.0000000000    0.0540259900
   0.0009221300    0.0000000000    0.0033124100
   0.0010056500   -0.0020550200    0.0000353600
   0.0010056500    0.0020550200    0.0000353600
   0.0010105900    0.0000000000   -0.0030565800
   0.0003474800    0.0000000000   -0.0035131500
   0.0006819200    0.0000023500   -0.0040915000
   0.0006819200   -0.0000023500   -0.0040915000
   0.0003370300    0.0000000000   -0.0043286600
   0.0023868100    0.0000000000    0.0041944600
  -0.0015988600   -0.0035740700    0.0047538700
  -0.0015988600    0.0035740700    0.0047538700
   0.0023712400    0.0000000000    0.0067737200
   0.0021755400    0.0000000000    0.0039569100
   0.0019711700   -0.0001995400    0.0036542600
   0.0019711700    0.0001995400    0.0036542600
   0.0031846400    0.0000000000   -0.0048534300
  -0.0044089700    0.0000000000    0.0106067000
  -0.0020676400   -0.0003773100   -0.0037951400
  -0.0020676400    0.0003773100   -0.0037951400
  -0.0021576500    0.0000000000   -0.0039451900
   0.0044632000    0.0000000000   -0.0086488700
  -0.0055011900    0.0051477900   -0.0053246100
  -0.0055011900   -0.0051477900   -0.0053246100
  -0.0024008300    0.0000000000   -0.0045953600
  -0.0012957300    0.0000000000    0.0027922100
  -0.0007561800   -0.0008150600    0.0024688800
  -0.0007561800    0.0008150600    0.0024688800
  -0.0005155300    0.0000000000    0.0038200000
  -0.0001663300    0.0000000000    0.0036946700
   0.0013074000    0.0046157500    0.0074029700
   0.0013074000   -0.0046157500    0.0074029700
  -0.0068169100    0.0000000000    0.0081520500

9    
  0.0047091756874236   0.0000000000000000  -0.0088217721771183
   0.1433913100    0.0000000000   -0.3866081200
   0.0045719300   -0.0011055900   -0.0084250800
   0.0045719300    0.0011055900   -0.0084250800
   0.0042941600    0.0000000000   -0.0106198400
  -0.0004114700    0.0000000000    0.0059550600
  -0.0044463900    0.0016582200    0.0074974900
  -0.0044463900   -0.0016582200    0.0074974900
  -0.0002257000    0.0000000000    0.0005456200
  -0.1836187300    0.0000000000    0.4853206400
  -0.0008682900   -0.0018316200    0.0079621200
  -0.0008682900    0.0018316200    0.0079621200
  -0.0042033600    0.0000000000    0.0082356200
   0.0007926400    0.0000000000   -0.0056776000
  -0.0011450800    0.0013143000   -0.0061247900
  -0.0011450800   -0.0013143000   -0.0061247900
  -0.0020132800    0.0000000000    0.0009924800
   0.0021104600    0.0000000000   -0.0015818200
   0.0015584600   -0.0020126200   -0.0090226100
   0.0015584600    0.0020126200   -0.0090226100
   0.0070271300    0.0000000000   -0.0104520200
   0.0001745400    0.0000000000    0.0047820100
   0.0020441800    0.0009679200    0.0033182700
   0.0020441800   -0.0009679200    0.0033182700
   0.0189646700    0.0000000000   -0.0578208300
   0.0005240300    0.0000000000   -0.0102769200
   0.0003762200    0.0020214800   -0.0069344500
   0.0003762200   -0.0020214800   -0.0069344500
   0.0003647500    0.0000000000   -0.0038301400
   0.0010271300    0.0000000000   -0.0033742600
   0.0006901600   -0.0000089900   -0.0027851500
   0.0006901600    0.0000089900   -0.0027851500
   0.0010441800    0.0000000000   -0.0025451200
   0.0020232400    0.0000000000    0.0040968300
   0.0060382100    0.0036169100    0.0035812500
   0.0060382100   -0.0036169100    0.0035812500
   0.0015562700    0.0000000000    0.0017005000
   0.0022333600    0.0000000000    0.0043154800
   0.0024395500    0.0002002000    0.0046171100
   0.0024395500   -0.0002002000    0.0046171100
   0.0012287100    0.0000000000    0.0132018400
   0.0001024200    0.0000000000   -0.0178853200
  -0.0023351800    0.0003742700   -0.0044760400
  -0.0023351800   -0.0003742700   -0.0044760400
  -0.0022532500    0.0000000000   -0.0043257500
  -0.0089297800    0.0000000000    0.0003742500
   0.0011114700   -0.0051742100   -0.0029803600
   0.0011114700    0.0051742100   -0.0029803600
  -0.0020082300    0.0000000000   -0.0036908500
  -0.0000798200    0.0000000000    0.0040973400
  -0.0006139200    0.0008098600    0.0044086600
  -0.0006139200   -0.0008098600    0.0044086600
  -0.0008577000    0.0000000000    0.0030700500
  -0.0012124800    0.0000000000    0.0031842300
  -0.0026751000   -0.0046244100   -0.0005543000
  -0.0026751000    0.0046244100   -0.0005543000
   0.0054623200    0.0000000000   -0.0013476300

25   
  0.0086531574024411  -0.0050122714170702   0.0000014866740787
   0.0209022800    0.0008323500    0.0145622400
   0.0036752200   -0.0030028100   -0.0052415200
   0.0003760200    0.0002003300    0.0006779400
   0.0000052300    0.0001001500   -0.0004631300
  -0.0000509700   -0.0000081700    0.0001399800
  -0.0000221100    0.0000600000    0.0001533000
  -0.0000035200    0.0000545700   -0.0000547100
  -0.0002597900   -0.0000068600    0.0003458800
  -0.0048018300   -0.0014479700    0.0000694300
   0.0041502300   -0.0104714700    0.0060822600
   0.0011278800   -0.0033912500    0.0021629300
  -0.0028215700   -0.0000200600    0.0012259000
  -0.0014579100   -0.0002693900    0.0012984600
  -0.0022779900    0.0003240900    0.0011982600
  -0.0021856200   -0.0004035500    0.0012536800
  -0.0014817100    0.0002450500    0.0012812100
   0.0015198200   -0.0002962600   -0.0022044900
   0.0020756300    0.0003110700   -0.0009210800
   0.0024617400   -0.0002405800   -0.0016349200
   0.0014606200    0.0002737900   -0.0014621900
   0.0020288500    0.0001432000   -0.0008087900
   0.0014278200   -0.0004585300   -0.0023228800
  -0.0000719300    0.0014933600    0.0021092100
   0.0011204300   -0.0011080900   -0.0077954900
  -0.0384441100    0.0267219400   -0.0147224900
   0.0026159500   -0.0013130900   -0.0030744800
   0.0011672600    0.0012031500   -0.0035879500
   0.0004227200   -0.0010054500   -0.0032872200
   0.0007385300    0.0001683100   -0.0035441500
   0.0006275000   -0.0002216700   -0.0033379300
   0.0003817000    0.0002041600   -0.0035517500
   0.0010775300   -0.0001757800   -0.0032605600
   0.0105569900    0.0014733200    0.0102704300
   0.0046115000   -0.0067955000   -0.0004334600
   0.0002756900    0.0013625200    0.0040083200
   0.0035841300   -0.0007562100    0.0039341100
   0.0020372400    0.0000956200    0.0040508500
   0.0023152200   -0.0001538900    0.0041401300
   0.0022744700    0.0001608200    0.0032722300
   0.0019122900   -0.0001216700    0.0052427100
  -0.0020140700    0.0001705200   -0.0051291300
  -0.0021213100   -0.0004547900   -0.0029179500
  -0.0024837300    0.0001538300   -0.0042297000
  -0.0020296200   -0.0001036400   -0.0040449700
  -0.0037127700    0.0008865300   -0.0050771200
  -0.0011027300   -0.0009318900   -0.0042365300
  -0.0018751200    0.0010838200   -0.0039078000
  -0.0026737100   -0.0006605000   -0.0044286200
  -0.0010509500    0.0002335300    0.0033680100
  -0.0003642800   -0.0002216900    0.0035441300
  -0.0006200700    0.0002212000    0.0033549300
  -0.0007374600   -0.0001869100    0.0035537200
   0.0010241900    0.0008776200    0.0024889400
  -0.0011497300   -0.0037860400    0.0063981200
  -0.0032996800   -0.0000853700    0.0017962300
   0.0011595800   -0.0009557600    0.0036974800

25   
 -0.0086531574024411   0.0050122714170702  -0.0000014866740787
  -0.0215343000   -0.0009494400   -0.0148996900
  -0.0036435300    0.0028700500    0.0053075800
  -0.0003851200   -0.0002119100   -0.0006702500
   0.0000001000   -0.0001014400    0.0004455600
   0.0000514100    0.0000086300   -0.0001398000
   0.0000231800   -0.0000620800   -0.0001567800
   0.0000038900   -0.0000536900    0.0000518200
   0.0002603200    0.0000065000   -0.0003478200
   0.0008475400    0.0014832100    0.0027142500
  -0.0076768600    0.0098800000   -0.0031821700
  -0.0049425200    0.0033172600    0.0006219900
  -0.0009800400    0.0000160000    0.0015756400
  -0.0023297500    0.0002682700    0.0014956900
  -0.0015164300   -0.0003223400    0.0016207600
  -0.0016068400    0.0004030100    0.0015669200
  -0.0023102300   -0.0002434900    0.0015285200
   0.0022736000    0.0002938600   -0.0006074400
   0.0017154400   -0.0003101000   -0.0018971900
   0.0013311500    0.0002394200   -0.0011768300
   0.0023268300   -0.0002719800   -0.0013325900
   0.0017566700   -0.0001427100   -0.0019780500
   0.0023619000    0.0004648900   -0.0004861900
   0.0038480100   -0.0014509900   -0.0049365700
   0.0026473500    0.0011302100    0.0050415300
   0.0402766800   -0.0261002600    0.0078832900
  -0.0012453800    0.0012972000   -0.0038154600
   0.0002036600   -0.0011887600   -0.0033022000
   0.0009651700    0.0010018600   -0.0035994600
   0.0006343400   -0.0001685400   -0.0033439800
   0.0007474900    0.0002205200   -0.0035492400
   0.0009937300   -0.0002031300   -0.0033355100
   0.0002969400    0.0001759900   -0.0036264200
  -0.0060599900   -0.0014383800   -0.0018902400
  -0.0002236900    0.0068783000    0.0087967800
   0.0041560500   -0.0013157700    0.0042457100
   0.0008266400    0.0007535500    0.0043288800
   0.0023718700   -0.0000958600    0.0042248500
   0.0020942600    0.0001534100    0.0041412200
   0.0021351500   -0.0001596200    0.0050027300
   0.0024993800    0.0001232100    0.0030347600
  -0.0023948600   -0.0001719500   -0.0031495700
  -0.0022908900    0.0004544300   -0.0053573600
  -0.0019269600   -0.0001569000   -0.0040535300
  -0.0023790500    0.0001039500   -0.0042297700
  -0.0006980700   -0.0008807000   -0.0031905300
  -0.0033058300    0.0009286900   -0.0040424900
  -0.0025390000   -0.0010822200   -0.0043679300
  -0.0017339700    0.0006563200   -0.0038504700
  -0.0003237400   -0.0002335300    0.0035156600
  -0.0010110900    0.0002205100    0.0033439600
  -0.0007552200   -0.0002197800    0.0035323300
  -0.0006352800    0.0001868500    0.0033351100
  -0.0023843800   -0.0008667800    0.0043835500
  -0.0002012600    0.0037935300    0.0004609100
   0.0019201500    0.0001172900    0.0051101900
  -0.0025346200    0.0009554100    0.0032053200

25   
 -0.0047091756874236   0.0000000000000000   0.0088217721771183
   0.0039533000    0.0000000000   -0.0147614500
   0.0003025000    0.0020582700   -0.0024235900
   0.0003025000   -0.0020582700   -0.0024235900
   0.0001128000    0.0000000000   -0.0002486600
   0.0001485500    0.0000000000   -0.0003490200
  -0.0001503300    0.0004268400    0.0005983200
  -0.0001503300   -0.0004268400    0.0005983200
  -0.0004593000    0.0000000000    0.0006353500
  -0.0001756500    0.0000000000    0.0090700100
  -0.0043081900    0.0016261700    0.0034228900
  -0.0043081900   -0.0016261700    0.0034228900
  -0.0013521500    0.0000000000    0.0019134900
  -0.0020344800    0.0000000000    0.0014320500
  -0.0017280000   -0.0001915600    0.0008318100
  -0.0017280000    0.0001915600    0.0008318100
  -0.0018097500    0.0000000000    0.0007346900
   0.0017151000    0.0000000000   -0.0018269600
   0.0021314000   -0.0000838900   -0.0022264500
   0.0021314000    0.0000838900   -0.0022264500
   0.0021317800    0.0000000000   -0.0009844700
   0.0015125700    0.0000000000   -0.0016329300
   0.0014925600    0.0013241300    0.0012753300
   0.0014925600   -0.0013241300    0.0012753300
  -0.0046526500    0.0000000000    0.0031084600
   0.0106898800    0.0000000000   -0.0160948900
   0.0001455100    0.0002250800   -0.0036200000
   0.0001455100   -0.0002250800   -0.0036200000
   0.0009974100    0.0000000000   -0.0034548500
   0.0005557800    0.0000000000   -0.0034001700
   0.0007868100   -0.0000732500   -0.0033676100
   0.0007868100    0.0000732500   -0.0033676100
   0.0006611900    0.0000000000   -0.0033799400
   0.0038612100    0.0000000000    0.0019033100
  -0.0005787900    0.0064313500    0.0062753100
  -0.0005787900   -0.0064313500    0.0062753100
   0.0016037400    0.0000000000    0.0037862700
   0.0022410200    0.0000000000    0.0043603900
   0.0021772600   -0.0000246300    0.0044530700
   0.0021772600    0.0000246300    0.0044530700
   0.0024663800    0.0000000000    0.0041809800
  -0.0029160700    0.0000000000   -0.0038479000
  -0.0017424900   -0.0007361900   -0.0041459600
  -0.0017424900    0.0007361900   -0.0041459600
  -0.0022015900    0.0000000000   -0.0044546800
  -0.0022753200    0.0000000000   -0.0010970800
  -0.0023891900    0.0001057200   -0.0037455400
  -0.0023891900   -0.0001057200   -0.0037455400
  -0.0019782800    0.0000000000   -0.0036046000
  -0.0005631600    0.0000000000    0.0040451000
  -0.0007889800   -0.0000466600    0.0033693000
  -0.0007889800    0.0000466600    0.0033693000
  -0.0005466200    0.0000000000    0.0033084300
  -0.0025662600    0.0000000000    0.0045240100
   0.0008107000   -0.0030597800    0.0055746900
   0.0008107000    0.0030597800    0.0055746900
  -0.0014409600    0.0000000000    0.0035919700

25   
  0.0047091756874236   0.0000000000000000  -0.0088217721771183
  -0.0037933900    0.0000000000    0.0148173400
  -0.0003204300   -0.0021110600    0.0025396900
  -0.0003204300    0.0021110600    0.0025396900
  -0.0001106400    0.0000000000    0.0002433800
  -0.0001454300    0.0000000000    0.0003510500
   0.0001429000   -0.0004154300   -0.0005769700
   0.0001429000    0.0004154300   -0.0005769700
   0.0004517900    0.0000000000   -0.0006233500
  -0.0037565500    0.0000000000   -0.0062289300
   0.0004961700   -0.0015777300   -0.0006480200
   0.0004961700    0.0015777300   -0.0006480200
  -0.0024404200    0.0000000000    0.0008964800
  -0.0017539800    0.0000000000    0.0013594200
  -0.0020614000    0.0001904600    0.0019503500
  -0.0020614000   -0.0001904600    0.0019503500
  -0.0019789900    0.0000000000    0.0020494700
   0.0020733300    0.0000000000   -0.0009766400
   0.0016713300    0.0000797400   -0.0006021600
   0.0016713300   -0.0000797400   -0.0006021600
   0.0016580800    0.0000000000   -0.0018052000
   0.0022789400    0.0000000000   -0.0011714700
   0.0022916200   -0.0013588600   -0.0041285700
   0.0022916200    0.0013588600   -0.0041285700
   0.0084204800    0.0000000000   -0.0059525500
  -0.0091096000    0.0000000000    0.0092126300
   0.0012266700   -0.0002327200   -0.0032685400
   0.0012266700    0.0002327200   -0.0032685400
   0.0003840800    0.0000000000   -0.0034343300
   0.0008174800    0.0000000000   -0.0034878700
   0.0005901700    0.0000719700   -0.0035181100
   0.0005901700   -0.0000719700   -0.0035181100
   0.0007136900    0.0000000000   -0.0035056700
   0.0004961500    0.0000000000    0.0063341200
   0.0049591100   -0.0063525500    0.0019937900
   0.0049591100    0.0063525500    0.0019937900
   0.0028068300    0.0000000000    0.0044772700
   0.0021698900    0.0000000000    0.0039193400
   0.0022306900    0.0000248200    0.0038276900
   0.0022306900   -0.0000248200    0.0038276900
   0.0019417600    0.0000000000    0.0041028000
  -0.0015207600    0.0000000000   -0.0044237900
  -0.0026581800    0.0007245500   -0.0041313100
  -0.0026581800   -0.0007245500   -0.0041313100
  -0.0022084400    0.0000000000   -0.0038268900
  -0.0021308100    0.0000000000   -0.0072525500
  -0.0020186500   -0.0001113400   -0.0045261500
  -0.0020186500    0.0001113400   -0.0045261500
  -0.0024326600    0.0000000000   -0.0046713500
  -0.0008088000    0.0000000000    0.0028595900
  -0.0005878000    0.0000455700    0.0035163400
  -0.0005878000   -0.0000455700    0.0035163400
  -0.0008260700    0.0000000000    0.0035781500
   0.0012205900    0.0000000000    0.0023520500
  -0.0022042200    0.0030748800    0.0013241900
  -0.0022042200   -0.0030748800    0.0013241900
   0.0000674700    0.0000000000    0.0033031100

33   
  0.0086531574024411  -0.0050122714170702   0.0000014866740787
  -0.0001435100    0.0000972900   -0.0001998100
   0.0007479900   -0.0006381000    0.0003004900
  -0.0030427700    0.0009980100    0.0078096700
   0.0032507300   -0.0008069400   -0.0067652300
  -0.0000028000    0.0001351200    0.0000049700
  -0.0001329100   -0.0001461500    0.0001948700
  -0.0003057200    0.0001962300    0.0002105400
   0.0019991200   -0.0010351000   -0.0018869200
  -0.0019239800    0.0001375300    0.0015669500
   0.0010681900   -0.0022347800    0.0012790400
  -0.0008825000    0.0026061200   -0.0038621400
  -0.0002649000   -0.0020880700    0.0024954700
  -0.0021127800   -0.0002409400    0.0012503400
  -0.0016032500    0.0002733200    0.0014484300
  -0.0014654200   -0.0002520800    0.0012919800
  -0.0030568400    0.0006955300    0.0017501100
   0.0067499200   -0.0023672100   -0.0010726200
   0.0011621400    0.0003205700   -0.0014664100
   0.0015764200   -0.0002635400   -0.0016625700
   0.0020806500    0.0002740800   -0.0012505900
   0.0002631300    0.0003401700    0.0042903800
   0.0039515200   -0.0005702200   -0.0064659300
   0.0019570600    0.0003694300   -0.0016969800
   0.0018282700   -0.0001188200   -0.0016293000
   0.0089519000    0.0014408200    0.0025896100
   0.0033052900   -0.0065497400   -0.0084444900
  -0.0014551800    0.0009916600   -0.0036509500
   0.0020666500   -0.0007533900   -0.0033037000
   0.0005192500    0.0000944100   -0.0034980000
   0.0008689600   -0.0000308900   -0.0033591800
   0.0006892100    0.0000379100   -0.0034835000
   0.0003915500   -0.0001203300   -0.0033443400
  -0.0299386100    0.0139882300    0.0062802500
   0.0036218400   -0.0009486800    0.0041788300
   0.0026223900    0.0007794100    0.0044858100
   0.0019620200   -0.0007465100    0.0038261900
   0.0022962800    0.0000912400    0.0034403300
   0.0021821900    0.0000276700    0.0048485600
   0.0022004200   -0.0000042100    0.0041560100
   0.0022673400   -0.0000514400    0.0041840800
  -0.0023109900    0.0000796500   -0.0041699100
  -0.0034781100    0.0009858300   -0.0042779300
   0.0006074300   -0.0060682000   -0.0089138400
   0.0055348200    0.0011124000    0.0017061200
  -0.0018958000    0.0005173600   -0.0040273400
  -0.0025180400   -0.0005589600   -0.0042452600
  -0.0030966300    0.0004373400   -0.0039977200
  -0.0012201700   -0.0005751800   -0.0042896200
  -0.0004971500    0.0001685100    0.0028687300
  -0.0006098600   -0.0004647600    0.0043559000
  -0.0009618700    0.0001617000    0.0033300400
  -0.0005114900   -0.0001024900    0.0035408900
  -0.0021960000    0.0008827800    0.0025730000
   0.0006150400   -0.0005845100    0.0038955700
  -0.0005503800    0.0007388700    0.0033959800
  -0.0011600500   -0.0006579500    0.0034151700

33   
 -0.0086531574024411   0.0050122714170702  -0.0000014866740787
   0.0001468300   -0.0000937800    0.0001958800
  -0.0007598000    0.0006395300   -0.0002746200
   0.0030061500   -0.0009797500   -0.0077885600
  -0.0031857900    0.0008005000    0.0067669300
   0.0000019900   -0.0001340900   -0.0000030500
   0.0001324900    0.0001463100   -0.0001920500
   0.0003018300   -0.0001999800   -0.0001960600
  -0.0019936500    0.0010338900    0.0018846100
  -0.0018660000   -0.0001349400    0.0012437800
  -0.0048612700    0.0022352200    0.0015179500
  -0.0030413900   -0.0024406400    0.0065821900
  -0.0031562900    0.0020681400    0.0001300600
  -0.0016757100    0.0002414300    0.0015432800
  -0.0021891700   -0.0002743600    0.0013669600
  -0.0023252800    0.0002539100    0.0015149800
  -0.0007464700   -0.0006953600    0.0010716100
  -0.0029438600    0.0023730200   -0.0018274300
   0.0026364700   -0.0003176400   -0.0013652400
   0.0022163600    0.0002610300   -0.0011573900
   0.0017074500   -0.0002776300   -0.0015445400
   0.0035058500   -0.0003345200   -0.0070875800
  -0.0001568300    0.0005630000    0.0036691100
   0.0018439400   -0.0003674400   -0.0011326100
   0.0019626800    0.0001166200   -0.0011754300
  -0.0076651500   -0.0014715800   -0.0095812800
  -0.0019086200    0.0064708100    0.0014676500
   0.0028053000   -0.0010333900   -0.0032082800
  -0.0006921100    0.0007570600   -0.0035960600
   0.0008539900   -0.0000969200   -0.0033888700
   0.0005071600    0.0000331400   -0.0035279600
   0.0006907500   -0.0000392800   -0.0034021500
   0.0009785600    0.0001242900   -0.0035452700
   0.0340873900   -0.0141771800    0.0023288500
   0.0007853300    0.0009499500    0.0040975500
   0.0017892600   -0.0007798900    0.0037925500
   0.0024444600    0.0007485500    0.0044517000
   0.0021139400   -0.0000933800    0.0048356200
   0.0022248500   -0.0000255900    0.0034296400
   0.0022082800    0.0000021400    0.0041239500
   0.0021425300    0.0000530800    0.0040920400
  -0.0020986900   -0.0000808400   -0.0041070800
  -0.0009079400   -0.0009524400   -0.0040218400
  -0.0050326800    0.0061657400    0.0007084800
  -0.0098510900   -0.0010641500   -0.0099005700
  -0.0025105100   -0.0005190300   -0.0042490700
  -0.0018957600    0.0005611300   -0.0040328500
  -0.0013161400   -0.0004414600   -0.0042787800
  -0.0031870900    0.0005769300   -0.0039879800
  -0.0008779400   -0.0001737800    0.0040332500
  -0.0007691500    0.0004618000    0.0025425300
  -0.0004151000   -0.0001663300    0.0035534000
  -0.0008609000    0.0001048500    0.0033474300
   0.0008204500   -0.0008854300    0.0043231200
  -0.0019860800    0.0005922900    0.0029937700
  -0.0008179000   -0.0007433800    0.0034929100
  -0.0002199200    0.0006598100    0.0034708000

33   
 -0.0047091756874236   0.0000000000000000   0.0088217721771183
  -0.0001333200    0.0000000000    0.0004021900
  -0.0008771700    0.0000221300    0.0011351600
  -0.0008771700   -0.0000221300    0.0011351600
  -0.0049040800    0.0000000000    0.0101326300
  -0.0000451300    0.0000000000    0.0001590800
   0.0000460000    0.0001135100    0.0000401600
   0.0000460000   -0.0001135100    0.0000401600
  -0.0031490400    0.0000000000    0.0113921400
  -0.0015861800    0.0000000000    0.0015282600
  -0.0024638400    0.0003397100    0.0037262200
  -0.0024638400   -0.0003397100    0.0037262200
  -0.0005559100    0.0000000000    0.0042440900
  -0.0019449700    0.0000000000    0.0012021800
  -0.0022862300   -0.0002882000    0.0008308800
  -0.0022862300    0.0002882000    0.0008308800
   0.0010152400    0.0000000000   -0.0066073600
  -0.0019340700    0.0000000000    0.0124382500
   0.0024136700   -0.0002007900   -0.0008605700
   0.0024136700    0.0002007900   -0.0008605700
   0.0019906800    0.0000000000   -0.0011803700
   0.0038088500    0.0000000000   -0.0084596000
   0.0012764900    0.0004185800   -0.0011667800
   0.0012764900   -0.0004185800   -0.0011667800
   0.0016903000    0.0000000000   -0.0018619700
   0.0023894200    0.0000000000   -0.0056447100
  -0.0018430100    0.0059685000   -0.0011804100
  -0.0018430100   -0.0059685000   -0.0011804100
  -0.0002636300    0.0000000000   -0.0039798400
   0.0006895700    0.0000000000   -0.0032399700
   0.0001963300   -0.0007436300   -0.0033786200
   0.0001963300    0.0007436300   -0.0033786200
   0.0019742400    0.0000000000   -0.0028570800
   0.0214122600    0.0000000000   -0.0389774700
   0.0019032100    0.0007384100    0.0031167300
   0.0019032100   -0.0007384100    0.0031167300
   0.0020172800    0.0000000000    0.0033951400
   0.0014417500    0.0000000000    0.0058002000
   0.0025824800   -0.0006196700    0.0048185600
   0.0025824800    0.0006196700    0.0048185600
   0.0022179900    0.0000000000    0.0046910300
  -0.0021790000    0.0000000000   -0.0047222400
  -0.0051475200   -0.0060869400   -0.0022674600
  -0.0051475200    0.0060869400   -0.0022674600
  -0.0005035200    0.0000000000   -0.0066410500
  -0.0022587500    0.0000000000   -0.0034455200
  -0.0018614900    0.0004899400   -0.0033894400
  -0.0018614900   -0.0004899400   -0.0033894400
  -0.0028949600    0.0000000000   -0.0021124000
  -0.0018045100    0.0000000000    0.0035179100
  -0.0000586700   -0.0009793600    0.0035247400
  -0.0000586700    0.0009793600    0.0035247400
  -0.0006873000    0.0000000000    0.0031271300
  -0.0008182200    0.0000000000    0.0064453900
  -0.0010090800    0.0006505700    0.0037607400
  -0.0010090800   -0.0006505700    0.0037607400
  -0.0007273300    0.0000000000    0.0038341100

33   
  0.0047091756874236   0.0000000000000000  -0.0088217721771183
   0.0001364200    0.0000000000   -0.0004111900
   0.0008643300   -0.0000117700   -0.0010750300
   0.0008643300    0.0000117700   -0.0010750300
   0.0049874300    0.0000000000   -0.0101528400
   0.0000422800    0.0000000000   -0.0001537600
  -0.0000475900   -0.0001121700   -0.0000304900
  -0.0000475900    0.0001121700   -0.0000304900
   0.0031632500    0.0000000000   -0.0112215900
  -0.0022106900    0.0000000000    0.0012849100
  -0.0013398200   -0.0003578200   -0.0009231700
  -0.0013398200    0.0003578200   -0.0009231700
  -0.0028920800    0.0000000000   -0.0016248200
  -0.0018463500    0.0000000000    0.0015865400
  -0.0015075300    0.0002858100    0.0019629600
  -0.0015075300   -0.0002858100    0.0019629600
  -0.0048048700    0.0000000000    0.0093580000
   0.0057375600    0.0000000000   -0.0143470300
   0.0013873300    0.0002007900   -0.0019517600
   0.0013873300   -0.0002007900   -0.0019517600
   0.0018004800    0.0000000000   -0.0016162600
  -0.0000301800    0.0000000000    0.0056446300
   0.0025379800   -0.0004255600   -0.0016756000
   0.0025379800    0.0004255600   -0.0016756000
   0.0021035500    0.0000000000   -0.0009394900
  -0.0009655400    0.0000000000   -0.0012081700
   0.0032433500   -0.0060399500   -0.0057030100
   0.0032433500    0.0060399500   -0.0057030100
   0.0016396300    0.0000000000   -0.0029142000
   0.0006849900    0.0000000000   -0.0036453900
   0.0011776300    0.0007407000   -0.0035085000
   0.0011776300   -0.0007407000   -0.0035085000
  -0.0005968000    0.0000000000   -0.0040272600
  -0.0174730100    0.0000000000    0.0464593000
   0.0025061800   -0.0007407600    0.0051603900
   0.0025061800    0.0007407600    0.0051603900
   0.0023920100    0.0000000000    0.0048812400
   0.0029635600    0.0000000000    0.0024808100
   0.0018294300    0.0006164900    0.0034623400
   0.0018294300   -0.0006164900    0.0034623400
   0.0021922400    0.0000000000    0.0035873100
  -0.0022307000    0.0000000000   -0.0035569400
   0.0007234100    0.0060117900   -0.0059952900
   0.0007234100   -0.0060117900   -0.0059952900
  -0.0039630000    0.0000000000   -0.0016717200
  -0.0021499800    0.0000000000   -0.0048317500
  -0.0025500800   -0.0004880600   -0.0048871100
  -0.0025500800    0.0004880600   -0.0048871100
  -0.0015162600    0.0000000000   -0.0061606400
   0.0004214700    0.0000000000    0.0033860600
  -0.0013177700    0.0009813500    0.0033558500
  -0.0013177700   -0.0009813500    0.0033558500
  -0.0006857900    0.0000000000    0.0037593600
  -0.0005352800    0.0000000000    0.0003646200
  -0.0003644300   -0.0006491700    0.0031273900
  -0.0003644300    0.0006491700    0.0031273900
  -0.0006491800    0.0000000000    0.0030522700
