# Tetrahedron method
       -5.5736976786        0.0000000000        0.0000000000        0.0000000000        0.0000000000        0.0000000000        0.0000000000        0.0000000000
       -5.2538456547        0.0000000000        0.0000000000        0.0000000000        0.0000000000        0.0000000000        0.0000000000        0.0000000000
       -4.9339936307        0.0000000000        0.0000000000        0.0000000000        0.0000000000        0.0000000000        0.0000000000        0.0000000000
       -4.6141416068        0.0000000000        0.0000000000        0.0000000000        0.0000000000        0.0000000000        0.0000000000        0.0000000000
       -4.2942895829        0.0000000000        0.0000000000        0.0000000000        0.0000000000        0.0000000000        0.0000000000        0.0000000000
       -3.9744375589        0.0000000000        0.0000000000        0.0000000000        0.0000000000        0.0000000000        0.0000000000        0.0000000000
       -3.6545855350        0.0000000000        0.0000000000        0.0000000000        0.0000000000        0.0000000000        0.0000000000        0.0000000000
       -3.3347335110        0.0000000000        0.0000000000        0.0000000000        0.0000000000        0.0000000000        0.0000000000        0.0000000000
       -3.0148814871        0.0000000000        0.0000000000        0.0000000000        0.0000000000        0.0000000000        0.0000000000        0.0000000000
       -2.6950294632        0.0000000000        0.0000000000        0.0000000000        0.0000000000        0.0000000000        0.0000000000        0.0000000000
       -2.3751774392        0.0000000000        0.0000000000        0.0000000000        0.0000000000        0.0000000000        0.0000000000        0.0000000000
       -2.0553254153        0.0000000000        0.0000000000        0.0000000000        0.0000000000        0.0000000000        0.0000000000        0.0000000000
       -1.7354733913        0.0000000000        0.0000000000        0.0000000000        0.0000000000        0.0000000000        0.0000000000        0.0000000000
       -1.4156213674        0.0000000000        0.0000000000        0.0000000000        0.0000000000        0.0000000000        0.0000000000        0.0000000000
       -1.0957693434        0.0000000000        0.0000000000        0.0000000000        0.0000000000        0.0000000000        0.0000000000        0.0000000000
       -0.7759173195        0.0000000000        0.0000000000        0.0000000000        0.0000000000        0.0000000000        0.0000000000        0.0000000000
       -0.4560652956        0.0000000000        0.0000000000        0.0000000000        0.0000000000        0.0000000000        0.0000000000        0.0000000000
       -0.1362132716        0.0000112826        0.0000117579        0.0000117579        0.0000076463        0.0000065751        0.0000065751        0.0000076463
        0.1836387523        0.0001789153        0.0001859073        0.0001859073        0.0001198183        0.0001041475        0.0001041475        0.0001198183
        0.5034907763        0.0013658035        0.0014104365        0.0014104365        0.0008585693        0.0008032377        0.0008032377        0.0008585693
        0.8233428002        0.0034489538        0.0036952733        0.0036952733        0.0022619346        0.0021021246        0.0021021246        0.0022619346
        1.1431948242        0.0058459526        0.0064651123        0.0064651123        0.0039992532        0.0036653526        0.0036653526        0.0039992532
        1.4630468481        0.0086052583        0.0098654603        0.0098654603        0.0062012157        0.0055652514        0.0055652514        0.0062012157
        1.7828988720        0.0118685452        0.0141143099        0.0141143099        0.0090556051        0.0079216462        0.0079216462        0.0090556051
        2.1027508960        0.0169879396        0.0207545012        0.0207545012        0.0177680091        0.0145351449        0.0145351449        0.0177680091
        2.4226029199        0.0240889268        0.0313328547        0.0313328547        0.0383673773        0.0286338453        0.0286338453        0.0383673773
        2.7424549439        0.0360081969        0.0544435813        0.0544435813        0.1141441506        0.0745552845        0.0745552845        0.1141441506
        3.0623069678        0.0487380086        0.0797466100        0.0797466100        0.2148149517        0.1261170363        0.1261170363        0.2148149517
        3.3821589917        0.0441193071        0.0711330946        0.0711330946        0.1873211503        0.1029189052        0.1029189052        0.1873211503
        3.7020110157        0.0366013610        0.0618384114        0.0618384114        0.1330015939        0.0700956793        0.0700956793        0.1330015939
        4.0218630396        0.0436043565        0.0709294510        0.0709294510        0.1340213167        0.0719031532        0.0719031532        0.1340213167
        4.3417150636        0.0545373781        0.0946280915        0.0946280915        0.2111739816        0.0924470623        0.0924470623        0.2111739816
        4.6615670875        0.0787042204        0.1371345215        0.1371345215        0.2283774102        0.1082644770        0.1082644770        0.2283774102
        4.9814191115        0.0803628958        0.1120718762        0.1120718762        0.1645828010        0.0948254396        0.0948254396        0.1645828010
        5.3012711354        0.1046067381        0.1386164181        0.1386164181        0.1875466515        0.1202331002        0.1202331002        0.1875466515
        5.6211231593        0.1176417109        0.1580314867        0.1580314867        0.1929651358        0.1192088613        0.1192088613        0.1929651358
        5.9409751833        0.1338428818        0.1703353128        0.1703353128        0.1862902693        0.1207443853        0.1207443853        0.1862902693
        6.2608272072        0.1320702361        0.1800387821        0.1800387821        0.1929653331        0.1516041156        0.1516041156        0.1929653331
        6.5806792312        0.1240734849        0.2113664075        0.2113664075        0.2031936459        0.1980952463        0.1980952463        0.2031936459
        6.9005312551        0.1394007215        0.2405990749        0.2405990749        0.2079075202        0.1843198736        0.1843198736        0.2079075202
        7.2203832791        0.1411084352        0.2636917204        0.2636917204        0.1894848053        0.2054233832        0.2054233832        0.1894848053
        7.5402353030        0.1684203893        0.2668171931        0.2668171931        0.1864628026        0.1916833012        0.1916833012        0.1864628026
        7.8600873269        0.1857100610        0.3013323891        0.3013323891        0.1325150090        0.2131460672        0.2131460672        0.1325150090
        8.1799393509        0.1784551307        0.2841386647        0.2841386647        0.1171305762        0.1946032509        0.1946032509        0.1171305762
        8.4997913748        0.1337459048        0.2208466421        0.2208466421        0.1069043502        0.1605980662        0.1605980662        0.1069043502
        8.8196433988        0.1646725367        0.2495363598        0.2495363598        0.1358826718        0.1998519279        0.1998519279        0.1358826718
        9.1394954227        0.1815638882        0.2477713279        0.2477713279        0.1841040287        0.2770892951        0.2770892951        0.1841040287
        9.4593474467        0.0934440217        0.1905600926        0.1905600926        0.1224069389        0.2230725284        0.2230725284        0.1224069389
        9.7791994706        0.0458340482        0.1441097164        0.1441097164        0.1009288819        0.1720483341        0.1720483341        0.1009288819
       10.0990514945        0.0881820082        0.2059651672        0.2059651672        0.1232177179        0.2183153265        0.2183153265        0.1232177179
       10.4189035185        0.0760632089        0.2066725324        0.2066725324        0.1576770623        0.1707219018        0.1707219018        0.1576770623
       10.7387555424        0.0460429432        0.1448540353        0.1448540353        0.0895731553        0.1198057724        0.1198057724        0.0895731553
       11.0586075664        0.1041654291        0.1876628863        0.1876628863        0.1441978111        0.2521655263        0.2521655263        0.1441978111
       11.3784595903        0.0971449262        0.1681911336        0.1681911336        0.1747559402        0.3120811547        0.3120811547        0.1747559402
       11.6983116142        0.0686590246        0.1924444269        0.1924444269        0.1953956762        0.3361885286        0.3361885286        0.1953956762
       12.0181636382        0.0363016412        0.1429811932        0.1429811932        0.1636263371        0.2722962609        0.2722962609        0.1636263371
       12.3380156621        0.0387019382        0.1307703562        0.1307703562        0.1549639501        0.2329487985        0.2329487985        0.1549639501
       12.6578676861        0.0497479010        0.0972308567        0.0972308567        0.1905479698        0.2935883110        0.2935883110        0.1905479698
       12.9777197100        0.0717217856        0.1110820565        0.1110820565        0.2267912409        0.4542574749        0.4542574749        0.2267912409
       13.2975717340        0.0643718057        0.0794769488        0.0794769488        0.2172181711        0.3568670078        0.3568670078        0.2172181711
       13.6174237579        0.0757540158        0.1049665645        0.1049665645        0.2391923159        0.4114069098        0.4114069098        0.2391923159
       13.9372757818        0.0533080591        0.1242622856        0.1242622856        0.2715454114        0.4532794939        0.4532794939        0.2715454114
       14.2571278058        0.0486588398        0.0792274199        0.0792274199        0.2840948163        0.5260425695        0.5260425695        0.2840948163
       14.5769798297        0.0314022432        0.0620990150        0.0620990150        0.3599245928        0.3651887390        0.3651887390        0.3599245928
       14.8968318537        0.0337711388        0.0819333764        0.0819333764        0.4745888983        0.2249063160        0.2249063160        0.4745888983
       15.2166838776        0.0209838442        0.0579252255        0.0579252255        0.3920544220        0.2506173351        0.2506173351        0.3920544220
       15.5365359016        0.0169475668        0.0199842704        0.0199842704        0.1679282816        0.0671837707        0.0671837707        0.1679282816
       15.8563879255        0.0360435104        0.0870960842        0.0870960842        0.5913040464        0.1148035666        0.1148035666        0.5913040464
       16.1762399494        0.0179883582        0.0119785252        0.0119785252        0.2380119443        0.0966601846        0.0966601846        0.2380119443
       16.4960919734        0.0107203330        0.0129379615        0.0129379615        0.2284653767        0.1307014927        0.1307014927        0.2284653767
       16.8159439973        0.0017632459        0.0059842731        0.0059842731        0.0871513856        0.0705155772        0.0705155772        0.0871513856
       17.1357960213        0.0000000000        0.0000000000        0.0000000000        0.0000000000        0.0000000000        0.0000000000        0.0000000000
       17.4556480452        0.0000000000        0.0000000000        0.0000000000        0.0000000000        0.0000000000        0.0000000000        0.0000000000
       17.7755000692        0.0000000000        0.0000000000        0.0000000000        0.0000000000        0.0000000000        0.0000000000        0.0000000000
       18.0953520931        1.4889394757        0.6607586048        0.6607586048        0.0323379534        0.0019229896        0.0019229896        0.0323379534
       18.4152041170        0.0000000000        0.0000000000        0.0000000000        0.0000000000        0.0000000000        0.0000000000        0.0000000000
       18.7350561410        0.0000000000        0.0000000000        0.0000000000        0.0000000000        0.0000000000        0.0000000000        0.0000000000
       19.0549081649        0.0000000000        0.0000000000        0.0000000000        0.0000000000        0.0000000000        0.0000000000        0.0000000000
       19.3747601889        0.0000000000        0.0000000000        0.0000000000        0.0000000000        0.0000000000        0.0000000000        0.0000000000
       19.6946122128        0.0000000000        0.0000000000        0.0000000000        0.0000000000        0.0000000000        0.0000000000        0.0000000000
       20.0144642367        0.0000000000        0.0000000000        0.0000000000        0.0000000000        0.0000000000        0.0000000000        0.0000000000
       20.3343162607        0.0000000000        0.0000000000        0.0000000000        0.0000000000        0.0000000000        0.0000000000        0.0000000000
       20.6541682846        0.0000000000        0.0000000000        0.0000000000        0.0000000000        0.0000000000        0.0000000000        0.0000000000
       20.9740203086        0.0000000000        0.0000000000        0.0000000000        0.0000000000        0.0000000000        0.0000000000        0.0000000000
       21.2938723325        1.3347197207        0.1384953148        0.1384953148        0.1697738279        0.0067569750        0.0067569750        0.1697738279
       21.6137243565        0.0000000000        0.0000000000        0.0000000000        0.0000000000        0.0000000000        0.0000000000        0.0000000000
       21.9335763804        0.0000000000        0.0000000000        0.0000000000        0.0000000000        0.0000000000        0.0000000000        0.0000000000
       22.2534284043        0.0000000000        0.0000000000        0.0000000000        0.0000000000        0.0000000000        0.0000000000        0.0000000000
       22.5732804283        0.0000000000        0.0000000000        0.0000000000        0.0000000000        0.0000000000        0.0000000000        0.0000000000
       22.8931324522        0.0000000000        0.0000000000        0.0000000000        0.0000000000        0.0000000000        0.0000000000        0.0000000000
       23.2129844762        0.0000000000        0.0000000000        0.0000000000        0.0000000000        0.0000000000        0.0000000000        0.0000000000
       23.5328365001        0.0000000000        0.0000000000        0.0000000000        0.0000000000        0.0000000000        0.0000000000        0.0000000000
       23.8526885241        0.0000000000        0.0000000000        0.0000000000        0.0000000000        0.0000000000        0.0000000000        0.0000000000
       24.1725405480        0.0000000000        0.0000000000        0.0000000000        0.0000000000        0.0000000000        0.0000000000        0.0000000000
       24.4923925719        0.0000000000        0.0000000000        0.0000000000        0.0000000000        0.0000000000        0.0000000000        0.0000000000
       24.8122445959        0.0000000000        0.0000000000        0.0000000000        0.0000000000        0.0000000000        0.0000000000        0.0000000000
       25.1320966198        0.0000000000        0.0000000000        0.0000000000        0.0000000000        0.0000000000        0.0000000000        0.0000000000
       25.4519486438        0.0000000000        0.0000000000        0.0000000000        0.0000000000        0.0000000000        0.0000000000        0.0000000000
       25.7718006677        0.0000000000        0.0000000000        0.0000000000        0.0000000000        0.0000000000        0.0000000000        0.0000000000
       26.0916526916        0.0000000000        0.0000000000        0.0000000000        0.0000000000        0.0000000000        0.0000000000        0.0000000000
       26.4115047156        0.0000000000        0.0000000000        0.0000000000        0.0000000000        0.0000000000        0.0000000000        0.0000000000
       26.7313567395        0.0000000000        0.0000000000        0.0000000000        0.0000000000        0.0000000000        0.0000000000        0.0000000000
       27.0512087635        0.0000000000        0.0000000000        0.0000000000        0.0000000000        0.0000000000        0.0000000000        0.0000000000
       27.3710607874        0.0000000000        0.0000000000        0.0000000000        0.0000000000        0.0000000000        0.0000000000        0.0000000000
       27.6909128114        0.0000000000        0.0000000000        0.0000000000        0.0000000000        0.0000000000        0.0000000000        0.0000000000
       28.0107648353        0.0000000000        0.0000000000        0.0000000000        0.0000000000        0.0000000000        0.0000000000        0.0000000000
       28.3306168592        0.0000000000        0.0000000000        0.0000000000        0.0000000000        0.0000000000        0.0000000000        0.0000000000
       28.6504688832        0.0000000000        0.0000000000        0.0000000000        0.0000000000        0.0000000000        0.0000000000        0.0000000000
       28.9703209071        0.0000000000        0.0000000000        0.0000000000        0.0000000000        0.0000000000        0.0000000000        0.0000000000
       29.2901729311        0.0000000000        0.0000000000        0.0000000000        0.0000000000        0.0000000000        0.0000000000        0.0000000000
       29.6100249550        0.0000000000        0.0000000000        0.0000000000        0.0000000000        0.0000000000        0.0000000000        0.0000000000
       29.9298769790        0.0000000000        0.0000000000        0.0000000000        0.0000000000        0.0000000000        0.0000000000        0.0000000000
       30.2497290029        0.0000000000        0.0000000000        0.0000000000        0.0000000000        0.0000000000        0.0000000000        0.0000000000
       30.5695810268        0.0000000000        0.0000000000        0.0000000000        0.0000000000        0.0000000000        0.0000000000        0.0000000000
       30.8894330508        0.0000000000        0.0000000000        0.0000000000        0.0000000000        0.0000000000        0.0000000000        0.0000000000
       31.2092850747        0.0000000000        0.0000000000        0.0000000000        0.0000000000        0.0000000000        0.0000000000        0.0000000000
       31.5291370987        0.0000000000        0.0000000000        0.0000000000        0.0000000000        0.0000000000        0.0000000000        0.0000000000
       31.8489891226        0.0000000000        0.0000000000        0.0000000000        0.0000000000        0.0000000000        0.0000000000        0.0000000000
       32.1688411466        0.0000000000        0.0000000000        0.0000000000        0.0000000000        0.0000000000        0.0000000000        0.0000000000
       32.4886931705        0.0000000000        0.0000000000        0.0000000000        0.0000000000        0.0000000000        0.0000000000        0.0000000000
       32.8085451944        0.0000000000        0.0000000000        0.0000000000        0.0000000000        0.0000000000        0.0000000000        0.0000000000
       33.1283972184        0.0000000000        0.0000000000        0.0000000000        0.0000000000        0.0000000000        0.0000000000        0.0000000000
       33.4482492423        0.0000000000        0.0000000000        0.0000000000        0.0000000000        0.0000000000        0.0000000000        0.0000000000
       33.7681012663        0.0000000000        0.0000000000        0.0000000000        0.0000000000        0.0000000000        0.0000000000        0.0000000000
       34.0879532902        0.0032810052        1.7660494120        1.7660494120        0.0008542116        0.0095773757        0.0095773757        0.0008542116
       34.4078053141        0.0000000000        0.0000000000        0.0000000000        0.0000000000        0.0000000000        0.0000000000        0.0000000000
       34.7276573381        0.0000000000        0.0000000000        0.0000000000        0.0000000000        0.0000000000        0.0000000000        0.0000000000
       35.0475093620        0.0000000000        0.0000000000        0.0000000000        0.0000000000        0.0000000000        0.0000000000        0.0000000000
       35.3673613860        0.0000000000        0.0000000000        0.0000000000        0.0000000000        0.0000000000        0.0000000000        0.0000000000
       35.6872134099        0.0000000000        0.0000000000        0.0000000000        0.0000000000        0.0000000000        0.0000000000        0.0000000000
       36.0070654339        0.0000000000        0.0000000000        0.0000000000        0.0000000000        0.0000000000        0.0000000000        0.0000000000
       36.3269174578        0.0000000000        0.0000000000        0.0000000000        0.0000000000        0.0000000000        0.0000000000        0.0000000000
       36.6467694817        0.0000000000        0.0000000000        0.0000000000        0.0000000000        0.0000000000        0.0000000000        0.0000000000
       36.9666215057        0.0000000000        0.0000000000        0.0000000000        0.0000000000        0.0000000000        0.0000000000        0.0000000000
       37.2864735296        0.0000000000        0.0000000000        0.0000000000        0.0000000000        0.0000000000        0.0000000000        0.0000000000
       37.6063255536        0.0000000000        0.0000000000        0.0000000000        0.0000000000        0.0000000000        0.0000000000        0.0000000000
       37.9261775775        0.0000000000        0.0000000000        0.0000000000        0.0000000000        0.0000000000        0.0000000000        0.0000000000
       38.2460296015        0.0000000000        0.0000000000        0.0000000000        0.0000000000        0.0000000000        0.0000000000        0.0000000000
       38.5658816254        0.0000000000        0.0000000000        0.0000000000        0.0000000000        0.0000000000        0.0000000000        0.0000000000
       38.8857336493        0.0000000000        0.0000000000        0.0000000000        0.0000000000        0.0000000000        0.0000000000        0.0000000000
       39.2055856733        0.0000000000        0.0000000000        0.0000000000        0.0000000000        0.0000000000        0.0000000000        0.0000000000
       39.5254376972        0.0000000000        0.0000000000        0.0000000000        0.0000000000        0.0000000000        0.0000000000        0.0000000000
       39.8452897212        0.0000000000        0.0000000000        0.0000000000        0.0000000000        0.0000000000        0.0000000000        0.0000000000
       40.1651417451        0.0000000000        0.0000000000        0.0000000000        0.0000000000        0.0000000000        0.0000000000        0.0000000000
       40.4849937691        0.0000000000        0.0000000000        0.0000000000        0.0000000000        0.0000000000        0.0000000000        0.0000000000
       40.8048457930        0.0000000000        0.0000000000        0.0000000000        0.0000000000        0.0000000000        0.0000000000        0.0000000000
       41.1246978169        0.0000000000        0.0000000000        0.0000000000        0.0000000000        0.0000000000        0.0000000000        0.0000000000
       41.4445498409        0.0000000000        0.0000000000        0.0000000000        0.0000000000        0.0000000000        0.0000000000        0.0000000000
       41.7644018648        0.0000000000        0.0000000000        0.0000000000        0.0000000000        0.0000000000        0.0000000000        0.0000000000
       42.0842538888        0.0000000000        0.0000000000        0.0000000000        0.0000000000        0.0000000000        0.0000000000        0.0000000000
       42.4041059127        0.0000000000        0.0000000000        0.0000000000        0.0000000000        0.0000000000        0.0000000000        0.0000000000
       42.7239579366        0.0000000000        0.0000000000        0.0000000000        0.0000000000        0.0000000000        0.0000000000        0.0000000000
       43.0438099606        0.0000000000        0.0000000000        0.0000000000        0.0000000000        0.0000000000        0.0000000000        0.0000000000
       43.3636619845        0.0000000000        0.0000000000        0.0000000000        0.0000000000        0.0000000000        0.0000000000        0.0000000000
       43.6835140085        0.0000000000        0.0000000000        0.0000000000        0.0000000000        0.0000000000        0.0000000000        0.0000000000
       44.0033660324        0.0000000000        0.0000000000        0.0000000000        0.0000000000        0.0000000000        0.0000000000        0.0000000000
       44.3232180564        0.0000000000        0.0000000000        0.0000000000        0.0000000000        0.0000000000        0.0000000000        0.0000000000
       44.6430700803        0.0000000000        0.0000000000        0.0000000000        0.0000000000        0.0000000000        0.0000000000        0.0000000000
       44.9629221042        0.0000000000        0.0000000000        0.0000000000        0.0000000000        0.0000000000        0.0000000000        0.0000000000
       45.2827741282        0.0000000000        0.0000000000        0.0000000000        0.0000000000        0.0000000000        0.0000000000        0.0000000000
       45.6026261521        0.0000000000        0.0000000000        0.0000000000        0.0000000000        0.0000000000        0.0000000000        0.0000000000
       45.9224781761        0.0000000000        0.0000000000        0.0000000000        0.0000000000        0.0000000000        0.0000000000        0.0000000000
       46.2423302000        0.0000000000        0.0000000000        0.0000000000        0.0000000000        0.0000000000        0.0000000000        0.0000000000
       46.5621822240        0.0000000000        0.0000000000        0.0000000000        0.0000000000        0.0000000000        0.0000000000        0.0000000000
       46.8820342479        0.0000000000        0.0000000000        0.0000000000        0.0000000000        0.0000000000        0.0000000000        0.0000000000
       47.2018862718        0.0000000000        0.0000000000        0.0000000000        0.0000000000        0.0000000000        0.0000000000        0.0000000000
       47.5217382958        0.0000000000        0.0000000000        0.0000000000        0.0000000000        0.0000000000        0.0000000000        0.0000000000
       47.8415903197        0.0000000000        0.0000000000        0.0000000000        0.0000000000        0.0000000000        0.0000000000        0.0000000000
       48.1614423437        0.0000000000        0.0000000000        0.0000000000        0.0000000000        0.0000000000        0.0000000000        0.0000000000
       48.4812943676        0.0000000000        0.0000000000        0.0000000000        0.0000000000        0.0000000000        0.0000000000        0.0000000000
       48.8011463915        0.0000000000        0.0000000000        0.0000000000        0.0000000000        0.0000000000        0.0000000000        0.0000000000
       49.1209984155        0.4244417669        0.1129880037        0.1129880037        0.0004642074        0.0006206294        0.0006206294        0.0004642074
       49.4408504394        0.3542722553        0.0953231705        0.0953231705        0.0003923899        0.0004662910        0.0004662910        0.0003923899
       49.7607024634        0.2608175087        0.0702887438        0.0702887438        0.0002858276        0.0003227854        0.0003227854        0.0002858276
       50.0805544873        0.2184596769        0.0590310093        0.0590310093        0.0002399683        0.0002535289        0.0002535289        0.0002399683
       50.4004065113        0.1691538603        0.0458123882        0.0458123882        0.0002005042        0.0001744457        0.0001744457        0.0002005042
       50.7202585352        0.1184532078        0.0325690896        0.0325690896        0.0001483367        0.0001092112        0.0001092112        0.0001483367
       51.0401105591        0.0914626659        0.0254178454        0.0254178454        0.0001202556        0.0000743183        0.0000743183        0.0001202556
       51.3599625831        0.0724409872        0.0203239973        0.0203239973        0.0000996305        0.0000509916        0.0000509916        0.0000996305
       51.6798146070        0.0577104882        0.0163345523        0.0163345523        0.0000828006        0.0000343822        0.0000343822        0.0000828006
       51.9996666310        0.0454415896        0.0129690855        0.0129690855        0.0000678648        0.0000221729        0.0000221729        0.0000678648
       52.3195186549        0.0345138195        0.0099279504        0.0099279504        0.0000535503        0.0000131307        0.0000131307        0.0000535503
       52.6393706789        0.0239626587        0.0069447260        0.0069447260        0.0000385572        0.0000065447        0.0000065447        0.0000385572
       52.9592227028        0.0109634158        0.0032000338        0.0032000338        0.0000182695        0.0000018208        0.0000018208        0.0000182695
       53.2790747267        0.0000000000        0.0000000000        0.0000000000        0.0000000000        0.0000000000        0.0000000000        0.0000000000
       53.5989267507        0.0000000000        0.0000000000        0.0000000000        0.0000000000        0.0000000000        0.0000000000        0.0000000000
       53.9187787746        0.0000000000        0.0000000000        0.0000000000        0.0000000000        0.0000000000        0.0000000000        0.0000000000
       54.2386307986        0.0000000000        0.0000000000        0.0000000000        0.0000000000        0.0000000000        0.0000000000        0.0000000000
       54.5584828225        0.0000000000        0.0000000000        0.0000000000        0.0000000000        0.0000000000        0.0000000000        0.0000000000
       54.8783348465        0.0000000000        0.0000000000        0.0000000000        0.0000000000        0.0000000000        0.0000000000        0.0000000000
       55.1981868704        0.0000000000        0.0000000000        0.0000000000        0.0000000000        0.0000000000        0.0000000000        0.0000000000
       55.5180388943        0.0000000000        0.0000000000        0.0000000000        0.0000000000        0.0000000000        0.0000000000        0.0000000000
       55.8378909183        0.0000000000        0.0000000000        0.0000000000        0.0000000000        0.0000000000        0.0000000000        0.0000000000
       56.1577429422        0.0000000000        0.0000000000        0.0000000000        0.0000000000        0.0000000000        0.0000000000        0.0000000000
       56.4775949662        0.0000000000        0.0000000000        0.0000000000        0.0000000000        0.0000000000        0.0000000000        0.0000000000
       56.7974469901        0.0000000000        0.0000000000        0.0000000000        0.0000000000        0.0000000000        0.0000000000        0.0000000000
       57.1172990140        0.0000000000        0.0000000000        0.0000000000        0.0000000000        0.0000000000        0.0000000000        0.0000000000
       57.4371510380        0.0000000000        0.0000000000        0.0000000000        0.0000000000        0.0000000000        0.0000000000        0.0000000000
       57.7570030619        0.0000000000        0.0000000000        0.0000000000        0.0000000000        0.0000000000        0.0000000000        0.0000000000
       58.0768550859        0.0000000000        0.0000000000        0.0000000000        0.0000000000        0.0000000000        0.0000000000        0.0000000000
       58.3967071098        0.0000000000        0.0000000000        0.0000000000        0.0000000000        0.0000000000        0.0000000000        0.0000000000
