152  
13   

1    
 -0.0066135640883203   0.0038183430066939   0.0064560844738054
   0.0631106100   -0.0791696300   -0.0721487100
   0.0001088700   -0.0000072600    0.0002303800
  -0.0000356400   -0.0000407800   -0.0000684600
  -0.0000978300   -0.0000711700    0.0000957600
  -0.0000749500    0.0000883900    0.0000851900
   0.0001736000   -0.0001506300   -0.0000063400
   0.0001862800    0.0000164100   -0.0000506300
   0.0000057000    0.0000360400   -0.0000041700
  -0.0125705600    0.0144184600    0.0236397400
  -0.0069222300    0.0002076200    0.0004592000
  -0.0082957600    0.0004968100    0.0005920700
  -0.0071644300    0.0000781000    0.0002012500
  -0.0071880600   -0.0000596900   -0.0001379200
  -0.0072735900    0.0000092000    0.0000397500
  -0.0071065100   -0.0000568400   -0.0000220400
  -0.0070937300   -0.0000598100   -0.0000413700
  -0.0017432200   -0.0001303800   -0.0000200000
  -0.0003971200   -0.0006025300   -0.0011246600
  -0.0003847400   -0.0006024200   -0.0011239500
  -0.0017470000   -0.0001366400   -0.0000175900
  -0.0000738100   -0.0000039300    0.0000294800
   0.0000320200    0.0000514800    0.0000675700
   0.0000360800    0.0000517200    0.0000721800
  -0.0000782100   -0.0000048600    0.0000301600
   0.0060784900    0.0004986300    0.0005946600
   0.0072483000    0.0000900200    0.0001994300
   0.0019385400    0.0138499300    0.0226786000
   0.0074895800    0.0001922300    0.0004594200
   0.0073068100   -0.0000610600   -0.0000241900
   0.0073070300   -0.0000506100   -0.0000405300
   0.0072265400   -0.0000573700   -0.0001353900
   0.0071264300   -0.0000009000    0.0000403200
  -0.0032811200   -0.0002550800    0.0013547400
   0.0008687100    0.0002723600    0.0021840100
   0.0000893100   -0.0000055300    0.0014591400
   0.0001213600   -0.0000724300    0.0013133400
   0.0000668200    0.0000448100    0.0013222700
  -0.0000955900   -0.0001205900    0.0012936900
  -0.0000318000   -0.0000900700    0.0013251600
  -0.0001140600   -0.0000655900    0.0014063600
  -0.0001519600    0.0011875800    0.0042372000
  -0.0003229400    0.0010234100    0.0040351000
  -0.0170969100    0.0123372900    0.0062100500
  -0.0000069200    0.0010722100    0.0041294900
  -0.0002197000    0.0011908000    0.0039940700
  -0.0000069500    0.0010616100    0.0040031800
   0.0000202500    0.0008600100    0.0040749000
  -0.0000954200    0.0010407400    0.0041131400
  -0.0028786100   -0.0073770900    0.0051174100
  -0.0040111800   -0.0066180000   -0.0001203900
  -0.0036365200   -0.0061923900    0.0000030500
  -0.0035406000   -0.0062610000    0.0000169800
  -0.0035527800   -0.0064619800   -0.0002107700
  -0.0036135100   -0.0061423900    0.0000375500
  -0.0035759100   -0.0062696000   -0.0001015400
  -0.0035100600   -0.0061491000   -0.0000421600
   0.0034124000   -0.0060184900   -0.0001801100
   0.0036443400   -0.0062866100   -0.0000922400
   0.0039257600   -0.0052008400    0.0006474400
   0.0028447000   -0.0060866300   -0.0010631800
   0.0036848400   -0.0062518200   -0.0000622300
   0.0036750800   -0.0061359800    0.0000186500
   0.0035822800   -0.0063115200    0.0002413900
   0.0035239800   -0.0065775300   -0.0000249400
   0.0009191100    0.0001606900   -0.0020686100
   0.0010122400    0.0007266200   -0.0040234400
   0.0021158600   -0.0000655700   -0.0036024100
   0.0009418100    0.0005601400   -0.0040398500
   0.0005783900   -0.0002148200   -0.0037438100
   0.0007429500    0.0004009200   -0.0040882500
   0.0008067400    0.0004914500   -0.0038283500
   0.0008171900    0.0005835300   -0.0040328000
  -0.0009785400    0.0005815800   -0.0039752000
  -0.0009148600    0.0005931100   -0.0040209300
  -0.0027583100    0.0088449100   -0.0026982900
  -0.0009095000    0.0006261000   -0.0040867700
  -0.0008374900    0.0004578400   -0.0039567000
  -0.0008053800    0.0004634500   -0.0039757700
  -0.0008771400    0.0004415900   -0.0037325200
  -0.0008180000    0.0005612400   -0.0041120100
   0.0002838400   -0.0002897100    0.0000251500
  -0.0005805700    0.0002148800    0.0000551200
  -0.0000241800    0.0000248300    0.0000424100
  -0.0000343500    0.0001162300   -0.0000183200
  -0.0005835000    0.0002182300    0.0000581000
   0.0002801000   -0.0003054400    0.0000193000
  -0.0000309500    0.0001088100   -0.0000218200
  -0.0000246900    0.0000268600    0.0000460000
   0.0008924400   -0.0005868600    0.0043203400
   0.0009490100   -0.0004586800    0.0039475200
   0.0009319900   -0.0005630300    0.0040977300
   0.0009590900   -0.0005549600    0.0040625200
  -0.0009626500    0.0078466300    0.0053190600
   0.0008571300   -0.0003959200    0.0039777000
   0.0007899400   -0.0004399600    0.0040750500
   0.0008580900   -0.0004319100    0.0040215700
  -0.0009608800   -0.0005297000    0.0042244800
  -0.0009525100   -0.0004377700    0.0040195500
  -0.0011858600   -0.0012383600    0.0043162800
  -0.0010235800   -0.0006163500    0.0039476100
   0.0003471000   -0.0010884600    0.0044473700
  -0.0008279800   -0.0004619600    0.0040291100
  -0.0008478700   -0.0008616700    0.0059861800
  -0.0007538700   -0.0002919900    0.0040256600
   0.0036570800    0.0060200900   -0.0002124800
   0.0035809700    0.0063276700    0.0000357100
   0.0036316700    0.0062039900   -0.0001011400
   0.0036892200    0.0063404000   -0.0000406400
   0.0043534600    0.0050418400    0.0052737400
   0.0031945600    0.0058505300   -0.0001195500
   0.0035564300    0.0062880200    0.0000054900
   0.0036730700    0.0062203500    0.0000190600
  -0.0036828400    0.0058863100   -0.0000250700
  -0.0036246900    0.0061586700    0.0002447300
  -0.0035202800    0.0063317800    0.0000192300
  -0.0035207300    0.0062388600   -0.0000612400
  -0.0043595900    0.0063939200   -0.0010636000
  -0.0032748800    0.0072554100    0.0006417900
  -0.0035545100    0.0061889500   -0.0000975200
  -0.0037856500    0.0064564500   -0.0001768900
   0.0000221200   -0.0011881200   -0.0039682900
  -0.0000953200   -0.0009979300   -0.0039380600
  -0.0002189500   -0.0008500600   -0.0040485600
  -0.0000077700   -0.0009812700   -0.0040595500
  -0.0178325500    0.0107532700   -0.0018704400
  -0.0000072500   -0.0009654500   -0.0039145500
  -0.0001498100   -0.0008614700   -0.0038398600
  -0.0003199300   -0.0010242300   -0.0040144600
  -0.0000307900   -0.0000876200   -0.0014048000
  -0.0001166600   -0.0000700800   -0.0013264000
   0.0000670800    0.0000444800   -0.0014169400
  -0.0000963200   -0.0001201900   -0.0014249700
   0.0000875900   -0.0000020400   -0.0012598000
   0.0001155200   -0.0000730600   -0.0014336400
  -0.0033739400   -0.0003057700   -0.0013950700
   0.0008711600    0.0002834200   -0.0005293400
   0.0008925300    0.0021548600   -0.0126557400
   0.0002351400   -0.0000056800   -0.0120623200
  -0.0018022000    0.0042150800   -0.0102735200
  -0.0002641800   -0.0001235500   -0.0122785200
  -0.0004850100    0.0011094700   -0.0128251200
  -0.0003780000    0.0003313600   -0.0120199100
   0.0000105800   -0.0001457700   -0.0116352800
   0.0001555600   -0.0000092800   -0.0119693300
   0.0000223500   -0.0001488000    0.0124650000
   0.0001592300   -0.0000050300    0.0121339200
  -0.0004961400    0.0011284600    0.0112767900
  -0.0003841500    0.0003225000    0.0120790000
  -0.0017941300    0.0042124000    0.0138202200
  -0.0002595800   -0.0001194200    0.0118291900
   0.0009849100    0.0021553900    0.0113533400
   0.0002404800   -0.0000047300    0.0120374700

1    
  0.0066135640883203   0.0038183430066939   0.0064560844738054
  -0.0681660800   -0.0393557000   -0.1008704700
   0.0003285100    0.0001896700    0.0005639200
   0.0002012600    0.0000102400    0.0000710900
   0.0001943800    0.0000390800    0.0001295100
   0.0001095000    0.0001691800    0.0000710900
   0.0001310300    0.0001487900    0.0001295100
  -0.0001579900   -0.0000912200    0.0000407800
  -0.0000217200   -0.0000125400    0.0000090200
  -0.0096767200    0.0100822400    0.0173966100
  -0.0078978800   -0.0002526000   -0.0001770700
  -0.0070623100    0.0000433500   -0.0001296600
  -0.0070676300   -0.0000464900    0.0000156600
  -0.0072778600   -0.0001373600    0.0000979400
  -0.0072312300   -0.0000073400   -0.0000652500
  -0.0072847000    0.0000838900    0.0000108100
  -0.0072584900    0.0000196700   -0.0000535800
   0.0020361600   -0.0004351100   -0.0001369500
   0.0001707000   -0.0005911600   -0.0008973500
   0.0001745200   -0.0005996800   -0.0009101700
   0.0020379700   -0.0004344000   -0.0001442700
   0.0001087000   -0.0000115800   -0.0000014700
   0.0000706000    0.0000820200   -0.0000550800
   0.0000698400    0.0000840400   -0.0000562300
   0.0001112400   -0.0000132700    0.0000005600
   0.0073691600    0.0000420700   -0.0001306000
   0.0073608900   -0.0000483600    0.0000090700
   0.0049614100    0.0098524800    0.0169789100
   0.0065252300   -0.0002414600   -0.0001815300
   0.0071474000    0.0000865600    0.0000103200
   0.0071756600    0.0000192300   -0.0000533900
   0.0071526900   -0.0001379300    0.0000982200
   0.0072030700   -0.0000075800   -0.0000647900
   0.0133065000    0.0076825100    0.0071301900
   0.0012369600    0.0007141600    0.0034459100
  -0.0000090600   -0.0000239800    0.0013250700
   0.0000670900   -0.0000112300    0.0013298900
  -0.0000253000    0.0000041400    0.0013250700
   0.0000238200    0.0000637200    0.0013298900
   0.0000624300    0.0000360500    0.0013391100
   0.0000629000    0.0000363200    0.0013988000
  -0.0001403400    0.0010169800    0.0040585600
  -0.0000933500    0.0009380900    0.0040950000
   0.0085146600   -0.0031343400    0.0049819600
   0.0001492800    0.0010937300    0.0041381400
  -0.0000619500    0.0009754300    0.0039641800
  -0.0000338400    0.0008878400    0.0040107200
  -0.0000056700    0.0010679700    0.0039094200
  -0.0000705700    0.0009156800    0.0039565800
   0.0038931200   -0.0134214000    0.0173966100
  -0.0041676900   -0.0067134600   -0.0001770700
  -0.0037578900   -0.0062341300    0.0000979400
  -0.0036219700   -0.0062587600   -0.0000652500
  -0.0034936100   -0.0061378100   -0.0001296600
  -0.0035740800   -0.0060975000    0.0000156600
  -0.0035697100   -0.0063506800    0.0000108100
  -0.0036122100   -0.0062958700   -0.0000535800
   0.0035906700   -0.0063632400    0.0000757900
   0.0035398300   -0.0062420600    0.0000351300
   0.0037011800   -0.0040267000    0.0012804600
   0.0055694300   -0.0072906700    0.0012743300
   0.0036301800   -0.0061888000    0.0001662900
   0.0036728300   -0.0062582300    0.0001645000
   0.0035803000   -0.0063080400    0.0000318200
   0.0035008400   -0.0062084800    0.0000792600
   0.0009579400    0.0005530700   -0.0022752100
   0.0007701600    0.0004446500   -0.0039033800
   0.0002652000    0.0013553100   -0.0038353600
   0.0008843200    0.0007105600   -0.0040216000
   0.0013063300   -0.0004479800   -0.0038353600
   0.0010575300    0.0004105700   -0.0040216000
   0.0008813100    0.0005088200   -0.0040038700
   0.0009089800    0.0005248000   -0.0040312900
  -0.0008223300    0.0004677900   -0.0041333900
  -0.0009880000    0.0004891500   -0.0040851900
  -0.0001752100    0.0099573600   -0.0030215100
  -0.0007199100    0.0005918400   -0.0039046500
  -0.0009332100    0.0004666700   -0.0040787600
  -0.0009927200    0.0005325900   -0.0040310900
  -0.0009375400    0.0003752900   -0.0039873700
  -0.0009755300    0.0004587400   -0.0039498900
   0.0006412600    0.0019809200   -0.0001369500
  -0.0004266100    0.0004434100   -0.0008973500
   0.0000443200    0.0000999300   -0.0000014700
   0.0001063400    0.0000201300   -0.0000550800
  -0.0004320800    0.0004509700   -0.0009101700
   0.0006427900    0.0019821300   -0.0001442700
   0.0001077000    0.0000184600   -0.0000562300
   0.0000441300    0.0001029800    0.0000005600
   0.0008105600   -0.0006300300    0.0040585600
   0.0007657300   -0.0005498900    0.0040950000
   0.0008137700   -0.0005413600    0.0039641800
   0.0007519700   -0.0004732300    0.0040107200
   0.0015429100    0.0089410900    0.0049819600
   0.0010218300   -0.0004175900    0.0041381400
   0.0009220600   -0.0005389000    0.0039094200
   0.0007577100   -0.0005189600    0.0039565800
  -0.0008649800   -0.0004993900    0.0040400800
  -0.0008360400   -0.0004826900    0.0040132000
  -0.0004410100   -0.0014612700    0.0042067900
  -0.0006846200   -0.0005991700    0.0040272600
  -0.0014860000    0.0003487100    0.0042067900
  -0.0008612000   -0.0002933100    0.0040272600
  -0.0007807100   -0.0004507500    0.0057637800
  -0.0009740000   -0.0005623400    0.0041514800
   0.0037210200    0.0063608500   -0.0001306000
   0.0036385700    0.0063989000    0.0000090700
   0.0036486600    0.0061465500    0.0000103200
   0.0036044800    0.0062046900   -0.0000533900
   0.0110132100   -0.0006295300    0.0169789100
   0.0030535100    0.0057717500   -0.0001815300
   0.0034569000    0.0062633800    0.0000982200
   0.0035949600    0.0062418300   -0.0000647900
  -0.0037153900    0.0062912400    0.0000757900
  -0.0036358700    0.0061866100    0.0000351300
  -0.0035445600    0.0062382300    0.0001662900
  -0.0035833700    0.0063098800    0.0001645000
  -0.0016366400    0.0052186700    0.0012804600
  -0.0035291900    0.0084686000    0.0012743300
  -0.0036727700    0.0062546500    0.0000318200
  -0.0036262800    0.0061360600    0.0000792600
  -0.0000060500   -0.0009460500   -0.0041333900
  -0.0000703800   -0.0011002100   -0.0040851900
  -0.0000624600   -0.0010415200   -0.0040787600
  -0.0000351200   -0.0011260200   -0.0040310900
   0.0085357200   -0.0051304100   -0.0030215100
   0.0001525900   -0.0009193800   -0.0039046500
  -0.0001437600   -0.0009995700   -0.0039873700
  -0.0000904900   -0.0010742000   -0.0039498900
   0.0000624300    0.0000360500   -0.0014090800
   0.0000640600    0.0000369900   -0.0013515300
  -0.0000255000    0.0000051000   -0.0014213400
   0.0000235300    0.0000606700   -0.0014185600
  -0.0000083300   -0.0000246300   -0.0014213400
   0.0000643100   -0.0000099600   -0.0014185600
   0.0141079900    0.0081452500    0.0046248800
   0.0012502600    0.0007218400    0.0007087900
   0.0008159500    0.0004710900   -0.0100334000
  -0.0003152600   -0.0001820200   -0.0115367300
  -0.0005943500    0.0009718600   -0.0117035700
   0.0004146500   -0.0001492500   -0.0117913500
   0.0005444900   -0.0010006500   -0.0117035700
   0.0000780700    0.0004337200   -0.0117913500
   0.0001216900    0.0000702600   -0.0121696400
   0.0000965100    0.0000557200   -0.0122321500
   0.0001268500    0.0000732400    0.0118924600
   0.0000965000    0.0000557200    0.0118306400
   0.0005315600   -0.0009737200    0.0123576200
   0.0000818800    0.0004321600    0.0122792700
  -0.0005774900    0.0009472000    0.0123576200
   0.0004152000   -0.0001451700    0.0122792700
   0.0007880900    0.0004550000    0.0140834800
  -0.0003055800   -0.0001764300    0.0125288800

9    
  0.0066135640883203   0.0038183430066939   0.0064560844738054
  -0.0025376900    0.0100940100    0.0171239600
  -0.0009298800    0.0003836700   -0.0003111800
   0.0001445800    0.0001084800   -0.0001587500
  -0.0000758600    0.0000794900    0.0001648800
   0.0000524900   -0.0000545500   -0.0000689200
  -0.0000232900   -0.0000764200   -0.0000121500
  -0.0000280100    0.0000615600   -0.0000166400
  -0.0000582000   -0.0000738700    0.0000195100
  -0.0451618500   -0.0497325500   -0.0893050000
  -0.0072517100    0.0000685200   -0.0001362600
  -0.0072348300   -0.0001448600    0.0000052000
  -0.0071173800    0.0000659400    0.0001531700
  -0.0072115800    0.0002203900   -0.0000166000
  -0.0069201400    0.0003058000   -0.0000334700
  -0.0071861500   -0.0001480300   -0.0000380100
  -0.0075555700   -0.0000637400   -0.0000258800
   0.0011036200    0.0004677000    0.0005930100
   0.0056534100    0.0141751400    0.0234843500
   0.0001791400    0.0000549100   -0.0000114700
  -0.0000437000    0.0000024600    0.0003327300
  -0.0001430900    0.0000238600   -0.0000296600
  -0.0001312900   -0.0000010000   -0.0000522600
  -0.0000904100    0.0000339600   -0.0001107400
   0.0000837800   -0.0000048700    0.0000344200
   0.0033316800    0.0001671800    0.0005674700
   0.0070215100   -0.0010292500   -0.0018418100
   0.0079311300   -0.0005632200   -0.0011717300
   0.0074515700    0.0002193100   -0.0004438300
   0.0073093700    0.0000036900   -0.0000469500
   0.0071506500   -0.0000455600   -0.0000393900
   0.0073650200    0.0000542700    0.0001221700
   0.0072372700    0.0000737700    0.0000404400
   0.0006966300    0.0014166700    0.0026203200
  -0.0010592000    0.0014102100    0.0019179900
   0.0003641700    0.0000666000    0.0011444000
   0.0000033100   -0.0000212500    0.0015681300
   0.0000244900   -0.0000536400    0.0012851100
   0.0002263700   -0.0000281200    0.0013468100
   0.0000454400    0.0000305800    0.0013387600
  -0.0000048000    0.0000813900    0.0013986300
   0.0011875600    0.0014871700    0.0041447000
   0.0000785300    0.0009410700    0.0040956400
  -0.0004126200    0.0013747600    0.0037981100
  -0.0002874600    0.0011635900    0.0038238300
   0.0000981400    0.0009392100    0.0040448400
  -0.0000058100    0.0010039600    0.0040354700
  -0.0000688500    0.0010315400    0.0039191000
   0.0000182900    0.0009810500    0.0039488800
  -0.0031237300   -0.0068734200    0.0010240200
  -0.0035812500   -0.0061200900    0.0000656100
  -0.0029902500   -0.0060033400    0.0000370100
  -0.0037642100   -0.0063276500   -0.0001801000
  -0.0032472500   -0.0058355300    0.0002009700
  -0.0037314200   -0.0064032800   -0.0001737100
  -0.0036493300   -0.0063692500   -0.0000676600
  -0.0036532900   -0.0062710100    0.0000315500
   0.0038516800   -0.0065035000    0.0000501800
   0.0030898000   -0.0061821500    0.0024296900
   0.0033406300   -0.0060637600   -0.0000135300
   0.0045049900   -0.0073981100   -0.0000261500
   0.0035490500   -0.0062689700   -0.0001037700
   0.0035610900   -0.0065170800    0.0000373800
   0.0036692600   -0.0062600800    0.0001056800
   0.0035969200   -0.0060678600   -0.0000245600
   0.0024289900   -0.0016497500    0.0031297400
   0.0009540600    0.0004463400   -0.0039112400
   0.0009707600    0.0004462300   -0.0041164300
   0.0008457100    0.0003705200   -0.0039532300
   0.0007017500    0.0008192600   -0.0045692500
   0.0008229500    0.0003791300   -0.0039896000
   0.0008599600    0.0005017900   -0.0041005000
   0.0008352400    0.0004975100   -0.0040157400
  -0.0005813600    0.0004659400   -0.0043271900
  -0.0009870500    0.0003307900   -0.0040881000
  -0.0009537700    0.0017030100   -0.0035387800
  -0.0014616900    0.0000209200   -0.0043591100
  -0.0008565200    0.0005943600   -0.0039930500
  -0.0009428200    0.0005973600   -0.0039519000
  -0.0007782500    0.0006836700   -0.0041111700
  -0.0007142300    0.0006935100   -0.0039894600
  -0.0001170700    0.0001323500    0.0001818600
   0.0010551100   -0.0015000700    0.0007237500
  -0.0000292500   -0.0001665300   -0.0000214000
   0.0001250100    0.0000362900    0.0000719300
  -0.0002463600   -0.0000165800    0.0000820300
   0.0001786000    0.0005393500   -0.0007012900
   0.0000225200   -0.0000693800    0.0000127300
   0.0001423800   -0.0002877300   -0.0001229700
   0.0010620100   -0.0007493900    0.0040546600
   0.0007483000   -0.0005741200    0.0039639800
   0.0009013200   -0.0006370500    0.0040456500
   0.0008522400   -0.0004863300    0.0040570800
   0.0023748900   -0.0009505000    0.0078860000
   0.0011006600   -0.0001970700    0.0043521200
   0.0009033400   -0.0005846700    0.0038824000
   0.0009088100   -0.0004619600    0.0040904900
  -0.0004641400   -0.0003209600    0.0035596200
  -0.0009122200   -0.0004219200    0.0041721400
  -0.0008426500   -0.0004818700    0.0041269600
  -0.0007796200   -0.0006189500    0.0041631000
  -0.0000818300   -0.0008448100    0.0042885200
  -0.0006558100    0.0013478600    0.0048854800
  -0.0007348700   -0.0006807200    0.0039437500
  -0.0010457300   -0.0004599700    0.0043776100
   0.0033224400    0.0065235800   -0.0000224100
   0.0035602300    0.0060300000    0.0001088000
   0.0036178600    0.0062806400   -0.0000198200
   0.0036344000    0.0062277800    0.0000143500
   0.0037244100    0.0063565900    0.0031296500
   0.0051941800    0.0076452300    0.0000152500
   0.0033020400    0.0063830700    0.0000852800
   0.0036291500    0.0061422000   -0.0000333000
  -0.0037847700    0.0060952500   -0.0000165100
  -0.0034552600    0.0070038600   -0.0005424100
  -0.0036348100    0.0063444800   -0.0000229100
  -0.0035276900    0.0062417100    0.0000006300
  -0.0044181700    0.0064242800   -0.0012135000
   0.0031940400    0.0179892200    0.0018575500
  -0.0036461100    0.0062269700   -0.0000189800
  -0.0035497000    0.0062419100   -0.0000310200
  -0.0000817700   -0.0007194600   -0.0041206400
   0.0000082300   -0.0009711600   -0.0040153700
  -0.0000529700   -0.0010002000   -0.0039024000
  -0.0000196600   -0.0009540400   -0.0039254400
   0.0112075900   -0.0011407400    0.0114211200
   0.0019047400    0.0011034200   -0.0022854300
  -0.0001722900   -0.0009610300   -0.0040434100
   0.0000160200   -0.0010688500   -0.0039916700
   0.0000242600    0.0000770800   -0.0013497900
  -0.0000336800   -0.0000827700   -0.0013842400
  -0.0000039100   -0.0001302800   -0.0011106300
   0.0000113400   -0.0000850100   -0.0012974700
  -0.0006076400    0.0004763100   -0.0005989700
   0.0000109700    0.0000078100   -0.0011888600
   0.0012704700    0.0005131500   -0.0004077800
   0.0002226700    0.0002620800   -0.0010038500
   0.0057274600    0.0100634900   -0.0094593000
   0.0017022800   -0.0002502500   -0.0089401300
   0.0002005200    0.0000845400   -0.0121063500
  -0.0002317300    0.0003115300   -0.0119914200
   0.0000466400   -0.0006584000   -0.0105478000
  -0.0007004400   -0.0020714700   -0.0115784700
   0.0000669900   -0.0000532700   -0.0120857900
  -0.0000041800   -0.0001813900   -0.0119717700
  -0.0001205800    0.0001341800    0.0122648600
  -0.0001271500   -0.0000373100    0.0120124300
  -0.0000671200    0.0006986100    0.0123532800
   0.0004366200    0.0000617300    0.0121376000
   0.0019862700   -0.0011772200    0.0141989300
   0.0004411400    0.0002546600    0.0122411000
  -0.0005413000   -0.0001499600    0.0126082500
   0.0000671800   -0.0000442900    0.0119936400

9    
 -0.0066135640883203  -0.0038183430066939  -0.0064560844738054
   0.0027311600   -0.0103159400   -0.0175348000
   0.0009175600   -0.0003906000    0.0003087800
  -0.0001415800   -0.0001075000    0.0001589700
   0.0000779100   -0.0000844800   -0.0001685600
  -0.0000489600    0.0000521900    0.0000677800
   0.0000257700    0.0000783700    0.0000118800
   0.0000278300   -0.0000618700    0.0000186700
   0.0000565800    0.0000731300   -0.0000178600
   0.0306519300    0.0492213400    0.0893720900
  -0.0071579800   -0.0000632200    0.0001398000
  -0.0071752700    0.0001470200   -0.0000037300
  -0.0072954200   -0.0000727400   -0.0001527000
  -0.0071994900   -0.0002226200    0.0000136300
  -0.0074869400   -0.0003022800    0.0000323600
  -0.0072255200    0.0001505500    0.0000397200
  -0.0068508200    0.0000674000    0.0000249500
  -0.0011251900   -0.0004706900   -0.0006092700
  -0.0055447300   -0.0136168800   -0.0225561600
  -0.0001783600   -0.0000523200    0.0000176100
   0.0000461200   -0.0000010700   -0.0003308700
   0.0001440500   -0.0000255200    0.0000306400
   0.0001287400    0.0000054600    0.0000497400
   0.0000911400   -0.0000346200    0.0001130100
  -0.0000852600    0.0000053200   -0.0000347400
   0.0111214200   -0.0001788500   -0.0005957400
   0.0073919000    0.0010275000    0.0018348500
   0.0064728400    0.0005627300    0.0011716100
   0.0069673200   -0.0002240800    0.0004452000
   0.0070997500   -0.0000076500    0.0000466500
   0.0072575500    0.0000537900    0.0000401700
   0.0070473100   -0.0000555200   -0.0001225500
   0.0071704000   -0.0000746500   -0.0000396800
  -0.0006971200   -0.0014210800    0.0001137400
   0.0013197700   -0.0013854500    0.0009449800
  -0.0003678800   -0.0000681900    0.0015894700
  -0.0000028000    0.0000221200    0.0011679800
  -0.0000234100    0.0000557200    0.0014461200
  -0.0002280300    0.0000254700    0.0013779100
  -0.0000490700   -0.0000311900    0.0013914700
   0.0000045400   -0.0000819500    0.0013317300
  -0.0010880300    0.0005562600    0.0037957800
  -0.0000800400    0.0010992200    0.0039518700
   0.0004057300    0.0006630100    0.0042641400
   0.0002879500    0.0008671400    0.0042263400
  -0.0000986700    0.0010945000    0.0040068100
   0.0000062400    0.0010358300    0.0040201600
   0.0000676900    0.0010064900    0.0041304600
  -0.0000167600    0.0010562100    0.0041017600
  -0.0041292200   -0.0055024300   -0.0010173800
  -0.0036211100   -0.0063617200   -0.0000632200
  -0.0042169500   -0.0064728600   -0.0000349800
  -0.0034466100   -0.0061525300    0.0001790600
  -0.0039596900   -0.0066462200   -0.0002050700
  -0.0034671400   -0.0060723500    0.0001758600
  -0.0035584400   -0.0061061700    0.0000682200
  -0.0035491900   -0.0062087200   -0.0000319400
   0.0033531900   -0.0059752400   -0.0000530500
   0.0041109300   -0.0062939300   -0.0024323500
   0.0038658300   -0.0064170200    0.0000127700
   0.0027007800   -0.0050886400    0.0000210400
   0.0036557500   -0.0062140500    0.0001043100
   0.0036357700   -0.0059603400   -0.0000379800
   0.0035367000   -0.0062152200   -0.0001060600
   0.0036079200   -0.0064104700    0.0000210300
  -0.0006713000    0.0025927300   -0.0110849300
   0.0008142500    0.0005776000   -0.0041387500
   0.0007927700    0.0005690900   -0.0039295200
   0.0009161300    0.0006461200   -0.0040996800
   0.0010574400    0.0001853100   -0.0034785000
   0.0009427800    0.0006387700   -0.0040562800
   0.0009040500    0.0005193000   -0.0039501400
   0.0009291400    0.0005215400   -0.0040357000
  -0.0011801400    0.0005526100   -0.0037247300
  -0.0007791300    0.0006917700   -0.0039554300
  -0.0008039600   -0.0006855600   -0.0045044300
  -0.0003026000    0.0010032000   -0.0036937900
  -0.0009062000    0.0004190000   -0.0040537900
  -0.0008199100    0.0004247600   -0.0040944000
  -0.0009881600    0.0003329500   -0.0039379300
  -0.0010438300    0.0003239800   -0.0040667700
   0.0001171400   -0.0001285400   -0.0001824700
  -0.0010630600    0.0014974300   -0.0007371100
   0.0000277000    0.0001684900    0.0000206400
  -0.0001240100   -0.0000360400   -0.0000669400
   0.0002466200    0.0000198000   -0.0000863100
  -0.0001920600   -0.0005534000    0.0007056700
  -0.0000223200    0.0000683300   -0.0000134800
  -0.0001421100    0.0002821500    0.0001265200
   0.0007025700   -0.0002539300    0.0039846200
   0.0010157400   -0.0004436500    0.0040834000
   0.0008607300   -0.0003795900    0.0040071900
   0.0009080300   -0.0005320300    0.0039903400
  -0.0006070000   -0.0000964700    0.0002404400
   0.0006717500   -0.0008195200    0.0037101100
   0.0008615400   -0.0004359000    0.0041658400
   0.0008568600   -0.0005552000    0.0039607300
  -0.0013018300   -0.0006973700    0.0044948100
  -0.0008541200   -0.0005968100    0.0038782600
  -0.0009180700   -0.0005350100    0.0039238400
  -0.0009819400   -0.0003979100    0.0038830500
  -0.0016889300   -0.0001726300    0.0037495400
  -0.0011079300   -0.0023642500    0.0031727700
  -0.0010253300   -0.0003355500    0.0041032300
  -0.0007198600   -0.0005599400    0.0036771700
   0.0038919100    0.0059486400    0.0000199400
   0.0036495900    0.0064491800   -0.0001084500
   0.0035821400    0.0061988100    0.0000208300
   0.0035681300    0.0062562700   -0.0000141200
   0.0034884700    0.0061242200   -0.0031361300
   0.0020204000    0.0048365400   -0.0000201900
   0.0039051700    0.0060996300   -0.0000876400
   0.0035767300    0.0063387500    0.0000334900
  -0.0034180900    0.0063854900    0.0000152300
  -0.0037472500    0.0054749400    0.0005454400
  -0.0035710400    0.0061333800    0.0000235200
  -0.0036804600    0.0062440900    0.0000000200
  -0.0027830400    0.0060553900    0.0012325200
  -0.0102205300   -0.0051382700   -0.0018798100
  -0.0035558000    0.0062528100    0.0000191300
  -0.0036526500    0.0062364600    0.0000308800
   0.0000848100   -0.0013196800   -0.0039257800
  -0.0000083500   -0.0010617200   -0.0040371000
   0.0000515200   -0.0010327900   -0.0041462300
   0.0000214100   -0.0010786500   -0.0041265300
  -0.0118252500   -0.0008241400   -0.0202275800
  -0.0019011100   -0.0031299800   -0.0057536400
   0.0001726900   -0.0010775700   -0.0040092500
  -0.0000138700   -0.0009688600   -0.0040597800
  -0.0000235100   -0.0000745800   -0.0013778700
   0.0000314500    0.0000827100   -0.0013467500
   0.0000055600    0.0001289100   -0.0016263600
  -0.0000110300    0.0000863800   -0.0014363100
   0.0006064500   -0.0004795400   -0.0021356200
  -0.0000050700   -0.0000095400   -0.0015467100
  -0.0012620100   -0.0005125000   -0.0022997400
  -0.0002267700   -0.0002632900   -0.0017238300
  -0.0058941800   -0.0103083900   -0.0146386800
  -0.0016810200    0.0002541300   -0.0151257300
  -0.0001978600   -0.0000799300   -0.0119834000
   0.0002314900   -0.0003074000   -0.0121040400
  -0.0000548100    0.0006703300   -0.0135551200
   0.0006979000    0.0020607800   -0.0125018000
  -0.0000654600    0.0000567900   -0.0120080300
  -0.0000021900    0.0001768900   -0.0121158100
   0.0001222400   -0.0001326700    0.0118183600
   0.0001304100    0.0000360400    0.0120818900
   0.0000717300   -0.0006972600    0.0117388100
  -0.0004478400   -0.0000637300    0.0119560800
  -0.0019388100    0.0010935200    0.0098788600
  -0.0004537700   -0.0002480400    0.0118477800
   0.0005443100    0.0001523400    0.0114868700
  -0.0000645500    0.0000415200    0.0120888300

9    
  0.0000000000000000  -0.0076366860133892   0.0064560844738050
  -0.0005176300    0.0012606600    0.0052703500
  -0.0000507400    0.0000528600    0.0001364700
  -0.0000885100    0.0001710800   -0.0001885400
  -0.0000164100   -0.0000178800    0.0000952600
   0.0001604000    0.0000108300    0.0000874700
  -0.0000469600    0.0000312700   -0.0000270700
  -0.0000675000    0.0000743900   -0.0000658300
  -0.0000511500    0.0000293800   -0.0000421900
  -0.0072692100    0.0692878900   -0.0717882800
  -0.0073952700    0.0000379700   -0.0000367500
  -0.0070117900    0.0000239600   -0.0000383600
  -0.0072119500    0.0001132700    0.0000055500
  -0.0072086800    0.0000030600   -0.0002807700
  -0.0074638300   -0.0002099800   -0.0000023400
  -0.0069472100   -0.0002193200   -0.0000026200
  -0.0072039900    0.0002271700   -0.0000825400
   0.0000878300    0.0001742200   -0.0001932400
   0.0004926400    0.0011823000    0.0051154800
   0.0000190600   -0.0000146900    0.0000959400
   0.0000590800    0.0000508400    0.0001383300
   0.0000655100    0.0000735200   -0.0000664200
  -0.0001631600    0.0000217900    0.0000846300
   0.0000539000    0.0000276800   -0.0000395900
   0.0000460200    0.0000288700   -0.0000270300
   0.0071808900   -0.0002256500    0.0005114300
   0.0071445400   -0.0007183700   -0.0001311300
   0.0072645600   -0.0007309700   -0.0001385200
   0.0072121400   -0.0002696700   -0.0005433300
   0.0072060500   -0.0001009500    0.0000056300
   0.0071841900    0.0001020700   -0.0000218800
   0.0072278000    0.0000922200   -0.0000203100
   0.0072034200   -0.0002544300    0.0001015400
  -0.0000896600    0.0001012700    0.0013494000
  -0.0010058000   -0.0012967700    0.0022417900
   0.0001812900   -0.0000751000    0.0012993100
  -0.0001511800    0.0000610600    0.0014537600
   0.0000115000   -0.0000269300    0.0014348700
  -0.0000299900   -0.0004741100    0.0015240700
  -0.0000133000   -0.0000547700    0.0014212300
   0.0000434000    0.0000015600    0.0013329800
  -0.0051774100   -0.0004045500    0.0121333900
   0.0000251000    0.0010582300    0.0039331800
   0.0001440600    0.0010347300    0.0038141700
  -0.0000767400    0.0009941700    0.0039081800
  -0.0002722100    0.0010127900    0.0041560900
   0.0000680900    0.0009475000    0.0040356900
  -0.0001578100    0.0011479500    0.0041973400
  -0.0000458800    0.0010179300    0.0040260000
   0.0038288900   -0.0193710100    0.0002578200
  -0.0035666000   -0.0061983700    0.0000668300
  -0.0029222400   -0.0066169200   -0.0003959300
  -0.0036320800   -0.0063580300   -0.0000535000
  -0.0031914700   -0.0056436300   -0.0012318800
  -0.0035793200   -0.0062439100   -0.0000772100
  -0.0037073700   -0.0060701900   -0.0000911500
  -0.0035366000   -0.0062508900    0.0000006100
   0.0032242100   -0.0061102100   -0.0000130800
   0.0032731000   -0.0057696800    0.0024854900
   0.0035185300   -0.0063095800   -0.0000157900
   0.0040970800   -0.0065247900   -0.0001130700
   0.0036805800   -0.0061118200   -0.0000155000
   0.0032150300   -0.0062689600    0.0001078300
   0.0036712600   -0.0063051900    0.0000848900
   0.0035939400   -0.0062163900   -0.0001481100
   0.0018287700   -0.0073612900    0.0102657300
   0.0005203300    0.0002045000   -0.0044004300
   0.0008596900    0.0005130000   -0.0039267600
   0.0008381200    0.0004357600   -0.0039554700
   0.0007091900   -0.0021280400   -0.0032772800
   0.0008674700    0.0004937800   -0.0040529200
   0.0008824400    0.0005662700   -0.0038776400
   0.0009099300    0.0005234400   -0.0040374200
  -0.0014530000    0.0002646800   -0.0037335700
  -0.0009398400    0.0004506900   -0.0039506600
  -0.0009175300   -0.0003481000   -0.0045923500
  -0.0016161700    0.0003100000   -0.0041392400
  -0.0006543700    0.0005163000   -0.0038215300
  -0.0008476900    0.0005975600   -0.0040548300
  -0.0008684200    0.0007319000   -0.0038565100
  -0.0009426500    0.0004515400   -0.0038171300
   0.0000337300   -0.0001500800   -0.0001850500
   0.0016265400   -0.0015587200    0.0008290400
  -0.0000671100   -0.0000784700    0.0001302700
   0.0001245900    0.0000495900    0.0000290500
  -0.0001240600    0.0000476900    0.0000240000
  -0.0016276600   -0.0015610300    0.0008379500
   0.0000673300   -0.0000799300    0.0001314300
  -0.0000349900   -0.0001459200   -0.0001793700
   0.0010624500   -0.0031480700    0.0047794300
   0.0008850900   -0.0004537500    0.0041827700
   0.0008920100   -0.0005247200    0.0039929600
   0.0008494800   -0.0004934400    0.0040056900
   0.0000858800   -0.0079606200    0.0174971700
   0.0009037000   -0.0005091400    0.0041224700
   0.0012326600   -0.0008093000    0.0036550100
   0.0009257500   -0.0005793700    0.0040963600
  -0.0011223100   -0.0005064000    0.0042386100
  -0.0008992400   -0.0002906600    0.0042031000
  -0.0009100300   -0.0004233800    0.0039883500
  -0.0008086000   -0.0005591800    0.0042290300
  -0.0003206500   -0.0007566100    0.0043070800
  -0.0008364400   -0.0013732100    0.0034606800
  -0.0008252900   -0.0005702800    0.0040861300
  -0.0001466200   -0.0006986400    0.0039206200
   0.0039899200    0.0061954700    0.0001075900
   0.0036179200    0.0062541700   -0.0001461000
   0.0035233700    0.0063737300   -0.0000162400
   0.0035332100    0.0061842300    0.0000855400
   0.0039134800    0.0067023400    0.0024835300
   0.0031163700    0.0059501900   -0.0001136500
   0.0039559500    0.0063738800   -0.0000138700
   0.0036908200    0.0061698100   -0.0000149300
  -0.0035062400    0.0064004300   -0.0000944700
  -0.0040288700    0.0068348300   -0.0012473300
  -0.0036653600    0.0062328400    0.0000011400
  -0.0036156900    0.0062439600   -0.0000782500
  -0.0042830400    0.0058673300   -0.0003927100
  -0.0107615500   -0.0065010200    0.0002972200
  -0.0035823100    0.0061293600   -0.0000531800
  -0.0036268200    0.0062787100    0.0000649000
   0.0002750300   -0.0010233000   -0.0038863400
   0.0001577100   -0.0008835500   -0.0038465100
  -0.0000694100   -0.0010902900   -0.0040167100
   0.0000487500   -0.0010131300   -0.0040273700
   0.0050535700   -0.0024834700    0.0039426900
  -0.0001541500   -0.0010055200   -0.0042457400
  -0.0000267400   -0.0009836900   -0.0041235000
   0.0000772400   -0.0010365200   -0.0041316800
  -0.0000100600   -0.0000227600   -0.0012995500
   0.0000122000   -0.0000555900   -0.0013151900
   0.0000312600   -0.0004817200   -0.0011980500
  -0.0000442100    0.0000009400   -0.0013953500
   0.0000907800    0.0000940900   -0.0013686400
  -0.0001827500   -0.0000756300   -0.0014372700
   0.0009938200   -0.0012804200   -0.0004836000
   0.0001512100    0.0000614200   -0.0012902200
  -0.0029428400   -0.0067089500   -0.0102973800
   0.0009972800    0.0002626000   -0.0099713600
   0.0004596600   -0.0002320700   -0.0124285800
   0.0002783900   -0.0000961300   -0.0119605500
   0.0000448800   -0.0008980800   -0.0105028300
   0.0008104000    0.0014252000   -0.0115841100
  -0.0003923600    0.0002388900   -0.0120615900
   0.0001079000   -0.0003192500   -0.0120143100
  -0.0000464400   -0.0009046700    0.0136096800
   0.0003961300    0.0002448500    0.0120291000
  -0.0008123800    0.0014287500    0.0125122100
  -0.0001131600   -0.0003050400    0.0120701700
   0.0028213400   -0.0065361800    0.0137776200
  -0.0004655300   -0.0002408700    0.0116576800
  -0.0009906500    0.0002531100    0.0141068800
  -0.0002849100   -0.0001024500    0.0121353700

33   
  0.0066135640883203   0.0038183430066939   0.0064560844738054
   0.0141470700    0.0081678100    0.0059216100
   0.0009261400    0.0005347100    0.0025201900
  -0.0001245300    0.0000052400    0.0000536500
  -0.0000005600    0.0001405300   -0.0000666000
  -0.0000577300   -0.0001104700    0.0000536500
   0.0001214300   -0.0000707500   -0.0000666000
   0.0000857900    0.0000495300   -0.0000670900
   0.0001105700    0.0000638400   -0.0000418200
  -0.0066714200    0.0012911000    0.0014791000
  -0.0072921500    0.0005178400   -0.0003591900
  -0.0072137500    0.0000599400    0.0001485700
  -0.0072638700    0.0001600500    0.0001463400
  -0.0072778600   -0.0000480700    0.0000033400
  -0.0072136400    0.0001890500    0.0000777400
  -0.0071839100   -0.0000044400    0.0000047900
  -0.0071888400    0.0000185200    0.0000329600
   0.0033225700   -0.0002740200   -0.0000007400
   0.0000256900    0.0000431600   -0.0000490300
  -0.0005507300    0.0000953300    0.0006201900
  -0.0000511000   -0.0001415100   -0.0000905400
  -0.0000338400   -0.0000857800   -0.0000035800
   0.0000085000   -0.0000763200   -0.0000240500
  -0.0000016300   -0.0000335700   -0.0000159400
   0.0000680100   -0.0000415700    0.0000741500
   0.0067604800    0.0004294800    0.0006464700
   0.0075857000    0.0000634200   -0.0002208400
   0.0072231600    0.0007870200    0.0020867100
   0.0074916900    0.0001106200    0.0003995900
   0.0073268100   -0.0000367500   -0.0000055700
   0.0071983600   -0.0000637300   -0.0000409700
   0.0074361800    0.0000231900   -0.0000608300
   0.0071940900    0.0000787100    0.0000131700
  -0.0488889600   -0.0282260500   -0.0571414500
   0.0000801500    0.0000462800    0.0015289200
  -0.0000051500    0.0000211300    0.0014537800
   0.0000585900    0.0000224600    0.0014871800
   0.0000157300   -0.0000150300    0.0014537800
   0.0000487500    0.0000395100    0.0014871800
  -0.0001407900   -0.0000812800    0.0013664200
  -0.0000822700   -0.0000475000    0.0011025400
   0.0000303300    0.0013187600    0.0040408600
   0.0018924700    0.0010414500    0.0035265900
   0.0023472000    0.0007114400    0.0044315700
  -0.0002345000    0.0020382200    0.0060470900
  -0.0000931000    0.0010514600    0.0040078700
   0.0000436500    0.0010103600    0.0040475900
  -0.0000357900    0.0008913900    0.0039838300
   0.0000042300    0.0010536800    0.0040600500
  -0.0022175900   -0.0064231600    0.0014791000
  -0.0031976100   -0.0065741100   -0.0003591900
  -0.0036805600   -0.0062787800    0.0000033400
  -0.0034431000   -0.0063417200    0.0000777400
  -0.0035549700   -0.0062772600    0.0001485700
  -0.0034933200   -0.0063707200    0.0001463400
  -0.0035958000   -0.0062192300    0.0000047900
  -0.0035783800   -0.0062349800    0.0000329600
   0.0037593200   -0.0065235200   -0.0001182600
   0.0036627400   -0.0061849700    0.0000014000
   0.0053560400   -0.0061019800    0.0005201100
   0.0039636400   -0.0062742300    0.0003850600
   0.0037692300   -0.0064276100   -0.0000374400
   0.0036984200   -0.0062822200    0.0000449700
   0.0034999600   -0.0062150600    0.0000985200
   0.0036240000   -0.0063783000    0.0000238000
   0.0010151000    0.0005860700   -0.0040078100
   0.0051855300    0.0029938700   -0.0040981000
   0.0009507600    0.0007026200   -0.0040301800
   0.0014214800    0.0002536100   -0.0040324500
   0.0010838700    0.0004720700   -0.0040301800
   0.0009303800    0.0011042400   -0.0040324500
   0.0007872100    0.0004544900   -0.0039698700
   0.0008938000    0.0005160400   -0.0040890400
  -0.0010337600    0.0006317000   -0.0037997000
  -0.0008076800    0.0003901800   -0.0039746900
   0.0041909300   -0.0006183400   -0.0012737000
  -0.0013047100   -0.0003182600   -0.0044238600
  -0.0007478600    0.0004459600   -0.0040201900
  -0.0009035200    0.0005353100   -0.0041422400
  -0.0006453500    0.0004442300   -0.0038537300
  -0.0009528100    0.0004432300   -0.0040498000
   0.0014239800    0.0030144400   -0.0000007400
   0.0000502200    0.0000006700   -0.0000490300
  -0.0000912100    0.0000135800   -0.0000035800
  -0.0000618500    0.0000455200   -0.0000240500
  -0.0001928000   -0.0005246200    0.0006201900
  -0.0001481000    0.0000265000   -0.0000905400
  -0.0000298900    0.0000153800   -0.0000159400
  -0.0000020000    0.0000796900    0.0000741500
   0.0011572400   -0.0006331100    0.0040408600
   0.0018481600    0.0011182000    0.0035265900
   0.0008640400   -0.0006063500    0.0040078700
   0.0008968200   -0.0004673800    0.0040475900
   0.0017897200    0.0016770100    0.0044315700
   0.0016479000   -0.0012221900    0.0060470900
   0.0007540700   -0.0004766900    0.0039838300
   0.0009146200   -0.0005231800    0.0040600500
  -0.0012762400   -0.0007368400    0.0041489000
  -0.0009502900   -0.0005486500    0.0040781300
  -0.0009578300   -0.0007767100    0.0040461000
  -0.0009617700   -0.0004640000    0.0038636700
  -0.0011515600   -0.0004411500    0.0040461000
  -0.0008827200   -0.0006009200    0.0038636700
  -0.0010715700   -0.0006186700    0.0041293200
  -0.0007130900   -0.0004117100    0.0038542900
   0.0037521800    0.0056400100    0.0006464700
   0.0038477800    0.0065377000   -0.0002208400
   0.0036315800    0.0063635800   -0.0000055700
   0.0035439900    0.0062658300   -0.0000409700
   0.0042931600    0.0058619300    0.0020867100
   0.0038416400    0.0064326900    0.0003995900
   0.0037381800    0.0064283200   -0.0000608300
   0.0036652100    0.0061909100    0.0000131700
  -0.0037698700    0.0065174300   -0.0001182600
  -0.0035249700    0.0062645100    0.0000014000
  -0.0036818600    0.0064780500   -0.0000374400
  -0.0035913500    0.0063440400    0.0000449700
  -0.0026064500    0.0076894500    0.0005201100
  -0.0034518200    0.0065697300    0.0003850600
  -0.0036324200    0.0061385900    0.0000985200
  -0.0037117700    0.0063276300    0.0000238000
   0.0000301900   -0.0012111100   -0.0037997000
  -0.0000659400   -0.0008945600   -0.0039746900
   0.0000122800   -0.0008706400   -0.0040201900
   0.0000118400   -0.0010501300   -0.0041422400
   0.0015599600    0.0039386200   -0.0012737000
  -0.0009279700   -0.0009707800   -0.0044238600
   0.0000620400   -0.0007810000   -0.0038537300
  -0.0000925600   -0.0010467800   -0.0040498000
   0.0000077300    0.0000044700   -0.0012059100
   0.0000670600    0.0000387100   -0.0013432900
  -0.0000077400    0.0001224500   -0.0014686500
   0.0003594900   -0.0003418300   -0.0010300400
   0.0001021700   -0.0000679200   -0.0014686500
  -0.0001162900    0.0004822400   -0.0010300400
  -0.0014680800   -0.0008476000   -0.0016252400
  -0.0002492700   -0.0001439200    0.0199360300
   0.0023332200    0.0013470900   -0.0022514600
   0.0019892600    0.0011485000   -0.0117993700
   0.0005723300   -0.0005631000   -0.0124189600
   0.0002262800   -0.0002023100   -0.0119828700
  -0.0002014900    0.0007772000   -0.0124189600
  -0.0000620700    0.0002971200   -0.0119828700
  -0.0000690500   -0.0000398700   -0.0116947500
   0.0000810800    0.0000468100   -0.0114577400
   0.0000377900    0.0000218200    0.0120265300
  -0.0004296500   -0.0002480600    0.0125432900
  -0.0010735100    0.0006936200    0.0113400600
  -0.0001211300    0.0012029400    0.0127013100
   0.0000639400   -0.0012764900    0.0113400600
   0.0009812100   -0.0007063700    0.0127013100
   0.0021032300    0.0012143000    0.0113640500
   0.0005019900    0.0002898200    0.0096655400

33   
 -0.0066135640883203  -0.0038183430066939  -0.0064560844738054
  -0.0133826000   -0.0077264500   -0.0056799600
  -0.0009164600   -0.0005291200   -0.0025174000
   0.0001227600   -0.0000043600   -0.0000530800
   0.0000027500   -0.0001396100    0.0000621200
   0.0000576000    0.0001085000   -0.0000530800
  -0.0001195300    0.0000721900    0.0000621200
  -0.0000885800   -0.0000511400    0.0000691200
  -0.0001078200   -0.0000622500    0.0000369900
  -0.0077591900   -0.0012951100   -0.0014798400
  -0.0074129800   -0.0005093600    0.0002140700
  -0.0072080600   -0.0000618000   -0.0001444700
  -0.0071580100   -0.0001512100   -0.0001474900
  -0.0071365900    0.0000432800   -0.0000025800
  -0.0072032200   -0.0001872800   -0.0000759100
  -0.0072343600   -0.0000015300   -0.0000037500
  -0.0072301000   -0.0000048400   -0.0000326600
  -0.0032204800    0.0002211500   -0.0000395900
  -0.0000262600   -0.0000409100    0.0000525200
   0.0005435000   -0.0000878000   -0.0006089300
   0.0000544700    0.0001417500    0.0000861800
   0.0000335100    0.0000873300   -0.0000001600
  -0.0000062400    0.0000756900    0.0000246400
   0.0000016800    0.0000320900    0.0000123400
  -0.0000689000    0.0000406100   -0.0000740500
   0.0076699600   -0.0004446600   -0.0006544700
   0.0068367900   -0.0000535100    0.0002228300
   0.0071852600   -0.0007826100   -0.0020606700
   0.0069290700   -0.0001057800   -0.0004042000
   0.0070895100    0.0000309500    0.0000038400
   0.0072187800    0.0000695000    0.0000424600
   0.0069817100   -0.0000230500    0.0000599000
   0.0072224100   -0.0000653300   -0.0000148500
   0.0482777200    0.0278731600    0.0599614600
  -0.0000848300   -0.0000489800    0.0012037800
   0.0000061700   -0.0000197500    0.0012859200
  -0.0000599800   -0.0000212600    0.0012467600
  -0.0000140200    0.0000152100    0.0012859200
  -0.0000484000   -0.0000413100    0.0012467600
   0.0001400100    0.0000808400    0.0013779000
   0.0000810700    0.0000468000    0.0016236900
  -0.0000305000    0.0007044500    0.0040003700
  -0.0019001700    0.0009898200    0.0045331000
  -0.0023305800    0.0013075100    0.0036166000
   0.0002444000   -0.0000151800    0.0019963600
   0.0000939900    0.0009679200    0.0040425900
  -0.0000440100    0.0010126400    0.0040049300
   0.0000364800    0.0011303200    0.0040633200
  -0.0000037300    0.0009787300    0.0039929500
  -0.0050011900   -0.0060721100   -0.0014798400
  -0.0041476100   -0.0061651500    0.0002140700
  -0.0035308100   -0.0062021100   -0.0000025800
  -0.0037638000   -0.0061445300   -0.0000759100
  -0.0036575500   -0.0062114600   -0.0001444700
  -0.0037099600   -0.0061234100   -0.0001474900
  -0.0036185000   -0.0062643700   -0.0000037500
  -0.0036192400   -0.0062590300   -0.0000326600
   0.0034646800   -0.0059699000    0.0001117400
   0.0035441100   -0.0062948700   -0.0000000500
   0.0018506600   -0.0064047400   -0.0005315000
   0.0032477600   -0.0062069100   -0.0003823700
   0.0034391600   -0.0060690200    0.0000372500
   0.0035089400   -0.0061998800   -0.0000444300
   0.0037086100   -0.0062837200   -0.0000925900
   0.0035753200   -0.0061045700   -0.0000244900
   0.0007385600    0.0004264100   -0.0040556900
  -0.0035015500   -0.0020216200   -0.0039019200
   0.0008071900    0.0003102900   -0.0040237300
   0.0003270700    0.0007584200   -0.0040067100
   0.0006723200    0.0005439000   -0.0040237300
   0.0008203500   -0.0000959600   -0.0040067100
   0.0009622500    0.0005555500   -0.0040819300
   0.0008603900    0.0004967500   -0.0039484200
  -0.0007248900    0.0003817200   -0.0042563500
  -0.0009469700    0.0006213900   -0.0040704800
  -0.0057587700    0.0015241600   -0.0067001700
  -0.0004386800    0.0013442400   -0.0036062300
  -0.0010088700    0.0005672800   -0.0040278400
  -0.0008431300    0.0004738400   -0.0039016100
  -0.0011056700    0.0005696100   -0.0041951400
  -0.0008009500    0.0005665700   -0.0039928100
  -0.0014187100   -0.0028995900   -0.0000395900
  -0.0000485600   -0.0000022900    0.0000525200
   0.0000923800   -0.0000146400   -0.0000001600
   0.0000624300   -0.0000432500    0.0000246400
   0.0001957200    0.0005145900   -0.0006089300
   0.0001500000   -0.0000237000    0.0000861800
   0.0000286300   -0.0000145900    0.0000123400
   0.0000007200   -0.0000799800   -0.0000740500
   0.0005948200   -0.0003786400    0.0040003700
  -0.0000928800   -0.0021405100    0.0045331000
   0.0008852400   -0.0004025700    0.0040425900
   0.0008549700   -0.0005444300    0.0040049300
  -0.0000329500   -0.0026721000    0.0036166000
   0.0001090500    0.0002192400    0.0019963600
   0.0009971300   -0.0005335700    0.0040633200
   0.0008457400   -0.0004925900    0.0039929500
  -0.0004802800   -0.0002772900    0.0038911500
  -0.0008019700   -0.0004630200    0.0039764300
  -0.0008030300   -0.0002280900    0.0039943800
  -0.0007884500   -0.0005485700    0.0041915700
  -0.0005990500   -0.0005813900    0.0039943800
  -0.0008693000   -0.0004085300    0.0041915700
  -0.0006884700   -0.0003974900    0.0039294900
  -0.0010437900   -0.0006026300    0.0042035800
   0.0034498900    0.0068647100   -0.0006544700
   0.0033720600    0.0059475900    0.0002228300
   0.0035715600    0.0061242200    0.0000038400
   0.0036695800    0.0062169000    0.0000424600
   0.0029148700    0.0066139300   -0.0020606700
   0.0033729300    0.0060536300   -0.0004042000
   0.0034708900    0.0060578700    0.0000599000
   0.0035546300    0.0062874600   -0.0000148500
  -0.0034377400    0.0059854500    0.0001117400
  -0.0036794700    0.0062167200   -0.0000000500
  -0.0035363500    0.0060129100    0.0000372500
  -0.0036147900    0.0061387700   -0.0000444300
  -0.0046213400    0.0048050900   -0.0005315000
  -0.0037514600    0.0059161000   -0.0003823700
  -0.0035875600    0.0063536100   -0.0000925900
  -0.0034990600    0.0061486000   -0.0000244900
  -0.0000318700   -0.0008186300   -0.0042563500
   0.0000646600   -0.0011307900   -0.0040704800
  -0.0000131500   -0.0011573500   -0.0040278400
  -0.0000112100   -0.0009670900   -0.0039016100
  -0.0015594200   -0.0057493300   -0.0067001700
   0.0009448000   -0.0010520300   -0.0036062300
  -0.0000595400   -0.0012423400   -0.0041951400
   0.0000901900   -0.0009769300   -0.0039928100
  -0.0000068600   -0.0000039600   -0.0015213500
  -0.0000673900   -0.0000389100   -0.0013950600
   0.0000094800   -0.0001222500   -0.0012631800
  -0.0003615000    0.0003356500   -0.0017155300
  -0.0001011300    0.0000693400   -0.0012631800
   0.0001099300   -0.0004808900   -0.0017155300
   0.0014495000    0.0008368700   -0.0011143300
   0.0003365400    0.0001943000   -0.0231837200
  -0.0023415900   -0.0013519200   -0.0215018700
  -0.0020270300   -0.0011703100   -0.0122796600
  -0.0005679600    0.0005592100   -0.0116559200
  -0.0002261700    0.0001971400   -0.0120953700
   0.0002003100   -0.0007714700   -0.0116559200
   0.0000576400   -0.0002944400   -0.0120953700
   0.0000787000    0.0000454400   -0.0123877300
  -0.0000836500   -0.0000482900   -0.0126135100
  -0.0000356800   -0.0000206000    0.0120388700
   0.0004192600    0.0002420600    0.0115227600
   0.0010740900   -0.0006777500    0.0127277500
   0.0001189300   -0.0012189200    0.0113765200
  -0.0000499100    0.0012690700    0.0127277500
  -0.0009961500    0.0007124500    0.0113765200
  -0.0020763300   -0.0011987700    0.0127025900
  -0.0005187500   -0.0002995000    0.0144051200

41   
  0.0066135640883203   0.0038183430066939   0.0064560844738054
  -0.0001136800   -0.0001374500    0.0000942200
   0.0001313700   -0.0001150200   -0.0001291200
   0.0079004000   -0.0028965600    0.0009203600
   0.0000937600    0.0001350500    0.0001505000
   0.0000042300   -0.0001360300   -0.0000643300
  -0.0000495500   -0.0000874900   -0.0000125800
  -0.0000313800   -0.0000270800   -0.0000330000
  -0.0000933300   -0.0000640300   -0.0000572300
  -0.0083629400    0.0004748600    0.0025518200
  -0.0072384100    0.0001229100    0.0000864600
  -0.0079221100    0.0001921400    0.0001759500
  -0.0074041600   -0.0000105000   -0.0002078200
  -0.0072522500    0.0001436400    0.0000293300
  -0.0072941600    0.0000373100    0.0000724800
  -0.0073017100   -0.0000942600   -0.0000162400
  -0.0073181900    0.0000464600    0.0000091400
   0.0001172900   -0.0000347700    0.0003273100
   0.0184593900    0.0097376100    0.0027016700
   0.0001006900    0.0002106700    0.0001048900
   0.0000665600    0.0001531800   -0.0000078900
   0.0001523800    0.0000013800    0.0001406400
   0.0000020400   -0.0000179400   -0.0000576800
   0.0000249900   -0.0000665800    0.0000205400
   0.0001189100    0.0000963200    0.0000196800
   0.0206496900    0.0005857600    0.0127193500
   0.0094205000    0.0017176600    0.0016608400
   0.0071517500   -0.0000028500   -0.0001038300
   0.0071275300    0.0000768900    0.0000522300
   0.0072640700   -0.0002740500    0.0000916700
   0.0072392700   -0.0002214000    0.0001440400
   0.0072406500    0.0000805200   -0.0000048000
   0.0073160200   -0.0000306100    0.0000155400
   0.0000306700   -0.0001107300    0.0016273200
   0.0017717900   -0.0001661500    0.0011033500
   0.0024596400   -0.0001398400    0.0015585600
  -0.0002437800    0.0013610300    0.0032142800
  -0.0000932000   -0.0000555400    0.0014178200
   0.0000694700    0.0000244100    0.0013511000
  -0.0000625300    0.0000705200    0.0012501100
   0.0000037500    0.0001931900    0.0013226800
  -0.1030926900   -0.0327982300   -0.0501757700
   0.0000140300    0.0011915700    0.0040379900
  -0.0000745900    0.0010249500    0.0040363000
   0.0000348100    0.0009410000    0.0039671600
  -0.0001202100    0.0006901500    0.0040907500
   0.0000016100    0.0010757300    0.0038662700
  -0.0001790700    0.0008993300    0.0037773000
  -0.0000354300    0.0010620800    0.0039751900
  -0.0032564800   -0.0062900700   -0.0002426100
  -0.0037936400   -0.0062196800   -0.0000350100
  -0.0052388700   -0.0048325800    0.0059120800
  -0.0033066400   -0.0058809300    0.0002074200
  -0.0036090400   -0.0062672900   -0.0000139900
  -0.0035755300   -0.0062718300    0.0000102000
  -0.0035956900   -0.0063339900   -0.0001149100
  -0.0035817600   -0.0061941100    0.0000713700
   0.0053222700   -0.0045351400    0.0010921500
   0.0129006000   -0.0039374300    0.0126773500
   0.0036308200   -0.0061740900    0.0000132000
   0.0036702100   -0.0062147000    0.0000103400
   0.0035129800   -0.0063010700    0.0001148600
   0.0036187100   -0.0063588800    0.0000423200
   0.0035906800   -0.0062589200   -0.0000022500
   0.0036760400   -0.0063197900    0.0001330700
   0.0151122900   -0.0059511500   -0.0016692000
   0.0010791600    0.0004013300   -0.0041091400
   0.0015808800    0.0003757200   -0.0044736300
   0.0008712200    0.0002960000   -0.0038728500
   0.0008023900    0.0005212100   -0.0039760800
   0.0009354700    0.0005507000   -0.0041466700
   0.0009922400    0.0002449900   -0.0039389900
   0.0009810400    0.0005532400   -0.0040846400
   0.0224008900    0.0121306100   -0.0059203300
  -0.0013905600    0.0004299100   -0.0053665400
  -0.0011472800    0.0006506000   -0.0037152200
  -0.0008463400    0.0005919000   -0.0041077300
  -0.0008023700    0.0007303400   -0.0041171400
  -0.0008598800    0.0004842900   -0.0040276000
  -0.0008838200    0.0006268200   -0.0040411300
  -0.0008425600    0.0005709300   -0.0040886100
   0.0000208800    0.0001276900    0.0001628000
  -0.0004509200    0.0008225900    0.0001509200
  -0.0011403900   -0.0007490700    0.0004281800
  -0.0003206000    0.0002027800    0.0019278200
   0.0000959700    0.0000211300   -0.0000082300
   0.0000384400    0.0001205400   -0.0001030500
  -0.0000460500   -0.0000571300    0.0000464900
   0.0001242500   -0.0001810900   -0.0000149900
   0.0006784100   -0.0007261500    0.0042036800
   0.0007668400   -0.0005076900    0.0039854400
   0.0009758600   -0.0005402500    0.0040889000
   0.0008988200   -0.0004751200    0.0040501700
   0.0009424600   -0.0003178800    0.0039884700
   0.0010261000   -0.0004545200    0.0039084700
   0.0004014100   -0.0005549100    0.0039398100
   0.0013359200   -0.0005151100    0.0042425400
  -0.0006506400    0.0005095800    0.0041019900
  -0.0007941400   -0.0005969000    0.0039239400
  -0.0008554500   -0.0005950300    0.0040521900
  -0.0007133600   -0.0005401000    0.0040289200
  -0.0008033700   -0.0003993400    0.0041392400
  -0.0000060200    0.0010342700    0.0039788000
  -0.0008304100   -0.0005115200    0.0040634900
  -0.0009730800   -0.0004298900    0.0041058800
   0.0034374300    0.0068291600   -0.0000762200
   0.0036143300    0.0062148700    0.0000629600
   0.0038008700    0.0065356600   -0.0004049500
   0.0034834200    0.0063405800   -0.0002099900
   0.0035084100    0.0062354900    0.0002229300
   0.0037018800    0.0063713600    0.0001302400
   0.0046840400    0.0052666700    0.0005750100
   0.0034730200    0.0053071000   -0.0005520000
  -0.0034715800    0.0066541100   -0.0001889200
  -0.0031950100    0.0059450900    0.0003329500
  -0.0036569200    0.0061512700   -0.0000332500
  -0.0036072300    0.0062519100    0.0001395500
  -0.0035029000    0.0061063300   -0.0001125700
  -0.0029260100    0.0068448900   -0.0006013700
  -0.0033762200    0.0061193900    0.0001197900
  -0.0036534000    0.0061781200    0.0002215300
  -0.0001239800   -0.0008053700   -0.0035909300
   0.0000533900   -0.0008663400   -0.0040477700
   0.0000604100   -0.0009900800   -0.0039662800
   0.0001039100   -0.0010570500   -0.0038210700
  -0.0000615500   -0.0010253700   -0.0041814000
  -0.0015249100   -0.0019845000   -0.0038969200
  -0.0004213500   -0.0003552600   -0.0037344500
  -0.0002553800   -0.0012079600   -0.0039495400
   0.0000314100    0.0001063600   -0.0013266200
  -0.0000130100    0.0000134700   -0.0013207600
  -0.0000411000    0.0002140700   -0.0013585300
   0.0000117600   -0.0001428700   -0.0014302600
   0.0015621500    0.0049760900    0.0013590500
  -0.0007637600    0.0000939200   -0.0019746800
  -0.0001021800    0.0001029700   -0.0009591900
  -0.0000911200    0.0000181000   -0.0014293400
   0.0021997100    0.0042364500   -0.0089524100
   0.0042116400    0.0001218900   -0.0100827700
   0.0011500500   -0.0001777200   -0.0131831300
   0.0000184000    0.0005018200   -0.0117668400
  -0.0002654000   -0.0000366900   -0.0121681000
  -0.0000613200   -0.0004127000   -0.0117446100
   0.0002104100   -0.0001619000   -0.0119845100
  -0.0001409900   -0.0005419400   -0.0121685900
   0.0017352900    0.0017174500    0.0123997700
   0.0005272000    0.0001307400    0.0118006700
  -0.0001659000    0.0002130900    0.0120585900
  -0.0000246800    0.0004618000    0.0121014000
   0.0017155900   -0.0010363800    0.0133086400
   0.0001155100    0.0002061700    0.0122708200
  -0.0003181100    0.0002168600    0.0124418400
   0.0000015000   -0.0002441500    0.0122457400

41   
 -0.0066135640883203  -0.0038183430066939  -0.0064560844738054
   0.0001221600    0.0001357000   -0.0000970700
  -0.0001254400    0.0001147500    0.0001209300
  -0.0078651800    0.0029076600   -0.0009001000
  -0.0000905600   -0.0001394200   -0.0001463200
  -0.0000046500    0.0001325600    0.0000677500
   0.0000477000    0.0000933200    0.0000106200
   0.0000313000    0.0000252300    0.0000364500
   0.0000936500    0.0000619000    0.0000585900
  -0.0061073300   -0.0004618400   -0.0024412000
  -0.0071647300   -0.0001067300   -0.0000833300
  -0.0064805100   -0.0002032400   -0.0001846700
  -0.0070156200    0.0000003800    0.0002081700
  -0.0071635100   -0.0001543400   -0.0000313700
  -0.0071095700   -0.0000299100   -0.0000736200
  -0.0071130600    0.0000941600    0.0000154400
  -0.0070850600   -0.0000477200   -0.0000106700
  -0.0001387100    0.0000354600   -0.0003476500
  -0.0177539800   -0.0093248000   -0.0027204800
  -0.0001019300   -0.0002137600   -0.0001032100
  -0.0000628900   -0.0001539300    0.0000122800
  -0.0001493600   -0.0000050200   -0.0001385500
  -0.0000040400    0.0000200100    0.0000537700
  -0.0000206200    0.0000678400   -0.0000168100
  -0.0001218100   -0.0000973400   -0.0000182500
  -0.0069164000   -0.0005140000   -0.0134414300
   0.0049980700   -0.0016935800   -0.0016529400
   0.0072578900   -0.0000000700    0.0001048600
   0.0072865300   -0.0000854000   -0.0000492000
   0.0071459800    0.0002679400   -0.0000946200
   0.0071683300    0.0002356400   -0.0001443300
   0.0071748600   -0.0000851600    0.0000060500
   0.0070879000    0.0000295100   -0.0000167500
  -0.0000315900    0.0001121100    0.0010880800
  -0.0017636000    0.0001656500    0.0016049600
  -0.0024753200    0.0001406700    0.0011755700
   0.0002362600   -0.0013516700   -0.0004615700
   0.0000944300    0.0000555000    0.0013235600
  -0.0000696300   -0.0000234700    0.0013687300
   0.0000610700   -0.0000714900    0.0014832400
  -0.0000049100   -0.0001912900    0.0014072700
   0.1031241500    0.0347587000    0.0579676600
  -0.0000092500    0.0008589400    0.0040203400
   0.0000722000    0.0010065300    0.0040149000
  -0.0000367200    0.0010932000    0.0040775700
   0.0001202800    0.0013484900    0.0039513700
  -0.0000006300    0.0009674800    0.0041910600
   0.0001795800    0.0011394700    0.0042683300
   0.0000352700    0.0009734300    0.0040776400
  -0.0039407600   -0.0061844400    0.0002485200
  -0.0033988100   -0.0062550300    0.0000355500
  -0.0019531200   -0.0076692200   -0.0059660600
  -0.0039133900   -0.0066048500   -0.0002127900
  -0.0036050400   -0.0062103800    0.0000157900
  -0.0036200100   -0.0062046000   -0.0000090300
  -0.0036173900   -0.0061351000    0.0001154100
  -0.0036186000   -0.0062821900   -0.0000754600
   0.0018660200   -0.0079422900   -0.0010916900
  -0.0052705300   -0.0084711800   -0.0119198200
   0.0035749800   -0.0063012200   -0.0000129600
   0.0035462000   -0.0062699300   -0.0000103100
   0.0036965100   -0.0061827000   -0.0001157700
   0.0035816000   -0.0061072100   -0.0000408400
   0.0036183400   -0.0062178700    0.0000012700
   0.0035266300   -0.0061537900   -0.0001351900
  -0.0132602400    0.0068336000   -0.0064251400
   0.0006909800    0.0006228100   -0.0039370600
   0.0001801300    0.0006447400   -0.0035679500
   0.0008894200    0.0007238300   -0.0041798000
   0.0009614100    0.0004968500   -0.0040908300
   0.0008328600    0.0004711300   -0.0038937300
   0.0007776500    0.0007766000   -0.0041156600
   0.0007846600    0.0004664200   -0.0039616700
  -0.0247681600   -0.0114256300   -0.0019106800
  -0.0003817600    0.0005903100   -0.0026838200
  -0.0006038500    0.0003610400   -0.0043476900
  -0.0009090800    0.0004221300   -0.0039567900
  -0.0009687400    0.0002888100   -0.0039349200
  -0.0009064700    0.0005430700   -0.0040204400
  -0.0008848600    0.0003968400   -0.0040046100
  -0.0009184500    0.0004431000   -0.0039672100
  -0.0000247900   -0.0001295200   -0.0001654300
   0.0004575800   -0.0008266600   -0.0001561300
   0.0011362900    0.0007498400   -0.0004275400
   0.0003242300   -0.0002056300   -0.0019226900
  -0.0000963500   -0.0000172400    0.0000145400
  -0.0000381900   -0.0001224900    0.0000964800
   0.0000481700    0.0000574900   -0.0000478900
  -0.0001239900    0.0001825000    0.0000273600
   0.0010918600   -0.0002897500    0.0038514600
   0.0010074700   -0.0005145800    0.0040728700
   0.0007843700   -0.0004787100    0.0039655200
   0.0008676200   -0.0005377900    0.0039918200
   0.0008215800   -0.0006976200    0.0040516200
   0.0007394800   -0.0005683700    0.0041507100
   0.0013641800   -0.0004733900    0.0041093200
   0.0004292800   -0.0005088600    0.0038098100
  -0.0011158200   -0.0015308500    0.0039633500
  -0.0009755800   -0.0004249300    0.0041440800
  -0.0009054000   -0.0004197600    0.0039994400
  -0.0010520500   -0.0004748800    0.0040113500
  -0.0009729700   -0.0006210700    0.0038973800
  -0.0017571000   -0.0020497400    0.0040797100
  -0.0009320200   -0.0005078500    0.0039841700
  -0.0007916700   -0.0005895900    0.0039467900
   0.0037772400    0.0056321800    0.0000770000
   0.0035959300    0.0062486200   -0.0000615200
   0.0033987500    0.0059425200    0.0004016800
   0.0037234300    0.0061487500    0.0002138200
   0.0036924600    0.0062539600   -0.0002262000
   0.0035055300    0.0060939600   -0.0001285800
   0.0025074300    0.0072177100   -0.0005748700
   0.0037235700    0.0071573200    0.0005462100
  -0.0037389000    0.0058072000    0.0001870200
  -0.0040076200    0.0065137900   -0.0003304200
  -0.0035465200    0.0063261500    0.0000317700
  -0.0035983300    0.0062388500   -0.0001342700
  -0.0037021300    0.0063816100    0.0001127300
  -0.0042738400    0.0056146300    0.0006068100
  -0.0038251400    0.0063644400   -0.0001185400
  -0.0035410900    0.0062959600   -0.0002185100
   0.0001254600   -0.0012425800   -0.0044555100
  -0.0000524800   -0.0011762800   -0.0039987300
  -0.0000613200   -0.0010446300   -0.0040780800
  -0.0001046100   -0.0009798300   -0.0042362500
   0.0000562800   -0.0010156400   -0.0038440300
   0.0015162300   -0.0000574800   -0.0041499400
   0.0004178800   -0.0016874800   -0.0043199900
   0.0002575700   -0.0008283700   -0.0040911900
  -0.0000294700   -0.0000991300   -0.0014064800
   0.0000092600   -0.0000163900   -0.0014103800
   0.0000419500   -0.0002152700   -0.0013767000
  -0.0000122600    0.0001449800   -0.0012945700
  -0.0015571400   -0.0047627000   -0.0040188600
   0.0007823400   -0.0000989900   -0.0007522700
   0.0001035200   -0.0001035500   -0.0017668400
   0.0000916400   -0.0000169300   -0.0013018500
  -0.0022148400   -0.0044061100   -0.0152809200
  -0.0042135500   -0.0001177200   -0.0140068000
  -0.0011300600    0.0001880900   -0.0109106200
  -0.0000184900   -0.0005102900   -0.0123390000
   0.0002731300    0.0000246400   -0.0119375900
   0.0000580500    0.0004163500   -0.0123487900
  -0.0002154000    0.0001619700   -0.0121203600
   0.0001409100    0.0005456200   -0.0119280900
  -0.0017129700   -0.0016826300    0.0117024600
  -0.0005354800   -0.0001289400    0.0123032700
   0.0001642700   -0.0002085000    0.0120389300
   0.0000203800   -0.0004694800    0.0119893700
  -0.0017208400    0.0009802000    0.0108142700
  -0.0001052400   -0.0002034500    0.0118222500
   0.0003128200   -0.0002260700    0.0116548100
  -0.0000035900    0.0002467400    0.0118465900

41   
  0.0000000000000000  -0.0076366860133892   0.0064560844738050
   0.0000138300   -0.0001279200    0.0000866800
   0.0000686100    0.0001113400    0.0000174900
   0.0084283100   -0.0061866900    0.0008749900
  -0.0000166100   -0.0000093200    0.0000345800
   0.0001010200   -0.0000624500   -0.0000851500
   0.0000995900    0.0000521500   -0.0000025300
  -0.0002128500   -0.0000884700    0.0000849200
  -0.0000067100   -0.0000110500    0.0000578200
  -0.0151174900   -0.0011172300    0.0083887900
  -0.0070924600    0.0001013000   -0.0000187300
  -0.0071521600   -0.0002765800   -0.0005554000
  -0.0074474400   -0.0000294100   -0.0001236100
  -0.0069360200   -0.0001778300   -0.0000684700
  -0.0072501000   -0.0000162200    0.0000744300
  -0.0072512800   -0.0000558900   -0.0000491000
  -0.0072401100   -0.0000014500   -0.0000031900
  -0.0000138300   -0.0001279200    0.0000866800
  -0.0084283100   -0.0061866900    0.0008749900
  -0.0000686100    0.0001113400    0.0000174900
   0.0000166100   -0.0000093200    0.0000345800
  -0.0001010200   -0.0000624500   -0.0000851500
   0.0002128500   -0.0000884700    0.0000849200
  -0.0000995900    0.0000521500   -0.0000025300
   0.0000067100   -0.0000110500    0.0000578200
   0.0151174900   -0.0011172300    0.0083887900
   0.0071521600   -0.0002765800   -0.0005554000
   0.0070924600    0.0001013000   -0.0000187300
   0.0074474400   -0.0000294100   -0.0001236100
   0.0069360200   -0.0001778300   -0.0000684700
   0.0072512800   -0.0000558900   -0.0000491000
   0.0072501000   -0.0000162200    0.0000744300
   0.0072401100   -0.0000014500   -0.0000031900
   0.0000000000    0.0000425200    0.0009961900
  -0.0006392900    0.0001874000    0.0013688600
   0.0006392900    0.0001874000    0.0013688600
   0.0000000000    0.0005468300    0.0018435900
   0.0000000000   -0.0000091500    0.0013069600
  -0.0000384000    0.0001611200    0.0013329900
   0.0000384000    0.0001611200    0.0013329900
   0.0000000000   -0.0000375100    0.0013754300
   0.0000000000    0.0527273900   -0.0407708600
  -0.0000942400    0.0008542200    0.0040202100
   0.0000942400    0.0008542200    0.0040202100
   0.0000000000    0.0011312500    0.0039830000
   0.0000000000    0.0009734900    0.0045034700
  -0.0000584700    0.0009955400    0.0038676100
   0.0000584700    0.0009955400    0.0038676100
   0.0000000000    0.0010593700    0.0038925600
  -0.0032738500   -0.0062942800   -0.0006060600
  -0.0036771200   -0.0061252000    0.0000401400
  -0.0076544300   -0.0069466800    0.0066306500
  -0.0035019900   -0.0061251200    0.0001078300
  -0.0036162900   -0.0062310800   -0.0000757500
  -0.0035830900   -0.0061944100    0.0000180700
  -0.0032607200   -0.0066454900   -0.0003240800
  -0.0035691900   -0.0062062200    0.0000003100
   0.0032738500   -0.0062942800   -0.0006060600
   0.0076544300   -0.0069466800    0.0066306500
   0.0036771200   -0.0061252000    0.0000401400
   0.0035019900   -0.0061251200    0.0001078300
   0.0036162900   -0.0062310800   -0.0000757500
   0.0032607200   -0.0066454900   -0.0003240800
   0.0035830900   -0.0061944100    0.0000180700
   0.0035691900   -0.0062062200    0.0000003100
   0.0177160500   -0.0080701100   -0.0010529400
   0.0007776900    0.0004322300   -0.0041291200
   0.0012609000    0.0001298100   -0.0042762100
   0.0009722200    0.0005114900   -0.0039757900
   0.0004248400    0.0006026000   -0.0038648000
   0.0008318900    0.0005371600   -0.0040323900
   0.0009748300    0.0005236400   -0.0039856400
   0.0009035600    0.0004498000   -0.0040222500
  -0.0177160500   -0.0080701100   -0.0010529400
  -0.0012609000    0.0001298100   -0.0042762100
  -0.0007776900    0.0004322300   -0.0041291200
  -0.0009722200    0.0005114900   -0.0039757900
  -0.0004248400    0.0006026000   -0.0038648000
  -0.0009748300    0.0005236400   -0.0039856400
  -0.0008318900    0.0005371600   -0.0040323900
  -0.0009035600    0.0004498000   -0.0040222500
   0.0000000000    0.0000454300    0.0000827000
  -0.0008788500    0.0002150200    0.0003215000
   0.0008788500    0.0002150200    0.0003215000
   0.0000000000   -0.0000415100    0.0018147000
   0.0000000000   -0.0000416200   -0.0000078700
  -0.0001746400   -0.0001344400   -0.0000207200
   0.0001746400   -0.0001344400   -0.0000207200
   0.0000000000    0.0001554100    0.0001682400
   0.0013378500   -0.0011341000    0.0041847100
   0.0009959400   -0.0005317200    0.0039965300
   0.0007743300   -0.0005906600    0.0041986100
   0.0007460300   -0.0006116700    0.0039869300
   0.0007472100   -0.0004171100    0.0040480800
   0.0008699100   -0.0005771200    0.0040976900
   0.0017974800   -0.0018125600    0.0042368700
   0.0007168200   -0.0005743100    0.0039758800
  -0.0013378500   -0.0011341000    0.0041847100
  -0.0007743300   -0.0005906600    0.0041986100
  -0.0009959400   -0.0005317200    0.0039965300
  -0.0007460300   -0.0006116700    0.0039869300
  -0.0007472100   -0.0004171100    0.0040480800
  -0.0017974800   -0.0018125600    0.0042368700
  -0.0008699100   -0.0005771200    0.0040976900
  -0.0007168200   -0.0005743100    0.0039758800
   0.0036450600    0.0062152000    0.0000344300
   0.0037085200    0.0062046800    0.0001110800
   0.0029413300    0.0057665200    0.0003263000
   0.0035379500    0.0062720600   -0.0000002500
   0.0034279900    0.0062090000    0.0001213400
   0.0034751800    0.0062120600    0.0001314700
   0.0047296700    0.0050787800    0.0008078900
   0.0033250700    0.0062664800    0.0002326100
  -0.0036450600    0.0062152000    0.0000344300
  -0.0029413300    0.0057665200    0.0003263000
  -0.0037085200    0.0062046800    0.0001110800
  -0.0035379500    0.0062720600   -0.0000002500
  -0.0034279900    0.0062090000    0.0001213400
  -0.0047296700    0.0050787800    0.0008078900
  -0.0034751800    0.0062120600    0.0001314700
  -0.0033250700    0.0062664800    0.0002326100
   0.0000000000   -0.0012459400   -0.0037110500
  -0.0001128500   -0.0010833400   -0.0040739100
   0.0001128500   -0.0010833400   -0.0040739100
   0.0000000000   -0.0010004400   -0.0037798400
   0.0000000000   -0.0010489000   -0.0041416900
   0.0008612500   -0.0010705300   -0.0036002900
  -0.0008612500   -0.0010705300   -0.0036002900
   0.0000000000   -0.0009343100   -0.0037682600
   0.0000000000    0.0001414200   -0.0009863800
   0.0000345800   -0.0001759800   -0.0013868200
  -0.0000345800   -0.0001759800   -0.0013868200
   0.0000000000   -0.0000055200   -0.0014368600
   0.0000000000   -0.0049207600   -0.0013804800
  -0.0001709300   -0.0003814300   -0.0014192300
   0.0001709300   -0.0003814300   -0.0014192300
   0.0000000000    0.0000324700   -0.0013700800
   0.0000000000   -0.0021349200   -0.0105626800
   0.0017581000    0.0004989400   -0.0116866100
  -0.0017581000    0.0004989400   -0.0116866100
   0.0000000000    0.0000301800   -0.0121458300
   0.0000000000   -0.0000275300   -0.0118522100
  -0.0002266800   -0.0003790100   -0.0119402600
   0.0002266800   -0.0003790100   -0.0119402600
   0.0000000000    0.0001365800   -0.0121860900
   0.0000000000    0.0000914800    0.0112023100
   0.0000177600    0.0002282800    0.0119906700
  -0.0000177600    0.0002282800    0.0119906700
   0.0000000000   -0.0000027600    0.0120929300
   0.0000000000   -0.0018779800    0.0120799400
  -0.0000178100   -0.0001020100    0.0118108300
   0.0000178100   -0.0001020100    0.0118108300
   0.0000000000   -0.0002683700    0.0122771800

41   
  0.0000000000000000   0.0076366860133892  -0.0064560844738050
  -0.0000111200    0.0001309300   -0.0000919500
  -0.0000687200   -0.0001102600   -0.0000166700
  -0.0085084400    0.0061730000   -0.0008236700
   0.0000159400    0.0000078900   -0.0000366900
  -0.0001017100    0.0000621400    0.0000862700
  -0.0000990300   -0.0000509100    0.0000017100
   0.0002079800    0.0000831900   -0.0000784000
   0.0000078100    0.0000104900   -0.0000577900
   0.0008712100    0.0010591400   -0.0085309000
  -0.0073342300   -0.0000984100    0.0000200100
  -0.0072639600    0.0002644700    0.0005478800
  -0.0069820000    0.0000299400    0.0001211200
  -0.0074844200    0.0001722300    0.0000670200
  -0.0071770200    0.0000157800   -0.0000731800
  -0.0071767200    0.0000561200    0.0000480400
  -0.0071892600    0.0000020800    0.0000042700
   0.0000111200    0.0001309300   -0.0000919500
   0.0085084400    0.0061730000   -0.0008236700
   0.0000687200   -0.0001102600   -0.0000166700
  -0.0000159400    0.0000078900   -0.0000366900
   0.0001017100    0.0000621400    0.0000862700
  -0.0002079800    0.0000831900   -0.0000784000
   0.0000990300   -0.0000509100    0.0000017100
  -0.0000078100    0.0000104900   -0.0000577900
  -0.0008712100    0.0010591400   -0.0085309000
   0.0072639600    0.0002644700    0.0005478800
   0.0073342300   -0.0000984100    0.0000200100
   0.0069820000    0.0000299400    0.0001211200
   0.0074844200    0.0001722300    0.0000670200
   0.0071767200    0.0000561200    0.0000480400
   0.0071770200    0.0000157800   -0.0000731800
   0.0071892600    0.0000020800    0.0000042700
   0.0000000000   -0.0000419700    0.0017499400
   0.0006259800   -0.0001863700    0.0013825000
  -0.0006259800   -0.0001863700    0.0013825000
   0.0000000000   -0.0005547900    0.0008870100
   0.0000000000    0.0000113600    0.0014387600
   0.0000368700   -0.0001608000    0.0014118600
  -0.0000368700   -0.0001608000    0.0014118600
   0.0000000000    0.0000367600    0.0013688200
   0.0000000000   -0.0508702100    0.0487269600
   0.0000924800    0.0011650900    0.0040246400
  -0.0000924800    0.0011650900    0.0040246400
   0.0000000000    0.0008868900    0.0040631200
   0.0000000000    0.0010479800    0.0035392300
   0.0000584100    0.0010216400    0.0041770100
  -0.0000584100    0.0010216400    0.0041770100
   0.0000000000    0.0009614300    0.0041502600
  -0.0039493400   -0.0061909400    0.0006138700
  -0.0035361900   -0.0063688300   -0.0000399900
   0.0003510600   -0.0054904500   -0.0065147000
  -0.0037092100   -0.0063675300   -0.0001082900
  -0.0035959200   -0.0062648700    0.0000785300
  -0.0036308900   -0.0062995700   -0.0000183300
  -0.0039592300   -0.0058375700    0.0003234100
  -0.0036441700   -0.0062880400   -0.0000022500
   0.0039493400   -0.0061909400    0.0006138700
  -0.0003510600   -0.0054904500   -0.0065147000
   0.0035361900   -0.0063688300   -0.0000399900
   0.0037092100   -0.0063675300   -0.0001082900
   0.0035959200   -0.0062648700    0.0000785300
   0.0039592300   -0.0058375700    0.0003234100
   0.0036308900   -0.0062995700   -0.0000183300
   0.0036441700   -0.0062880400   -0.0000022500
  -0.0157204800    0.0090651800   -0.0070414800
   0.0009728000    0.0005783500   -0.0039154900
   0.0004852800    0.0008745700   -0.0037667100
   0.0007769400    0.0004973200   -0.0040687400
   0.0013326700    0.0004127100   -0.0041839800
   0.0009131000    0.0004700200   -0.0040121200
   0.0007705500    0.0004874400   -0.0040580700
   0.0008471400    0.0005592300   -0.0040208600
   0.0157204800    0.0090651800   -0.0070414800
  -0.0004852800    0.0008745700   -0.0037667100
  -0.0009728000    0.0005783500   -0.0039154900
  -0.0007769400    0.0004973200   -0.0040687400
  -0.0013326700    0.0004127100   -0.0041839800
  -0.0007705500    0.0004874400   -0.0040580700
  -0.0009131000    0.0004700200   -0.0040121200
  -0.0008471400    0.0005592300   -0.0040208600
   0.0000000000   -0.0000449100   -0.0000813500
   0.0008773000   -0.0002173300   -0.0003174300
  -0.0008773000   -0.0002173300   -0.0003174300
   0.0000000000    0.0000402400   -0.0018176600
   0.0000000000    0.0000417000    0.0000091700
   0.0001742700    0.0001352100    0.0000214400
  -0.0001742700    0.0001352100    0.0000214400
   0.0000000000   -0.0001520500   -0.0001661900
   0.0004054400    0.0001416800    0.0038637900
   0.0007515100   -0.0004793700    0.0040467700
   0.0009689700   -0.0004169400    0.0038558900
   0.0010048700   -0.0003962800    0.0040587600
   0.0010143000   -0.0005894200    0.0039832400
   0.0008721500   -0.0004327600    0.0039479400
  -0.0000507300    0.0008050600    0.0038124800
   0.0010350400   -0.0004374400    0.0040707000
  -0.0004054400    0.0001416800    0.0038637900
  -0.0009689700   -0.0004169400    0.0038558900
  -0.0007515100   -0.0004793700    0.0040467700
  -0.0010048700   -0.0003962800    0.0040587600
  -0.0010143000   -0.0005894200    0.0039832400
   0.0000507300    0.0008050600    0.0038124800
  -0.0008721500   -0.0004327600    0.0039479400
  -0.0010350400   -0.0004374400    0.0040707000
   0.0035644100    0.0062852500   -0.0000331100
   0.0035086000    0.0062889600   -0.0001093400
   0.0042676500    0.0067246400   -0.0003276100
   0.0036759500    0.0062214600    0.0000020400
   0.0037917200    0.0062835300   -0.0001227400
   0.0037423400    0.0062846700   -0.0001329200
   0.0024842200    0.0074117300   -0.0008052500
   0.0038832800    0.0062217600   -0.0002393100
  -0.0035644100    0.0062852500   -0.0000331100
  -0.0042676500    0.0067246400   -0.0003276100
  -0.0035086000    0.0062889600   -0.0001093400
  -0.0036759500    0.0062214600    0.0000020400
  -0.0037917200    0.0062835300   -0.0001227400
  -0.0024842200    0.0074117300   -0.0008052500
  -0.0037423400    0.0062846700   -0.0001329200
  -0.0038832800    0.0062217600   -0.0002393100
   0.0000000000   -0.0007842800   -0.0043277200
   0.0001128900   -0.0009365800   -0.0039695400
  -0.0001128900   -0.0009365800   -0.0039695400
   0.0000000000   -0.0010172000   -0.0042630500
   0.0000000000   -0.0009722800   -0.0038607300
  -0.0008591200   -0.0009446100   -0.0044483500
   0.0008591200   -0.0009446100   -0.0044483500
   0.0000000000   -0.0010865400   -0.0042754800
   0.0000000000   -0.0001401400   -0.0017484000
  -0.0000362000    0.0001763900   -0.0013565700
   0.0000362000    0.0001763900   -0.0013565700
   0.0000000000    0.0000022700   -0.0013102100
   0.0000000000    0.0050580700   -0.0012752000
   0.0001769200    0.0003846000   -0.0013272700
  -0.0001769200    0.0003846000   -0.0013272700
   0.0000000000   -0.0000323900   -0.0013757100
   0.0000000000    0.0021390400   -0.0135218700
  -0.0017604300   -0.0004965400   -0.0123913200
   0.0017604300   -0.0004965400   -0.0123913200
   0.0000000000   -0.0000289600   -0.0119178300
   0.0000000000    0.0000292800   -0.0122288700
   0.0002261700    0.0003731800   -0.0121340600
  -0.0002261700    0.0003731800   -0.0121340600
   0.0000000000   -0.0001276600   -0.0118885300
   0.0000000000   -0.0003401800    0.0131003900
  -0.0000224200   -0.0002337900    0.0120804100
   0.0000224200   -0.0002337900    0.0120804100
   0.0000000000    0.0000053700    0.0119796600
   0.0000000000    0.0021640100    0.0117851700
   0.0000236600    0.0001067400    0.0122555800
  -0.0000236600    0.0001067400    0.0122555800
   0.0000000000    0.0002727800    0.0117960900

137  
  0.0066135640883203   0.0038183430066939   0.0064560844738054
   0.0007621000    0.0004400000    0.0020932300
  -0.0000801300   -0.0000462600    0.0001826100
  -0.0010372500    0.0011060500    0.0006941400
   0.0005603400    0.0000989100   -0.0000494100
   0.0004392400   -0.0014513100    0.0006941400
   0.0003658300    0.0004358100   -0.0000494100
  -0.0001496300   -0.0000863900    0.0002387200
  -0.0001465700   -0.0000846200    0.0001351700
   0.0002528100    0.0069795000    0.0029745600
  -0.0054572000   -0.0002189200    0.0029645600
  -0.0070677600    0.0000542800    0.0000083300
  -0.0071508600   -0.0002191100    0.0000592800
  -0.0068617500   -0.0001564800    0.0008899700
  -0.0083285100   -0.0013982100    0.0004802500
  -0.0072549700    0.0001758700   -0.0000684100
  -0.0070712300   -0.0000845300   -0.0001364400
  -0.0009586700    0.0021455000   -0.0007567600
   0.0022614200    0.0033344600    0.0018426300
  -0.0004759600    0.0001254200    0.0001538200
   0.0001165600    0.0001203600   -0.0002162900
   0.0005885200    0.0016931500   -0.0012046600
   0.0002632300   -0.0003093900    0.0002248900
   0.0000958400    0.0003393200    0.0003155000
   0.0000887900   -0.0001474900   -0.0000877000
   0.0076217300    0.0012972600    0.0023008600
   0.0077185900    0.0007246300   -0.0001347700
   0.0065823300   -0.0003545200    0.0007832600
   0.0069822700    0.0002763500    0.0000695200
   0.0067900200   -0.0001945200    0.0007304000
   0.0071989900   -0.0003877400    0.0000663000
   0.0075573700   -0.0000999100    0.0003623100
   0.0075159400    0.0002995000    0.0000933900
   0.0023310600    0.0013458400    0.0108296600
   0.0021119300    0.0012193300    0.0015121400
   0.0004932400   -0.0005116000    0.0010376400
   0.0002273900   -0.0002562100    0.0014596300
  -0.0001964400    0.0006829600    0.0010376400
  -0.0001081900    0.0003250300    0.0014596300
  -0.0000282300   -0.0000163000    0.0016455600
   0.0000787400    0.0000454600    0.0019479000
   0.0022244000    0.0042057000    0.0079782900
   0.0042553100    0.0007382600    0.0061227700
   0.0010751500    0.0009973200    0.0028490000
   0.0000210100    0.0013891100    0.0043715300
  -0.0002673300    0.0008333400    0.0039889800
   0.0001209800    0.0011363800    0.0038133000
   0.0000339300    0.0010381300    0.0041584200
  -0.0001481500    0.0007985100    0.0036997100
   0.0061708300   -0.0032708100    0.0029745600
  -0.0029181900   -0.0046166200    0.0029645600
  -0.0035663900   -0.0058642100    0.0008899700
  -0.0053751400   -0.0065136000    0.0004802500
  -0.0034868700   -0.0061480000    0.0000083300
  -0.0037651800   -0.0060832700    0.0000592800
  -0.0034751700   -0.0063709200   -0.0000684100
  -0.0036088200   -0.0060816000   -0.0001364400
   0.0127460000   -0.0081496100    0.0011956900
   0.0037830400   -0.0048990200    0.0016768000
   0.0028134300   -0.0052160700    0.0019549500
   0.0015946900   -0.0054783400    0.0003947700
   0.0036344500   -0.0062661800   -0.0001234900
   0.0034520400   -0.0063332600   -0.0000886400
   0.0038601400   -0.0062816700   -0.0000322900
   0.0036645000   -0.0060709300    0.0002340500
   0.0012368800    0.0007141100   -0.0053891900
   0.0007882900    0.0004551200   -0.0016960800
   0.0009101500    0.0004323300   -0.0043344600
   0.0008339000    0.0003952300   -0.0040198500
   0.0008294800    0.0005720500   -0.0043344600
   0.0007592300    0.0005245600   -0.0040198500
   0.0011423900    0.0006595600   -0.0043211000
   0.0009059900    0.0005230700   -0.0035040700
   0.0010444500    0.0013929400   -0.0033773500
  -0.0007443100    0.0004722700   -0.0037584800
   0.0008023900    0.0015149800   -0.0039236900
  -0.0004994000    0.0000690600   -0.0036849400
  -0.0009213000    0.0009149400   -0.0042430800
  -0.0007497600    0.0004025200   -0.0037826300
  -0.0006419700    0.0003567400   -0.0039584800
  -0.0008857500    0.0005174100   -0.0039556600
   0.0013787200   -0.0019029800   -0.0007567600
   0.0040184300    0.0002912200    0.0018426300
   0.0017605700   -0.0003369000   -0.0012046600
  -0.0001363200    0.0003826500    0.0002248900
  -0.0001293600   -0.0004749000    0.0001538200
   0.0001625200    0.0000407700   -0.0002162900
   0.0003417800   -0.0000866600    0.0003155000
  -0.0000833300    0.0001506400   -0.0000877000
   0.0047544400   -0.0001764600    0.0079782900
   0.0027670100    0.0033160700    0.0061227700
   0.0005880300   -0.0006481900    0.0039889800
   0.0010446200   -0.0004634200    0.0038133000
   0.0014012800    0.0004324400    0.0028490000
   0.0012135100   -0.0006763600    0.0043715300
   0.0009160200   -0.0004896800    0.0041584200
   0.0006174600   -0.0005275600    0.0036997100
   0.0020284600    0.0011711300    0.0040771600
  -0.0007171600   -0.0004140500    0.0040308700
  -0.0018734700    0.0004639100    0.0042472000
  -0.0009920100   -0.0002729800    0.0045459600
  -0.0005349800   -0.0018544300    0.0042472000
  -0.0007324200   -0.0007226200    0.0045459600
  -0.0007902400   -0.0004562400    0.0037597300
  -0.0012775900   -0.0007376200    0.0042613400
   0.0049343300    0.0059519800    0.0023008600
   0.0044868500    0.0063221800   -0.0001347700
   0.0032265500    0.0059775900    0.0007304000
   0.0032637100    0.0064283700    0.0000663000
   0.0029841400    0.0058777300    0.0007832600
   0.0037304600    0.0059086500    0.0000695200
   0.0036921600    0.0065948300    0.0003623100
   0.0040173500    0.0063592400    0.0000933900
  -0.0006847700    0.0151131600    0.0011956900
  -0.0023511500    0.0057257100    0.0016768000
  -0.0036094500    0.0062806200   -0.0001234900
  -0.0037587400    0.0061561800   -0.0000886400
  -0.0031105300    0.0050445400    0.0019549500
  -0.0039470300    0.0041202100    0.0003947700
  -0.0035100100    0.0064838100   -0.0000322900
  -0.0034253300    0.0062090200    0.0002340500
   0.0017285500    0.0002080500   -0.0033773500
   0.0000368400   -0.0008807300   -0.0037584800
   0.0003317100   -0.0012553400   -0.0042430800
  -0.0000262900   -0.0008505700   -0.0037826300
   0.0017132100   -0.0000626000   -0.0039236900
  -0.0001898900   -0.0004670200   -0.0036849400
  -0.0000120400   -0.0007343400   -0.0039584800
   0.0000052200   -0.0010257900   -0.0039556600
   0.0000386100    0.0000222900   -0.0013831300
  -0.0004351700   -0.0002512400   -0.0008411900
  -0.0010636700    0.0006891500   -0.0020612800
  -0.0001211100    0.0019543800   -0.0011516300
   0.0000649900   -0.0012657400   -0.0020612800
   0.0016319900   -0.0010820800   -0.0011516300
   0.0014518500    0.0008382300   -0.0011581700
   0.0005014000    0.0002894800   -0.0037417000
  -0.0710151900   -0.0410006400   -0.0621405000
  -0.0055272700   -0.0031911700   -0.0171851000
   0.0021983600    0.0003983200   -0.0113857800
  -0.0003846000   -0.0003860300   -0.0119129300
   0.0014441300    0.0017046800   -0.0113857800
  -0.0005266100   -0.0001400600   -0.0119129300
  -0.0004611600   -0.0002662500   -0.0117819300
  -0.0009457000   -0.0005460000   -0.0127471800
   0.0015287900    0.0008826400    0.0078361700
   0.0007951800    0.0004591000    0.0111364100
   0.0009236000   -0.0007225400    0.0119986800
   0.0007763100   -0.0021067900    0.0108166100
  -0.0001639400    0.0011611300    0.0119986800
  -0.0014363800    0.0017257000    0.0108166100
   0.0004872300    0.0002813000    0.0136513400
   0.0007063000    0.0004077800    0.0123337000

137  
 -0.0066135640883203  -0.0038183430066939  -0.0064560844738054
  -0.0007409400   -0.0004277800   -0.0020984700
   0.0000726300    0.0000419300   -0.0001705900
   0.0010418100   -0.0011167500   -0.0007104600
  -0.0005555700   -0.0000981500    0.0000495500
  -0.0004462300    0.0014606100   -0.0007104600
  -0.0003627800   -0.0004320600    0.0000495500
   0.0001492800    0.0000861900   -0.0002376300
   0.0001531300    0.0000884100   -0.0001362400
  -0.0144720700   -0.0067118900   -0.0029665900
  -0.0090033700    0.0002151300   -0.0029965000
  -0.0073474300   -0.0000557500   -0.0000111000
  -0.0072631600    0.0002186400   -0.0000608000
  -0.0075679200    0.0001591100   -0.0008808200
  -0.0060992600    0.0014013800   -0.0004910200
  -0.0071752600   -0.0001855700    0.0000688400
  -0.0073455000    0.0000696600    0.0001343500
   0.0008182500   -0.0021022700    0.0006219300
  -0.0022464800   -0.0033135600   -0.0018319700
   0.0004716300   -0.0001331700   -0.0001397800
  -0.0001207100   -0.0001170600    0.0002163100
  -0.0005839900   -0.0016878600    0.0012096200
  -0.0002631700    0.0003043400   -0.0002299900
  -0.0000866000   -0.0003338600   -0.0003118000
  -0.0000879300    0.0001474700    0.0000895200
   0.0067990100   -0.0012976500   -0.0023248200
   0.0067086300   -0.0007342800    0.0001397800
   0.0078264200    0.0003576400   -0.0007689500
   0.0074267300   -0.0002751600   -0.0000699400
   0.0076335100    0.0002112200   -0.0007420900
   0.0072296400    0.0004006700   -0.0000689300
   0.0068791800    0.0000854400   -0.0003612100
   0.0069123000   -0.0003103800   -0.0000907200
  -0.0023458400   -0.0013543700   -0.0084051100
  -0.0020677000   -0.0011937900    0.0012598800
  -0.0004834300    0.0005163900    0.0016935000
  -0.0002231300    0.0002586500    0.0012792900
   0.0002054900   -0.0006768600    0.0016935000
   0.0001124300   -0.0003225600    0.0012792900
   0.0000186000    0.0000107400    0.0011098600
  -0.0000852000   -0.0000491900    0.0008034500
  -0.0021900700   -0.0019943300    0.0002072700
  -0.0042947400    0.0012897200    0.0018732800
  -0.0010806400    0.0010279000    0.0052001900
  -0.0000156900    0.0006295500    0.0036696000
   0.0002707800    0.0011839600    0.0040574700
  -0.0001159400    0.0008870200    0.0042244000
  -0.0000354500    0.0009873500    0.0038719100
   0.0001342100    0.0012239200    0.0043304800
  -0.0130487100   -0.0091772400   -0.0029665900
  -0.0043153800   -0.0079047100   -0.0029965000
  -0.0036461700   -0.0066335700   -0.0008808200
  -0.0018360000   -0.0059828100   -0.0004910200
  -0.0037220000   -0.0063351800   -0.0000111000
  -0.0034422300   -0.0063994000   -0.0000608000
  -0.0037483400   -0.0061211800    0.0000688400
  -0.0036124200   -0.0063962200    0.0001343500
  -0.0058361700   -0.0042590100   -0.0012150300
   0.0034515100   -0.0075791100   -0.0016409900
   0.0043932000   -0.0072788100   -0.0019715500
   0.0056104800   -0.0070031600   -0.0003818000
   0.0035744500   -0.0062198500    0.0001211500
   0.0037579800   -0.0061580700    0.0000880600
   0.0033631700   -0.0062002000    0.0000362100
   0.0035561400   -0.0064201400   -0.0002319500
   0.0007931000    0.0004579000   -0.0023778800
   0.0006994500    0.0004038300   -0.0066384400
   0.0008273400    0.0005725400   -0.0036973600
   0.0009199300    0.0006118900   -0.0040279700
   0.0009095100    0.0004302300   -0.0036973600
   0.0009898700    0.0004907400   -0.0040279700
   0.0006063000    0.0003500400   -0.0037132200
   0.0008513300    0.0004915100   -0.0045362700
  -0.0028080600   -0.0003652000   -0.0046387100
  -0.0009982300    0.0005460800   -0.0042837900
  -0.0025808100   -0.0004996200   -0.0040915000
  -0.0012517100    0.0009415500   -0.0043528800
  -0.0008282800    0.0000888100   -0.0037838100
  -0.0010046300    0.0006022300   -0.0042555700
  -0.0011016800    0.0006581900   -0.0040866900
  -0.0008714400    0.0005020500   -0.0040963500
  -0.0014115000    0.0017597600    0.0006219300
  -0.0039928700   -0.0002887300   -0.0018319700
  -0.0017537300    0.0003381800    0.0012096200
   0.0001319800   -0.0003800800   -0.0002299900
   0.0001204900    0.0004750300   -0.0001397800
  -0.0001617300   -0.0000460000    0.0002163100
  -0.0003324300    0.0000919300   -0.0003118000
   0.0000837500   -0.0001498900    0.0000895200
  -0.0028221800   -0.0008994900    0.0002072700
  -0.0010304400   -0.0043642200    0.0018732800
   0.0011607300   -0.0003574800    0.0040574700
   0.0007102100   -0.0005439200    0.0042244000
   0.0003498700   -0.0014498100    0.0052001900
   0.0005373600   -0.0003283700    0.0036696000
   0.0008373500   -0.0005243800    0.0038719100
   0.0011270500   -0.0004957300    0.0043304800
  -0.0037874600   -0.0021866900    0.0040015300
  -0.0010193300   -0.0005885100    0.0039953000
   0.0001274800   -0.0014673300    0.0038103000
  -0.0007578800   -0.0007394700    0.0034884100
  -0.0012070100    0.0008440700    0.0038103000
  -0.0010193400   -0.0002866100    0.0034884100
  -0.0009496100   -0.0005482600    0.0042750800
  -0.0004718200   -0.0002724100    0.0037646800
   0.0022757000    0.0065369400   -0.0023248200
   0.0027184100    0.0061769900    0.0001397800
   0.0039996800    0.0065052100   -0.0007420900
   0.0039618100    0.0060607200   -0.0000689300
   0.0042229400    0.0065990600   -0.0007689500
   0.0034750800    0.0065693200   -0.0000699400
   0.0035135800    0.0059148200   -0.0003612100
   0.0031873500    0.0061414100   -0.0000907200
  -0.0066064900   -0.0029247600   -0.0012150300
  -0.0048379500    0.0067786600   -0.0016409900
  -0.0035993200    0.0062054900    0.0001211500
  -0.0034540500    0.0063335400    0.0000880600
  -0.0041070300    0.0074440300   -0.0019715500
  -0.0032596800    0.0083604000   -0.0003818000
  -0.0036879500    0.0060126900    0.0000362100
  -0.0037819300    0.0062897800   -0.0002319500
  -0.0017203100   -0.0022492500   -0.0046387100
  -0.0000261900   -0.0011375400   -0.0042837900
  -0.0003372300   -0.0007617200   -0.0037838100
   0.0000192300   -0.0011711500   -0.0042555700
  -0.0017230900   -0.0019852400   -0.0040915000
   0.0001895500   -0.0015547900   -0.0043528800
   0.0000191600   -0.0012831800   -0.0040866900
  -0.0000009300   -0.0010057200   -0.0040963500
  -0.0000372100   -0.0000214800   -0.0013749500
   0.0004232400    0.0002443600   -0.0018844900
   0.0010734100   -0.0006756000   -0.0006807700
   0.0001217000   -0.0019620700   -0.0016006500
  -0.0000483800    0.0012674000   -0.0006807700
  -0.0016383600    0.0010864300   -0.0016006500
  -0.0014348900   -0.0008284300   -0.0015905900
  -0.0005204500   -0.0003004800    0.0009991400
   0.0706460900    0.0407875400    0.0383520000
   0.0055165300    0.0031849700   -0.0069111900
  -0.0021990600   -0.0003953500   -0.0126813000
   0.0004013000    0.0003829500   -0.0121492200
  -0.0014419200   -0.0017067700   -0.0126813000
   0.0005322900    0.0001560600   -0.0121492200
   0.0004494500    0.0002594900   -0.0123138500
   0.0009773300    0.0005642600   -0.0113198000
  -0.0014792800   -0.0008540600    0.0162618900
  -0.0007126200   -0.0004114300    0.0129370900
  -0.0009561400    0.0007136400    0.0120638300
  -0.0007921800    0.0021397800    0.0132814900
   0.0001399600   -0.0011848600    0.0120638300
   0.0014570100   -0.0017559400    0.0132814900
  -0.0005043500   -0.0002911800    0.0104092300
  -0.0006917500   -0.0003993800    0.0117368800
