# Tetrahedron method
       -2.2203097111        0.0000000000        0.0000000000        0.0000000000        0.0000000000        0.0000000000        0.0000000000        0.0000000000        0.0000000000        0.0000000000        0.0000000000        0.0000000000        0.0000000000        0.0000000000        0.0000000000        0.0000000000        0.0000000000        0.0000000000        0.0000000000        0.0000000000
       -2.0656515838        0.0000000000        0.0000000000        0.0000000000        0.0000000000        0.0000000000        0.0000000000        0.0000000000        0.0000000000        0.0000000000        0.0000000000        0.0000000000        0.0000000000        0.0000000000        0.0000000000        0.0000000000        0.0000000000        0.0000000000        0.0000000000        0.0000000000
       -1.9109934566        0.0000000000        0.0000000000        0.0000000000        0.0000000000        0.0000000000        0.0000000000        0.0000000000        0.0000000000        0.0000000000        0.0000000000        0.0000000000        0.0000000000        0.0000000000        0.0000000000        0.0000000000        0.0000000000        0.0000000000        0.0000000000        0.0000000000
       -1.7563353294        0.0000000000        0.0000000000        0.0000000000        0.0000000000        0.0000000000        0.0000000000        0.0000000000        0.0000000000        0.0000000000        0.0000000000        0.0000000000        0.0000000000        0.0000000000        0.0000000000        0.0000000000        0.0000000000        0.0000000000        0.0000000000        0.0000000000
       -1.6016772021        0.0000000000        0.0000000000        0.0000000000        0.0000000000        0.0000000000        0.0000000000        0.0000000000        0.0000000000        0.0000000000        0.0000000000        0.0000000000        0.0000000000        0.0000000000        0.0000000000        0.0000000000        0.0000000000        0.0000000000        0.0000000000        0.0000000000
       -1.4470190749        0.0000000000        0.0000000000        0.0000000000        0.0000000000        0.0000000000        0.0000000000        0.0000000000        0.0000000000        0.0000000000        0.0000000000        0.0000000000        0.0000000000        0.0000000000        0.0000000000        0.0000000000        0.0000000000        0.0000000000        0.0000000000        0.0000000000
       -1.2923609476        0.0000000000        0.0000000000        0.0000000000        0.0000000000        0.0000000000        0.0000000000        0.0000000000        0.0000000000        0.0000000000        0.0000000000        0.0000000000        0.0000000000        0.0000000000        0.0000000000        0.0000000000        0.0000000000        0.0000000000        0.0000000000        0.0000000000
       -1.1377028204        0.0000000000        0.0000000000        0.0000000000        0.0000000000        0.0000000000        0.0000000000        0.0000000000        0.0000000000        0.0000000000        0.0000000000        0.0000000000        0.0000000000        0.0000000000        0.0000000000        0.0000000000        0.0000000000        0.0000000000        0.0000000000        0.0000000000
       -0.9830446932        0.0000000000        0.0000000000        0.0000000000        0.0000000000        0.0000000000        0.0000000000        0.0000000000        0.0000000000        0.0000000000        0.0000000000        0.0000000000        0.0000000000        0.0000000000        0.0000000000        0.0000000000        0.0000000000        0.0000000000        0.0000000000        0.0000000000
       -0.8283865659        0.0000000000        0.0000000000        0.0000000000        0.0000000000        0.0000000000        0.0000000000        0.0000000000        0.0000000000        0.0000000000        0.0000000000        0.0000000000        0.0000000000        0.0000000000        0.0000000000        0.0000000000        0.0000000000        0.0000000000        0.0000000000        0.0000000000
       -0.6737284387        0.0000000000        0.0000000000        0.0000000000        0.0000000000        0.0000000000        0.0000000000        0.0000000000        0.0000000000        0.0000000000        0.0000000000        0.0000000000        0.0000000000        0.0000000000        0.0000000000        0.0000000000        0.0000000000        0.0000000000        0.0000000000        0.0000000000
       -0.5190703115        0.0000000000        0.0000000000        0.0000000000        0.0000000000        0.0000000000        0.0000000000        0.0000000000        0.0000000000        0.0000000000        0.0000000000        0.0000000000        0.0000000000        0.0000000000        0.0000000000        0.0000000000        0.0000000000        0.0000000000        0.0000000000        0.0000000000
       -0.3644121842        0.0000000000        0.0000000000        0.0000000000        0.0000000000        0.0000000000        0.0000000000        0.0000000000        0.0000000000        0.0000000000        0.0000000000        0.0000000000        0.0000000000        0.0000000000        0.0000000000        0.0000000000        0.0000000000        0.0000000000        0.0000000000        0.0000000000
       -0.2097540570        0.0000000000        0.0000000000        0.0000000000        0.0000000000        0.0000000000        0.0000000000        0.0000000000        0.0000000000        0.0000000000        0.0000000000        0.0000000000        0.0000000000        0.0000000000        0.0000000000        0.0000000000        0.0000000000        0.0000000000        0.0000000000        0.0000000000
       -0.0550959298        0.0000000000        0.0000000000        0.0000000000        0.0000000000        0.0000000000        0.0000000000        0.0000000000        0.0000000000        0.0000000000        0.0000000000        0.0000000000        0.0000000000        0.0000000000        0.0000000000        0.0000000000        0.0000000000        0.0000000000        0.0000000000        0.0000000000
        0.0995621975        0.0000000000        0.0000000000        0.0000000000        0.0000000000        0.0000000000        0.0000000000        0.0000000000        0.0000000000        0.0000000000        0.0000000000        0.0000000000        0.0000000000        0.0000000000        0.0000000000        0.0000000000        0.0000000000        0.0000000000        0.0000000000        0.0000000000
        0.2542203247        0.0000000000        0.0000000000        0.0000000000        0.0000000000        0.0000000000        0.0000000000        0.0000000000        0.0000000000        0.0000000000        0.0000000000        0.0000000000        0.0000000000        0.0000000000        0.0000000000        0.0000000000        0.0000000000        0.0000000000        0.0000000000        0.0000000000
        0.4088784520        0.0000492120        0.0000492450        0.0000492120        0.0000492450        0.0000492228        0.0000492253        0.0000492450        0.0000492450        0.0000492253        0.0000492253        0.0000492123        0.0000492253        0.0000492253        0.0000492450        0.0000492450        0.0000492253        0.0000492228        0.0002793464        0.0002793464
        0.5635365792        0.0001103378        0.0001105086        0.0001103378        0.0001105086        0.0001104123        0.0001104246        0.0001105086        0.0001105086        0.0001104246        0.0001104246        0.0001103377        0.0001104246        0.0001104246        0.0001105086        0.0001105086        0.0001104246        0.0001104123        0.0006292625        0.0006292625
        0.7181947064        0.0001860592        0.0001865288        0.0001860592        0.0001865288        0.0001862673        0.0001862615        0.0001865289        0.0001865289        0.0001862616        0.0001862616        0.0001860578        0.0001862616        0.0001862616        0.0001865289        0.0001865289        0.0001862615        0.0001862673        0.0010665131        0.0010665131
        0.8728528337        0.0003017288        0.0003028976        0.0003017288        0.0003028976        0.0003022031        0.0003022049        0.0003028976        0.0003028976        0.0003022051        0.0003022051        0.0003017270        0.0003022051        0.0003022051        0.0003028976        0.0003028976        0.0003022049        0.0003022031        0.0017410865        0.0017410865
        1.0275109609        0.0004074151        0.0004096400        0.0004074151        0.0004096400        0.0004082831        0.0004083169        0.0004096400        0.0004096400        0.0004083168        0.0004083168        0.0004074158        0.0004083168        0.0004083168        0.0004096400        0.0004096400        0.0004083169        0.0004082831        0.0023696704        0.0023696704
        1.1821690881        0.0005561922        0.0005602604        0.0005561922        0.0005602604        0.0005577477        0.0005578032        0.0005602604        0.0005602604        0.0005578031        0.0005578031        0.0005561926        0.0005578031        0.0005578031        0.0005602604        0.0005602604        0.0005578032        0.0005577477        0.0032643131        0.0032643131
        1.3368272154        0.0007170607        0.0007237680        0.0007170607        0.0007237680        0.0007196634        0.0007196877        0.0007237679        0.0007237679        0.0007196875        0.0007196875        0.0007170624        0.0007196875        0.0007196875        0.0007237679        0.0007237679        0.0007196877        0.0007196634        0.0042536858        0.0042536858
        1.4914853426        0.0008917405        0.0009022151        0.0008917405        0.0009022151        0.0008957595        0.0008958475        0.0009022149        0.0009022149        0.0008958470        0.0008958470        0.0008917450        0.0008958470        0.0008958470        0.0009022149        0.0009022149        0.0008958475        0.0008957595        0.0053549711        0.0053549711
        1.6461434698        0.0010857215        0.0011013619        0.0010857215        0.0011013619        0.0010917162        0.0010918340        0.0011013618        0.0011013618        0.0010918338        0.0010918338        0.0010857231        0.0010918338        0.0010918338        0.0011013618        0.0011013618        0.0010918340        0.0010917162        0.0066082318        0.0066082318
        1.8008015971        0.0013163978        0.0013393166        0.0013163978        0.0013393166        0.0013252231        0.0013253017        0.0013393166        0.0013393166        0.0013253017        0.0013253017        0.0013163979        0.0013253017        0.0013253017        0.0013393166        0.0013393166        0.0013253017        0.0013252231        0.0081360447        0.0081360447
        1.9554597243        0.0015506174        0.0015828155        0.0015506173        0.0015828155        0.0015629661        0.0015631392        0.0015828156        0.0015828156        0.0015631395        0.0015631395        0.0015506153        0.0015631395        0.0015631395        0.0015828156        0.0015828156        0.0015631392        0.0015629661        0.0097486993        0.0097486993
        2.1101178516        0.0018095245        0.0018536729        0.0018095243        0.0018536729        0.0018265260        0.0018266906        0.0018536733        0.0018536733        0.0018266919        0.0018266918        0.0018095153        0.0018266918        0.0018266919        0.0018536733        0.0018536733        0.0018266906        0.0018265260        0.0115912829        0.0115912829
        2.2647759788        0.0020971703        0.0021568175        0.0020971702        0.0021568175        0.0021201974        0.0021202889        0.0021568178        0.0021568178        0.0021202897        0.0021202897        0.0020971644        0.0021202897        0.0021202897        0.0021568178        0.0021568178        0.0021202889        0.0021201974        0.0137145274        0.0137145274
        2.4194341060        0.0023917186        0.0024705798        0.0023917186        0.0024705798        0.0024220901        0.0024223926        0.0024705798        0.0024705798        0.0024223927        0.0024223927        0.0023917181        0.0024223927        0.0024223927        0.0024705798        0.0024705798        0.0024223926        0.0024220901        0.0160038249        0.0160038249
        2.5740922333        0.0027227321        0.0028257036        0.0027227320        0.0028257036        0.0027626571        0.0027626765        0.0028257037        0.0028257037        0.0027626766        0.0027626766        0.0027227321        0.0027626766        0.0027626766        0.0028257037        0.0028257037        0.0027626765        0.0027626571        0.0186773667        0.0186773667
        2.7287503605        0.0030705208        0.0032030833        0.0030705207        0.0032030833        0.0031224945        0.0031221279        0.0032030837        0.0032030838        0.0031221287        0.0031221287        0.0030705184        0.0031221287        0.0031221287        0.0032030837        0.0032030838        0.0031221279        0.0031224945        0.0216558656        0.0216558656
        2.8834084877        0.0034362016        0.0036048089        0.0034362014        0.0036048089        0.0035024937        0.0035018254        0.0036048093        0.0036048094        0.0035018264        0.0035018263        0.0034361985        0.0035018263        0.0035018264        0.0036048093        0.0036048094        0.0035018254        0.0035024937        0.0249745611        0.0249745611
        3.0380666150        0.0038238633        0.0040360256        0.0038238633        0.0040360256        0.0039080692        0.0039064926        0.0040360257        0.0040360257        0.0039064928        0.0039064927        0.0038238624        0.0039064927        0.0039064928        0.0040360257        0.0040360257        0.0039064926        0.0039080692        0.0287220130        0.0287220130
        3.1927247422        0.0042544488        0.0045209629        0.0042544488        0.0045209629        0.0043613273        0.0043582938        0.0045209629        0.0045209629        0.0043582938        0.0043582938        0.0042544489        0.0043582938        0.0043582938        0.0045209629        0.0045209629        0.0043582938        0.0043613273        0.0331456082        0.0331456082
        3.3473828694        0.0046725032        0.0050018369        0.0046725030        0.0050018369        0.0048061249        0.0048010432        0.0050018378        0.0050018378        0.0048010448        0.0048010447        0.0046725013        0.0048010447        0.0048010448        0.0050018378        0.0050018378        0.0048010432        0.0048061249        0.0378861729        0.0378861729
        3.5020409967        0.0051546209        0.0055626199        0.0051546206        0.0055626199        0.0053221281        0.0053136320        0.0055626209        0.0055626210        0.0053136339        0.0053136338        0.0051546182        0.0053136338        0.0053136339        0.0055626209        0.0055626210        0.0053136320        0.0053221281        0.0436653068        0.0436653068
        3.6566991239        0.0056290769        0.0061300204        0.0056290768        0.0061300204        0.0058379261        0.0058248444        0.0061300207        0.0061300207        0.0058248449        0.0058248449        0.0056290754        0.0058248449        0.0058248449        0.0061300207        0.0061300207        0.0058248444        0.0058379261        0.0500831592        0.0500831592
        3.8113572512        0.0061557863        0.0067696818        0.0061557863        0.0067696818        0.0064166084        0.0063949656        0.0067696821        0.0067696822        0.0063949661        0.0063949661        0.0061557859        0.0063949661        0.0063949661        0.0067696821        0.0067696822        0.0063949656        0.0064166084        0.0578000754        0.0578000754
        3.9660153784        0.0066972043        0.0074482238        0.0066972043        0.0074482238        0.0070238685        0.0069899652        0.0074482267        0.0074482268        0.0069899695        0.0069899693        0.0066972048        0.0069899693        0.0069899695        0.0074482267        0.0074482268        0.0069899652        0.0070238685        0.0668155094        0.0668155094
        4.1206735056        0.0072638035        0.0081802298        0.0072638034        0.0081802298        0.0076734872        0.0076201069        0.0081802317        0.0081802318        0.0076201099        0.0076201097        0.0072638019        0.0076201097        0.0076201099        0.0081802317        0.0081802318        0.0076201069        0.0076734872        0.0775745029        0.0775745029
        4.2753316329        0.0078851558        0.0090083169        0.0078851556        0.0090083169        0.0084070282        0.0083206878        0.0090083179        0.0090083179        0.0083206896        0.0083206895        0.0078851529        0.0083206895        0.0083206896        0.0090083179        0.0090083179        0.0083206878        0.0084070282        0.0910072824        0.0910072824
        4.4299897601        0.0084928851        0.0098669282        0.0084928856        0.0098669282        0.0091596318        0.0090230548        0.0098669185        0.0098669182        0.0090230403        0.0090230409        0.0084928965        0.0090230409        0.0090230403        0.0098669185        0.0098669182        0.0090230548        0.0091596318        0.1072196257        0.1072196257
        4.5846478873        0.0092107861        0.0109129096        0.0092107875        0.0109129096        0.0100965188        0.0098613587        0.0109128840        0.0109128831        0.0098613203        0.0098613217        0.0092108175        0.0098613217        0.0098613203        0.0109128840        0.0109128831        0.0098613587        0.0100965188        0.1292802770        0.1292802770
        4.7393060146        0.0098953252        0.0120074534        0.0098953253        0.0120074534        0.0110891117        0.0106912893        0.0120074467        0.0120074465        0.0106912799        0.0106912801        0.0098953291        0.0106912801        0.0106912799        0.0120074467        0.0120074465        0.0106912893        0.0110891117        0.1579424539        0.1579424539
        4.8939641418        0.0107945957        0.0134879995        0.0107945948        0.0134879995        0.0125453519        0.0117747193        0.0134880240        0.0134880224        0.0117747434        0.0117747449        0.0107946026        0.0117747449        0.0117747434        0.0134880240        0.0134880224        0.0117747193        0.0125453519        0.2030230437        0.2030230437
        5.0486222690        0.0118416735        0.0154378234        0.0118416698        0.0154378234        0.0148011898        0.0130784616        0.0154379404        0.0154379342        0.0130785830        0.0130785890        0.0118416945        0.0130785890        0.0130785830        0.0154379404        0.0154379342        0.0130784616        0.0148011898        0.2842286922        0.2842286922
        5.2032803963        0.0135616539        0.0188956707        0.0135616524        0.0188956707        0.0200916474        0.0150869371        0.0188957112        0.0188957079        0.0150869744        0.0150869776        0.0135616712        0.0150869776        0.0150869744        0.0188957112        0.0188957079        0.0150869371        0.0200916474        0.4977332328        0.4977332328
        5.3579385235        0.0151160696        0.0255077038        0.0151163045        0.0255077038        0.0281885094        0.0173452841        0.0255065776        0.0255069878        0.0173447786        0.0173445142        0.0151156729        0.0173445142        0.0173447786        0.0255065776        0.0255069878        0.0173452841        0.0281885094        1.4449726739        1.4449726739
        5.5125966508        0.0111372110        0.0186265583        0.0111358003        0.0186265583        0.0133373532        0.0122033751        0.0186325356        0.0186300866        0.0122056085        0.0122071597        0.0111392439        0.0122071597        0.0122056085        0.0186325356        0.0186300866        0.0122033751        0.0133373532        1.0797783586        1.0797783586
        5.6672547780        0.0130526039        0.0301507465        0.0130490196        0.0301507465        0.0120126339        0.0168288554        0.0301566907        0.0301460255        0.0168274201        0.0168317867        0.0130515503        0.0168317867        0.0168274201        0.0301566907        0.0301460255        0.0168288554        0.0120126339        0.9568789909        0.9568789909
        5.8219129052        0.0218058320        0.0635115566        0.0217918773        0.0635115566        0.0196536482        0.0287578631        0.0628224544        0.0635594102        0.0287658462        0.0286216215        0.0218024153        0.0286216215        0.0287658462        0.0628224544        0.0635594102        0.0287578631        0.0196536482        2.1219716554        2.1219716554
        5.9765710325        0.0138371812        0.0361172747        0.0138371812        0.0361172747        0.0165317582        0.0184652736        0.0361172747        0.0361172747        0.0184652736        0.0184652736        0.0138371812        0.0184652736        0.0184652736        0.0361172747        0.0361172747        0.0184652736        0.0165317582        1.5918580857        1.5918580857
        6.1312291597        0.0119376135        0.0389765602        0.0119376135        0.0389765602        0.0100996263        0.0173390056        0.0389765602        0.0389765602        0.0173390056        0.0173390056        0.0119376135        0.0173390056        0.0173390056        0.0389765602        0.0389765602        0.0173390056        0.0100996263        1.1694723040        1.1694723040
        6.2858872869        0.0199491060        0.0547996061        0.0199395154        0.0547996061        0.0194944679        0.0199184707        0.0547852131        0.0548419864        0.0199265055        0.0199157368        0.0199418796        0.0199157368        0.0199265055        0.0547852131        0.0548419864        0.0199184707        0.0194944679        1.3282830439        1.3282830439
        6.4405454142        0.0217686242        0.0651563964        0.0217695708        0.0651563964        0.0211479540        0.0244083198        0.0651564676        0.0651543603        0.0244080747        0.0244084045        0.0217700020        0.0244084045        0.0244080747        0.0651564676        0.0651543603        0.0244083198        0.0211479540        2.0587757602        2.0587757602
        6.5952035414        0.0120994800        0.0556184284        0.0120989600        0.0556184284        0.0144949216        0.0154733064        0.0556186010        0.0556196687        0.0154738738        0.0154733841        0.0120980824        0.0154733841        0.0154738738        0.0556186010        0.0556196687        0.0154733064        0.0144949216        1.6581237761        1.6581237761
        6.7498616686        0.0041995999        0.0508653640        0.0041989861        0.0508653640        0.0091696081        0.0119062024        0.0508461729        0.0508924784        0.0119128720        0.0119014813        0.0041992387        0.0119014813        0.0119128720        0.0508461729        0.0508924784        0.0119062024        0.0091696081        1.0769087746        1.0769087746
        6.9045197959        0.0000000000        0.0000000000        0.0000000000        0.0000000000        0.0000000000        0.0000000000        0.0000000000        0.0000000000        0.0000000000        0.0000000000        0.0000000000        0.0000000000        0.0000000000        0.0000000000        0.0000000000        0.0000000000        0.0000000000        0.0000000000        0.0000000000
        7.0591779231        0.0000000000        0.0000000000        0.0000000000        0.0000000000        0.0000000000        0.0000000000        0.0000000000        0.0000000000        0.0000000000        0.0000000000        0.0000000000        0.0000000000        0.0000000000        0.0000000000        0.0000000000        0.0000000000        0.0000000000        0.0000000000        0.0000000000
        7.2138360504        0.0000000000        0.0000000000        0.0000000000        0.0000000000        0.0000000000        0.0000000000        0.0000000000        0.0000000000        0.0000000000        0.0000000000        0.0000000000        0.0000000000        0.0000000000        0.0000000000        0.0000000000        0.0000000000        0.0000000000        0.0000000000        0.0000000000
        7.3684941776        0.0000000000        0.0000000000        0.0000000000        0.0000000000        0.0000000000        0.0000000000        0.0000000000        0.0000000000        0.0000000000        0.0000000000        0.0000000000        0.0000000000        0.0000000000        0.0000000000        0.0000000000        0.0000000000        0.0000000000        0.0000000000        0.0000000000
        7.5231523048        0.0000000000        0.0000000000        0.0000000000        0.0000000000        0.0000000000        0.0000000000        0.0000000000        0.0000000000        0.0000000000        0.0000000000        0.0000000000        0.0000000000        0.0000000000        0.0000000000        0.0000000000        0.0000000000        0.0000000000        0.0000000000        0.0000000000
        7.6778104321        0.0000000000        0.0000000000        0.0000000000        0.0000000000        0.0000000000        0.0000000000        0.0000000000        0.0000000000        0.0000000000        0.0000000000        0.0000000000        0.0000000000        0.0000000000        0.0000000000        0.0000000000        0.0000000000        0.0000000000        0.0000000000        0.0000000000
        7.8324685593        0.0000000000        0.0000000000        0.0000000000        0.0000000000        0.0000000000        0.0000000000        0.0000000000        0.0000000000        0.0000000000        0.0000000000        0.0000000000        0.0000000000        0.0000000000        0.0000000000        0.0000000000        0.0000000000        0.0000000000        0.0000000000        0.0000000000
        7.9871266865        0.0000000000        0.0000000000        0.0000000000        0.0000000000        0.0000000000        0.0000000000        0.0000000000        0.0000000000        0.0000000000        0.0000000000        0.0000000000        0.0000000000        0.0000000000        0.0000000000        0.0000000000        0.0000000000        0.0000000000        0.0000000000        0.0000000000
        8.1417848138        0.0170040173        0.0909529258        0.0170040173        0.0909529258        0.0047011767        0.0398578044        0.0909529258        0.0909529258        0.0398578044        0.0398578044        0.0170040173        0.0398578044        0.0398578044        0.0909529258        0.0909529258        0.0398578044        0.0047011767        0.0466161833        0.0466161833
        8.2964429410        0.0808717825        0.1915581408        0.0808717825        0.1915581408        0.0560800447        0.1027993949        0.1915581408        0.1915581408        0.1027993949        0.1027993949        0.0808717825        0.1027993949        0.1027993949        0.1915581408        0.1915581408        0.1027993949        0.0560800447        0.1993888041        0.1993888041
        8.4511010682        0.1311245921        0.2378695030        0.1311245921        0.2378695030        0.0785902370        0.1546200329        0.2378695030        0.2378695030        0.1546200329        0.1546200329        0.1311245921        0.1546200329        0.1546200329        0.2378695030        0.2378695030        0.1546200329        0.0785902370        0.3108830381        0.3108830381
        8.6057591955        0.1229910557        0.2856374402        0.1229748206        0.2856374402        0.0820679762        0.1685314896        0.2856604203        0.2860338951        0.1687252766        0.1685425752        0.1229731224        0.1685425752        0.1687252766        0.2856604203        0.2860338951        0.1685314896        0.0820679762        0.3966603826        0.3966603826
        8.7604173227        0.1787556823        0.2883551041        0.1787599671        0.2883551041        0.1197023731        0.2015650535        0.2883528517        0.2883553050        0.2015651654        0.2015643415        0.1787612189        0.2015643415        0.2015651654        0.2883528517        0.2883553050        0.2015650535        0.1197023731        0.4320514919        0.4320514919
        8.9150754500        0.1379711195        0.1528755936        0.1379075949        0.1528755936        0.1147568291        0.1246181453        0.1529328293        0.1529826319        0.1247108070        0.1246681723        0.1378128977        0.1246681723        0.1247108070        0.1529328293        0.1529826319        0.1246181453        0.1147568291        0.4335778913        0.4335778913
        9.0697335772        0.1023539074        0.1626468189        0.1023312075        0.1626468189        0.0926322925        0.1206744871        0.1626472076        0.1626483631        0.1206709157        0.1206732614        0.1023214515        0.1206732614        0.1206709157        0.1626472076        0.1626483631        0.1206744871        0.0926322925        0.2228199335        0.2228199335
        9.2243917044        0.1663654830        0.2302844113        0.1663654830        0.2302844113        0.1353450462        0.2053044593        0.2302844113        0.2302844113        0.2053044593        0.2053044593        0.1663654830        0.2053044593        0.2053044593        0.2302844113        0.2302844113        0.2053044593        0.1353450462        0.1839461677        0.1839461677
        9.3790498317        0.0673010079        0.1021531146        0.0673010079        0.1021531146        0.0605194717        0.0869162331        0.1021531146        0.1021531146        0.0869162331        0.0869162331        0.0673010079        0.0869162331        0.0869162331        0.1021531146        0.1021531146        0.0869162331        0.0605194717        0.0596201703        0.0596201703
        9.5337079589        0.0534259331        0.1066096943        0.0534259331        0.1066096943        0.0495971589        0.1026850432        0.1066096943        0.1066096943        0.1026850432        0.1026850432        0.0534259331        0.1026850432        0.1026850432        0.1066096943        0.1066096943        0.1026850432        0.0495971589        0.0780138834        0.0780138834
        9.6883660861        0.0434948275        0.1020664866        0.0434948275        0.1020664866        0.0399726129        0.0986104575        0.1020664866        0.1020664866        0.0986104575        0.0986104575        0.0434948275        0.0986104575        0.0986104575        0.1020664866        0.1020664866        0.0986104575        0.0399726129        0.0682098070        0.0682098070
        9.8430242134        0.0567152227        0.1174761749        0.0567152227        0.1174761749        0.0708622027        0.1277820047        0.1174761749        0.1174761749        0.1277820047        0.1277820047        0.0567152227        0.1277820047        0.1277820047        0.1174761749        0.1174761749        0.1277820047        0.0708622027        0.0635683484        0.0635683484
        9.9976823406        0.0565640567        0.0980152513        0.0565640567        0.0980152513        0.0745114922        0.1192076617        0.0980152513        0.0980152513        0.1192076617        0.1192076617        0.0565640567        0.1192076617        0.1192076617        0.0980152513        0.0980152513        0.1192076617        0.0745114922        0.0436370008        0.0436370008
       10.1523404678        0.0535904180        0.0819079169        0.0535904180        0.0819079169        0.0713926845        0.1117537848        0.0819079169        0.0819079169        0.1117537848        0.1117537848        0.0535904180        0.1117537848        0.1117537848        0.0819079169        0.0819079169        0.1117537848        0.0713926845        0.0293493988        0.0293493988
       10.3069985951        0.0770689641        0.0946463155        0.0770689641        0.0946463155        0.0946310990        0.1467205537        0.0946463155        0.0946463155        0.1467205537        0.1467205537        0.0770689641        0.1467205537        0.1467205537        0.0946463155        0.0946463155        0.1467205537        0.0946310990        0.0238682538        0.0238682538
       10.4616567223        0.0907104299        0.1032322574        0.0907104299        0.1032322574        0.1230390253        0.1509748728        0.1032322574        0.1032322574        0.1509748728        0.1509748728        0.0907104299        0.1509748728        0.1509748728        0.1032322574        0.1032322574        0.1509748728        0.1230390253        0.0233056402        0.0233056402
       10.6163148496        0.1309375314        0.1208844078        0.1309283683        0.1208844078        0.1608048152        0.1837573724        0.1208773417        0.1208884644        0.1838149810        0.1836367967        0.1309357859        0.1836367967        0.1838149810        0.1208773417        0.1208884644        0.1837573724        0.1608048152        0.0285381614        0.0285381614
       10.7709729768        0.1653455549        0.1167821839        0.1653445798        0.1167821839        0.1654783529        0.1909066824        0.1167770877        0.1167791458        0.1908418671        0.1908759257        0.1653468169        0.1908759257        0.1908418671        0.1167770877        0.1167791458        0.1909066824        0.1654783529        0.0314131820        0.0314131820
       10.9256311040        0.1741085102        0.1138481820        0.1741137153        0.1138481820        0.1735053046        0.2979161873        0.1138308679        0.1138608329        0.2974689904        0.2985273887        0.1741106986        0.2985273887        0.2974689904        0.1138308679        0.1138608329        0.2979161873        0.1735053046        0.0317149635        0.0317149635
       11.0802892313        0.1738844614        0.1451785647        0.1738844614        0.1451785647        0.3129416646        0.5234706182        0.1451785647        0.1451785647        0.5234706182        0.5234706182        0.1738844614        0.5234706182        0.5234706182        0.1451785647        0.1451785647        0.5234706182        0.3129416646        0.0390766349        0.0390766349
       11.2349473585        0.2121490708        0.1090864912        0.2121490708        0.1090864912        0.1964940614        0.2406177652        0.1090864912        0.1090864912        0.2406177652        0.2406177652        0.2121490708        0.2406177652        0.2406177652        0.1090864912        0.1090864912        0.2406177652        0.1964940614        0.0270529178        0.0270529178
       11.3896054857        0.1574286272        0.0996835741        0.1572866471        0.0996835741        0.1884450474        0.1673179985        0.0996958226        0.0995959038        0.1674687639        0.1672969894        0.1573039696        0.1672969894        0.1674687639        0.0996958226        0.0995959038        0.1673179985        0.1884450474        0.0197215739        0.0197215739
       11.5442636130        0.1929976356        0.1134114292        0.1930469543        0.1134114292        0.2087189373        0.2540132094        0.1134019840        0.1134439174        0.2539639844        0.2540290413        0.1930341420        0.2540290413        0.2539639844        0.1134019840        0.1134439174        0.2540132094        0.2087189373        0.0249754007        0.0249754007
       11.6989217402        0.1337435332        0.0873077152        0.1338000240        0.0873077152        0.1770940259        0.1620536517        0.0872994369        0.0873363053        0.1620063876        0.1620679761        0.1337870181        0.1620679761        0.1620063876        0.0872994369        0.0873363053        0.1620536517        0.1770940259        0.0169036021        0.0169036021
       11.8535798674        0.3186572967        0.1321269683        0.3187330763        0.1321269683        0.5322238028        0.1669370874        0.1321226487        0.1321569035        0.1668733181        0.1669478302        0.3187183301        0.1669478302        0.1668733181        0.1321226487        0.1321569035        0.1669370874        0.5322238028        0.0295454812        0.0295454812
       12.0082379947        0.2755082057        0.1334873148        0.2754429399        0.1334873148        0.5348708769        0.1028153903        0.1334863188        0.1334892272        0.1028283519        0.1028086401        0.2754652897        0.1028086401        0.1028283519        0.1334863188        0.1334892272        0.1028153903        0.5348708769        0.0240344253        0.0240344253
       12.1628961219        0.3143828693        0.1899947749        0.3140870397        0.1899947749        0.4569618074        0.1685265936        0.1900202631        0.1899283240        0.1685968424        0.1684867648        0.3141885528        0.1684867648        0.1685968424        0.1900202631        0.1899283240        0.1685265936        0.4569618074        0.0383631528        0.0383631528
       12.3175542492        0.2764731476        0.3526259519        0.2764254666        0.3526259519        0.6111913684        0.1947914402        0.3526311976        0.3526251902        0.1947955567        0.1947597162        0.2764676861        0.1947597162        0.1947955567        0.3526311976        0.3526251902        0.1947914402        0.6111913684        0.0458739935        0.0458739935
       12.4722123764        0.1978744740        0.2303612925        0.1978297236        0.2303612925        0.6504075225        0.2010732003        0.2303838080        0.2303657932        0.2010642995        0.2010293571        0.1978859025        0.2010293571        0.2010642995        0.2303838080        0.2303657932        0.2010732003        0.6504075225        0.0279585923        0.0279585923
       12.6268705036        0.2034582988        0.3513423438        0.2035563000        0.3513423438        0.6687596268        0.2366236548        0.3512426574        0.3513440403        0.2366345386        0.2367467784        0.2034141957        0.2367467784        0.2366345386        0.3512426574        0.3513440403        0.2366236548        0.6687596268        0.0223223384        0.0223223384
       12.7815286309        0.1498443012        0.2540222020        0.1498494643        0.2540222020        0.3626492683        0.2021081313        0.2540171592        0.2540299267        0.2021001047        0.2021133993        0.1498473644        0.2021133993        0.2021001047        0.2540171592        0.2540299267        0.2021081313        0.3626492683        0.0116782734        0.0116782734
       12.9361867581        0.1416525366        0.3057802797        0.1416375448        0.3057802797        0.3913691874        0.2090834672        0.3057971459        0.3057661036        0.2090967968        0.2090677247        0.1416456414        0.2090677247        0.2090967968        0.3057971459        0.3057661036        0.2090834672        0.3913691874        0.0076319474        0.0076319474
       13.0908448853        0.0977109136        0.1958213871        0.0977047021        0.1958213871        0.3098197689        0.1576524862        0.1958407534        0.1958136860        0.1576582668        0.1576379756        0.0977091322        0.1576379756        0.1576582668        0.1958407534        0.1958136860        0.1576524862        0.3098197689        0.0065327460        0.0065327460
       13.2455030126        0.1003339179        0.1754813870        0.1003328290        0.1754813870        0.3296326680        0.1354500631        0.1754777454        0.1754851602        0.1354521746        0.1354539102        0.1003334720        0.1354539102        0.1354521746        0.1754777454        0.1754851602        0.1354500631        0.3296326680        0.0056072821        0.0056072821
       13.4001611398        0.0931174126        0.1736965514        0.0931139383        0.1736965514        0.2776816617        0.1087835933        0.1737393741        0.1737004917        0.1087855971        0.1087491608        0.0931167232        0.1087491608        0.1087855971        0.1737393741        0.1737004917        0.1087835933        0.2776816617        0.0040576647        0.0040576647
       13.5548192670        0.0692751707        0.1636211017        0.0692710732        0.1636211017        0.1740044792        0.0866924318        0.1636056699        0.1636209959        0.0866844993        0.0866575872        0.0692759116        0.0866575872        0.0866844993        0.1636056699        0.1636209959        0.0866924318        0.1740044792        0.0045399959        0.0045399959
       13.7094773943        0.0607551591        0.2016503898        0.0607545393        0.2016503898        0.2232718347        0.1096991071        0.2016282323        0.2016386669        0.1097108986        0.1097165590        0.0607557095        0.1097165590        0.1097108986        0.2016282323        0.2016386669        0.1096991071        0.2232718347        0.0072896213        0.0072896213
       13.8641355215        0.0661684145        0.2147783679        0.0661684960        0.2147783679        0.2520784174        0.1488447396        0.2147840236        0.2147781625        0.1488512133        0.1488374158        0.0661684337        0.1488374158        0.1488512133        0.2147840236        0.2147781625        0.1488447396        0.2520784174        0.0113678916        0.0113678916
       14.0187936488        0.1032963985        0.2521664972        0.1032963651        0.2521664972        0.3734737690        0.2408362300        0.2521598036        0.2521587101        0.2408495967        0.2408385388        0.1032966319        0.2408385388        0.2408495967        0.2521598036        0.2521587101        0.2408362300        0.3734737690        0.0154604262        0.0154604262
       14.1734517760        0.1019485531        0.1738960595        0.1019485606        0.1738960595        0.1988129058        0.1661536828        0.1738962655        0.1738966863        0.1661542487        0.1661538866        0.1019486385        0.1661538866        0.1661542487        0.1738962655        0.1738966863        0.1661536828        0.1988129058        0.0094565710        0.0094565710
       14.3281099032        0.1388545934        0.2280633957        0.1388545672        0.2280633957        0.2663708356        0.2416567037        0.2280592712        0.2280586580        0.2416523171        0.2416528854        0.1388543910        0.2416528854        0.2416523171        0.2280592712        0.2280586580        0.2416567037        0.2663708356        0.0092039847        0.0092039847
       14.4827680305        0.0886126920        0.1887075225        0.0886127157        0.1887075225        0.4020535401        0.2467642139        0.1887108458        0.1887115861        0.2467717194        0.2467704714        0.0886128162        0.2467704714        0.2467717194        0.1887108458        0.1887115861        0.2467642139        0.4020535401        0.0063744144        0.0063744144
       14.6374261577        0.0609286796        0.1591724053        0.0609286796        0.1591724053        0.2736319853        0.2066268354        0.1591724053        0.1591724053        0.2066268354        0.2066268354        0.0609286796        0.2066268354        0.2066268354        0.1591724053        0.1591724053        0.2066268354        0.2736319853        0.0047222673        0.0047222673
       14.7920842849        0.1557036980        0.2902823484        0.1557036980        0.2902823484        0.7210352361        0.3810865886        0.2902823484        0.2902823484        0.3810865886        0.3810865886        0.1557036980        0.3810865886        0.3810865886        0.2902823484        0.2902823484        0.3810865886        0.7210352361        0.0088963907        0.0088963907
       14.9467424122        0.1161707086        0.2150818583        0.1161624972        0.2150818583        0.4022684912        0.2824740555        0.2150921283        0.2150853771        0.2824894773        0.2824202465        0.1161757071        0.2824202465        0.2824894773        0.2150921283        0.2150853771        0.2824740555        0.4022684912        0.0076953648        0.0076953648
       15.1014005394        0.2909645289        0.2557827579        0.2909355393        0.2557827579        0.3382807855        0.5386124161        0.2557893190        0.2557633246        0.5386725141        0.5385798013        0.2909483803        0.5385798013        0.5386725141        0.2557893190        0.2557633246        0.5386124161        0.3382807855        0.0157080242        0.0157080242
       15.2560586666        0.2466621753        0.2142206235        0.2466736597        0.2142206235        0.2322202177        0.3643483379        0.2142208360        0.2142340755        0.3643369490        0.3643570437        0.2466770022        0.3643570437        0.3643369490        0.2142208360        0.2142340755        0.3643483379        0.2322202177        0.0144966017        0.0144966017
       15.4107167939        0.2893314020        0.2085409329        0.2893477552        0.2085409329        0.2093391084        0.3262433019        0.2085136717        0.2085203708        0.3263007315        0.3263183343        0.2892772430        0.3263183343        0.3263007315        0.2085136717        0.2085203708        0.3262433019        0.2093391084        0.0128103875        0.0128103875
       15.5653749211        0.1927108207        0.1751387248        0.1927063485        0.1751387248        0.1982050100        0.2889836815        0.1751433046        0.1751427630        0.2889896000        0.2889851502        0.1927048141        0.2889851502        0.2889896000        0.1751433046        0.1751427630        0.2889836815        0.1982050100        0.0088635549        0.0088635549
       15.7200330484        0.1600508808        0.1549886474        0.1599938611        0.1549886474        0.1730584664        0.2459062889        0.1549528716        0.1551291030        0.2459097174        0.2459054156        0.1600054364        0.2459054156        0.2459097174        0.1549528716        0.1551291030        0.2459062889        0.1730584664        0.0071211601        0.0071211601
       15.8746911756        0.2095545342        0.2081046403        0.2095539316        0.2081046403        0.3218129770        0.2514226834        0.2081024925        0.2081073736        0.2514238863        0.2514217832        0.2095541914        0.2514217832        0.2514238863        0.2081024925        0.2081073736        0.2514226834        0.3218129770        0.0122249408        0.0122249408
       16.0293493028        0.0694888064        0.1668315663        0.0694882489        0.1668315663        0.2013467960        0.1371861473        0.1668325576        0.1668315323        0.1371868188        0.1371865270        0.0694882655        0.1371865270        0.1371868188        0.1668325576        0.1668315323        0.1371861473        0.2013467960        0.0058351645        0.0058351645
       16.1840074301        0.0495076131        0.1652352036        0.0495041466        0.1652352036        0.1919162513        0.1311960376        0.1652378960        0.1652356620        0.1311983671        0.1311981241        0.0495035878        0.1311981241        0.1311983671        0.1652378960        0.1652356620        0.1311960376        0.1919162513        0.0070589420        0.0070589420
       16.3386655573        0.1042171964        0.3796578969        0.1042433241        0.3796578969        0.4070088907        0.2310248865        0.3796598822        0.3796256716        0.2309880939        0.2310264683        0.1042398675        0.2310264683        0.2309880939        0.3796598822        0.3796256716        0.2310248865        0.4070088907        0.0188182796        0.0188182796
       16.4933236845        0.0725091434        0.1654637210        0.0725093037        0.1654637210        0.1683513997        0.1462332453        0.1654618385        0.1654569265        0.1462319576        0.1462328891        0.0725093603        0.1462328891        0.1462319576        0.1654618385        0.1654569265        0.1462332453        0.1683513997        0.0035281639        0.0035281639
       16.6479818118        0.1446321702        0.2398678090        0.1446321702        0.2398678090        0.3177973426        0.2135207806        0.2398678090        0.2398678090        0.2135207806        0.2135207806        0.1446321702        0.2135207806        0.2135207806        0.2398678090        0.2398678090        0.2135207806        0.3177973426        0.0058632047        0.0058632047
       16.8026399390        0.2272490827        0.2005121956        0.2272147183        0.2005121956        0.3970880508        0.2147177805        0.2005127408        0.2005091916        0.2147146311        0.2147183308        0.2272200697        0.2147183308        0.2147146311        0.2005127408        0.2005091916        0.2147177805        0.3970880508        0.0042912806        0.0042912806
       16.9572980662        0.3636048050        0.2909465641        0.3635675049        0.2909465641        0.3563744465        0.2296267838        0.2909484157        0.2909429911        0.2296290558        0.2296256819        0.3635804443        0.2296256819        0.2296290558        0.2909484157        0.2909429911        0.2296267838        0.3563744465        0.0067257833        0.0067257833
       17.1119561935        0.2369810509        0.1954637180        0.2369841073        0.1954637180        0.2504068965        0.1547703099        0.1954634214        0.1954641294        0.1547699746        0.1547705597        0.2369828743        0.1547705597        0.1547699746        0.1954634214        0.1954641294        0.1547703099        0.2504068965        0.0038371558        0.0038371558
       17.2666143207        0.2603600535        0.2384335313        0.2604253661        0.2384335313        0.1601123727        0.1103144393        0.2381094027        0.2380402531        0.1101979398        0.1102184559        0.2607347960        0.1102184559        0.1101979398        0.2381094027        0.2380402531        0.1103144393        0.1601123727        0.0021090276        0.0021090276
       17.4212724480        0.3492489764        0.3042941608        0.3492510929        0.3042941608        0.2048791504        0.1451589362        0.3042929757        0.3042937554        0.1451584414        0.1451594229        0.3492509794        0.1451594229        0.1451584414        0.3042929757        0.3042937554        0.1451589362        0.2048791504        0.0030489575        0.0030489575
       17.5759305752        0.2674855949        0.2361128245        0.2674855949        0.2361128245        0.1062231251        0.1224557604        0.2361128245        0.2361128245        0.1224557604        0.1224557604        0.2674855949        0.1224557604        0.1224557604        0.2361128245        0.2361128245        0.1224557604        0.1062231251        0.0020954145        0.0020954145
       17.7305887024        0.2208628803        0.1810193019        0.2208374248        0.1810193019        0.0935035181        0.1271956926        0.1810048848        0.1810241181        0.1271922597        0.1271988979        0.2208620681        0.1271988979        0.1271922597        0.1810048848        0.1810241181        0.1271956926        0.0935035181        0.0019901126        0.0019901126
       17.8852468297        0.2682980404        0.2319930513        0.2682983707        0.2319930513        0.0926995969        0.1536748294        0.2319913795        0.2319931874        0.1536750733        0.1536761686        0.2682975714        0.1536761686        0.1536750733        0.2319913795        0.2319931874        0.1536748294        0.0926995969        0.0019966070        0.0019966070
       18.0399049569        0.2081128834        0.2671005083        0.2081136004        0.2671005083        0.1025617541        0.1457103422        0.2671062584        0.2671027283        0.1457090259        0.1457069058        0.2081124646        0.1457069058        0.1457090259        0.2671062584        0.2671027283        0.1457103422        0.1025617541        0.0024663927        0.0024663927
       18.1945630841        0.1677935305        0.2317973929        0.1677943398        0.2317973929        0.2180368469        0.1326865331        0.2318041617        0.2317994410        0.1326853476        0.1326826693        0.1677931156        0.1326826693        0.1326853476        0.2318041617        0.2317994410        0.1326865331        0.2180368469        0.0026749418        0.0026749418
       18.3492212114        0.3020003632        0.4529376819        0.3020013905        0.4529376819        0.6710467727        0.1836363235        0.4529366878        0.4529395034        0.1836355158        0.1836371477        0.3020007961        0.1836371477        0.1836355158        0.4529366878        0.4529395034        0.1836363235        0.6710467727        0.0059376920        0.0059376920
       18.5038793386        0.1475693374        0.2801226014        0.1475691573        0.2801226014        1.2634441184        0.1393750074        0.2801232276        0.2801289917        0.1393710539        0.1393726867        0.1475701337        0.1393726867        0.1393710539        0.2801232276        0.2801289917        0.1393750074        1.2634441184        0.0062275711        0.0062275711
       18.6585374658        0.1172071724        0.2427376623        0.1172071723        0.2427376623        0.9377044342        0.0820612644        0.2427376644        0.2427376649        0.0820612643        0.0820612644        0.1172071721        0.0820612644        0.0820612643        0.2427376644        0.2427376649        0.0820612644        0.9377044342        0.0052189505        0.0052189505
       18.8131955931        0.0678655002        0.2390131808        0.0678673771        0.2390131808        0.0703905199        0.0829343646        0.2390600511        0.2390651797        0.0829343201        0.0829299890        0.0678596981        0.0829299890        0.0829343201        0.2390600511        0.2390651797        0.0829343646        0.0703905199        0.0018251382        0.0018251382
       18.9678537203        0.1863634008        0.5963865044        0.1863636559        0.5963865044        0.1117279126        0.2414057124        0.5963677949        0.5963642176        0.2414061475        0.2414066388        0.1863663650        0.2414066388        0.2414061475        0.5963677949        0.5963642176        0.2414057124        0.1117279126        0.0042147557        0.0042147557
       19.1225118476        0.1751357542        0.4651344070        0.1751242298        0.4651344070        0.0540645282        0.2072867160        0.4651358385        0.4651338405        0.2072810235        0.2072968624        0.1751316119        0.2072968624        0.2072810235        0.4651358385        0.4651338405        0.2072867160        0.0540645282        0.0030039284        0.0030039284
       19.2771699748        0.1115107566        0.3024819650        0.1115110321        0.3024819650        0.0177280626        0.1192862649        0.3024818262        0.3024826657        0.1192864944        0.1192861398        0.1115109368        0.1192861398        0.1192864944        0.3024818262        0.3024826657        0.1192862649        0.0177280626        0.0018295666        0.0018295666
       19.4318281020        0.1300741907        0.2981087177        0.1300571232        0.2981087177        0.0104155204        0.1397274427        0.2981234672        0.2980917437        0.1397152761        0.1397383406        0.1300652070        0.1397383406        0.1397152761        0.2981234672        0.2980917437        0.1397274427        0.0104155204        0.0022445736        0.0022445736
       19.5864862293        0.1429529254        0.2421486714        0.1429541231        0.2421486714        0.0106638861        0.1590092758        0.2421487710        0.2421463440        0.1590092222        0.1590085874        0.1429533641        0.1590085874        0.1590092222        0.2421487710        0.2421463440        0.1590092758        0.0106638861        0.0017311938        0.0017311938
       19.7411443565        0.1403712639        0.2867998126        0.1403717699        0.2867998126        0.0108990160        0.2480760888        0.2867988135        0.2868020047        0.2480768854        0.2480757369        0.1403716247        0.2480757369        0.2480768854        0.2867988135        0.2868020047        0.2480760888        0.0108990160        0.0018426538        0.0018426538
       19.8958024837        0.0626227165        0.0668668468        0.0626227165        0.0668668468        0.0038607683        0.0971814574        0.0668668468        0.0668668468        0.0971814574        0.0971814574        0.0626227165        0.0971814574        0.0971814574        0.0668668468        0.0668668468        0.0971814574        0.0038607683        0.0002714057        0.0002714057
       20.0504606110        0.0665183303        0.0340455073        0.0665183303        0.0340455073        0.0027336556        0.0914230733        0.0340455073        0.0340455073        0.0914230733        0.0914230733        0.0665183303        0.0914230733        0.0914230733        0.0340455073        0.0340455073        0.0914230733        0.0027336556        0.0001109821        0.0001109821
       20.2051187382        0.2098699003        0.0812191654        0.2098699003        0.0812191654        0.0092111524        0.1961512180        0.0812191654        0.0812191654        0.1961512180        0.1961512180        0.2098699003        0.1961512180        0.1961512180        0.0812191654        0.0812191654        0.1961512180        0.0092111524        0.0005427468        0.0005427468
       20.3597768654        0.4025066943        0.1336384016        0.4025064413        0.1336384016        0.0211387090        0.2775381831        0.1336389768        0.1336390168        0.2775367930        0.2775368834        0.4025028023        0.2775368834        0.2775367930        0.1336389768        0.1336390168        0.2775381831        0.0211387090        0.0008210341        0.0008210341
       20.5144349927        0.2088582741        0.1062817657        0.2088582406        0.1062817657        0.0086650315        0.1836484323        0.1062818086        0.1062818111        0.1836482556        0.1836482679        0.2088577909        0.1836482679        0.1836482556        0.1062818086        0.1062818111        0.1836484323        0.0086650315        0.0004827927        0.0004827927
       20.6690931199        0.2456181753        0.1211501633        0.2456326295        0.1211501633        0.0089644261        0.2322443832        0.1211430873        0.1211451904        0.2322524863        0.2322564399        0.2456327091        0.2322564399        0.2322524863        0.1211430873        0.1211451904        0.2322443832        0.0089644261        0.0006181699        0.0006181699
       20.8237512472        0.4122349728        0.1319987748        0.4122318419        0.1319987748        0.0206887880        0.3313115519        0.1319997642        0.1319992838        0.3313106350        0.3313093984        0.4122404407        0.3313093984        0.3313106350        0.1319997642        0.1319992838        0.3313115519        0.0206887880        0.0010014170        0.0010014170
       20.9784093744        0.2531777970        0.0770857531        0.2531782899        0.0770857531        0.0131678573        0.2632060331        0.0770862432        0.0770857686        0.2632051337        0.2632012590        0.2531776916        0.2632012590        0.2632051337        0.0770862431        0.0770857686        0.2632060331        0.0131678573        0.0007640591        0.0007640591
       21.1330675016        0.2780547139        0.0954222639        0.2779553929        0.0954222635        0.0117683063        0.2694092145        0.0954180811        0.0954206022        0.2692876727        0.2695657164        0.2780082856        0.2695657164        0.2692876727        0.0954180815        0.0954206018        0.2694092145        0.0117683063        0.0006582066        0.0006582066
       21.2877256289        0.2783075395        0.0896436906        0.2783110635        0.0896436906        0.0085665098        0.1417381981        0.0896414604        0.0896432289        0.1417380874        0.1417376122        0.2783066105        0.1417376122        0.1417380874        0.0896414603        0.0896432290        0.1417381981        0.0085665098        0.0003933590        0.0003933590
       21.4423837561        0.2457764361        0.0806337239        0.2458049100        0.0806337092        0.0059042920        0.1001606072        0.0806413550        0.0806380782        0.1002402604        0.1003111396        0.2457458233        0.1003111396        0.1002402604        0.0806413697        0.0806380635        0.1001606072        0.0059042920        0.0002921941        0.0002921941
       21.5970418833        0.1991030845        0.0688314480        0.1991046250        0.0688314480        0.0041042933        0.0783268854        0.0688302693        0.0688307976        0.0783271914        0.0783280419        0.1991015803        0.0783280419        0.0783271914        0.0688302693        0.0688307976        0.0783268854        0.0041042933        0.0002285963        0.0002285963
       21.7517000106        0.1694700800        0.0599027829        0.1694702922        0.0599027822        0.0028840003        0.0691129193        0.0599026787        0.0599027638        0.0691129794        0.0691131154        0.1694700457        0.0691131154        0.0691129794        0.0599026795        0.0599027630        0.0691129193        0.0028840003        0.0002048841        0.0002048841
       21.9063581378        0.1112319202        0.0498097625        0.1112303257        0.0498097610        0.0012050573        0.0408149677        0.0498106315        0.0498098467        0.0408147116        0.0408137709        0.1112322030        0.0408137709        0.0408147116        0.0498106330        0.0498098452        0.0408149677        0.0012050573        0.0001774751        0.0001774751
       22.0610162650        0.0966378639        0.0495425352        0.0966316604        0.0495425357        0.0009062152        0.0328393914        0.0495451650        0.0495421629        0.0328381279        0.0328343509        0.0966370867        0.0328343509        0.0328381279        0.0495451645        0.0495421634        0.0328393914        0.0009062152        0.0001656762        0.0001656762
       22.2156743923        0.0927744282        0.0514133913        0.0927740446        0.0514133903        0.0008383043        0.0307540929        0.0514143564        0.0514162776        0.0307609889        0.0307687019        0.0927810791        0.0307687019        0.0307609889        0.0514143573        0.0514162766        0.0307540929        0.0008383043        0.0001576652        0.0001576652
       22.3703325195        0.0964513620        0.0560114069        0.0964438550        0.0560114070        0.0008683890        0.0325632399        0.0560197937        0.0560091402        0.0325502954        0.0325458981        0.0964483252        0.0325458981        0.0325502954        0.0560197936        0.0560091403        0.0325632399        0.0008683890        0.0001537298        0.0001537298
       22.5249906468        0.1130594214        0.0667697415        0.1130575994        0.0667697400        0.0010697068        0.0406016590        0.0667786820        0.0667786407        0.0406781122        0.0406890540        0.1130706321        0.0406890540        0.0406781122        0.0667786835        0.0667786392        0.0406016590        0.0010697068        0.0001604584        0.0001604584
       22.6796487740        0.0908862950        0.0514072740        0.0908865443        0.0514071942        0.0008071492        0.0432821269        0.0514086442        0.0514079057        0.0432831631        0.0432288259        0.0908883093        0.0432288259        0.0432831631        0.0514087240        0.0514078260        0.0432821269        0.0008071492        0.0001148862        0.0001148862
       22.8343069012        0.1722911690        0.0970064025        0.1722875551        0.0970057167        0.0011879057        0.0973013791        0.0970074887        0.0970035944        0.0973033893        0.0973001814        0.1722890290        0.0973001814        0.0973033893        0.0970081745        0.0970029086        0.0973013791        0.0011879057        0.0001808858        0.0001808858
       22.9889650285        0.3535411071        0.2008758588        0.3535410841        0.2008737760        0.0026193581        0.1499907566        0.2008712618        0.2008838662        0.1499661529        0.1499928006        0.3535392970        0.1499928006        0.1499661529        0.2008733446        0.2008817833        0.1499907566        0.0026193581        0.0002688660        0.0002688660
       23.1436231557        0.2024595236        0.1044927597        0.2024538517        0.1044930309        0.0015170031        0.0945945121        0.1044932394        0.1044948523        0.0946019119        0.0945952495        0.2024532240        0.0945952495        0.0946019119        0.1044929682        0.1044951236        0.0945945121        0.0015170031        0.0001265767        0.0001265767
       23.2982812829        0.2236196356        0.1054190902        0.2236824150        0.1054170339        0.0013480454        0.1049405503        0.1054532757        0.1054332212        0.1048919681        0.1049699915        0.2236959209        0.1049699915        0.1048919681        0.1054553321        0.1054311649        0.1049405503        0.0013480454        0.0001146175        0.0001146175
       23.4529394102        0.1485125928        0.0613192254        0.1485562713        0.0613148299        0.0008748867        0.0632508297        0.0613107339        0.0613172549        0.0632052532        0.0632305153        0.1485670106        0.0632305153        0.0632052532        0.0613151294        0.0613128595        0.0632508297        0.0008748867        0.0000958083        0.0000958083
       23.6075975374        0.1953875539        0.0817097912        0.1955569216        0.0817096529        0.0011548770        0.0802676322        0.0816293720        0.0817158959        0.0802272760        0.0802511837        0.1954764092        0.0802511837        0.0802272760        0.0816295103        0.0817157575        0.0802676322        0.0011548770        0.0001468500        0.0001468500
       23.7622556646        0.2903596473        0.1274654613        0.2903562860        0.1274654633        0.0014947654        0.1063880160        0.1274663595        0.1274687096        0.1063920724        0.1063902550        0.2903560453        0.1063902550        0.1063920724        0.1274663576        0.1274687116        0.1063880160        0.0014947654        0.0002888099        0.0002888099
       23.9169137919        0.2633114166        0.0996242396        0.2633118148        0.0996242396        0.0010033217        0.1155132594        0.0996337740        0.0996343561        0.1155147122        0.1155146256        0.2633184186        0.1155146256        0.1155147122        0.0996337740        0.0996343561        0.1155132594        0.0010033217        0.0002337495        0.0002337495
       24.0715719191        0.2682843168        0.0981208072        0.2682825030        0.0981208072        0.0008362342        0.1207195877        0.0980046848        0.0980023446        0.1207095993        0.1207098124        0.2681910900        0.1207098124        0.1207095993        0.0980046848        0.0980023446        0.1207195877        0.0008362342        0.0002234121        0.0002234121
       24.2262300464        0.2768745336        0.0982447958        0.2768745336        0.0982447958        0.0007010376        0.1369651449        0.0982447958        0.0982447958        0.1369651449        0.1369651449        0.2768745336        0.1369651449        0.1369651449        0.0982447958        0.0982447958        0.1369651449        0.0007010376        0.0002178484        0.0002178484
       24.3808881736        0.2871425705        0.0959711737        0.2871425705        0.0959711737        0.0005788710        0.1693632911        0.0959711737        0.0959711737        0.1693632911        0.1693632911        0.2871425705        0.1693632911        0.1693632911        0.0959711737        0.0959711737        0.1693632911        0.0005788710        0.0002520569        0.0002520569
       24.5355463008        0.2345365233        0.0632073523        0.2345365233        0.0632073523        0.0004137142        0.1892766198        0.0632073523        0.0632073523        0.1892766198        0.1892766198        0.2345365233        0.1892766198        0.1892766198        0.0632073523        0.0632073523        0.1892766198        0.0004137142        0.0001986894        0.0001986894
       24.6902044281        0.1361858423        0.0330530122        0.1361858423        0.0330530122        0.0002868670        0.1192820343        0.0330530122        0.0330530122        0.1192820343        0.1192820343        0.1361858423        0.1192820343        0.1192820343        0.0330530122        0.0330530122        0.1192820343        0.0002868670        0.0000861594        0.0000861594
       24.8448625553        0.0594263619        0.0112712021        0.0594263619        0.0112712021        0.0000748134        0.0721052371        0.0112712021        0.0112712021        0.0721052371        0.0721052371        0.0594263619        0.0721052371        0.0721052371        0.0112712021        0.0112712021        0.0721052371        0.0000748134        0.0000443220        0.0000443220
       24.9995206825        0.1026825363        0.0198434639        0.1026825363        0.0198434639        0.0000871778        0.1274194258        0.0198434639        0.0198434639        0.1274194258        0.1274194258        0.1026825363        0.1274194258        0.1274194258        0.0198434639        0.0198434639        0.1274194258        0.0000871778        0.0000507045        0.0000507045
       25.1541788098        0.0920410004        0.0160745132        0.0920410004        0.0160745132        0.0000540436        0.1156103603        0.0160745132        0.0160745132        0.1156103603        0.1156103603        0.0920410004        0.1156103603        0.1156103603        0.0160745132        0.0160745132        0.1156103603        0.0000540436        0.0000264023        0.0000264023
       25.3088369370        0.0785265181        0.0121620649        0.0785265181        0.0121620649        0.0000319322        0.0985485885        0.0121620649        0.0121620649        0.0985485885        0.0985485885        0.0785265181        0.0985485885        0.0985485885        0.0121620649        0.0121620649        0.0985485885        0.0000319322        0.0000134319        0.0000134319
       25.4634950642        0.0708485044        0.0098699952        0.0708485044        0.0098699952        0.0000177508        0.0890912988        0.0098699952        0.0098699952        0.0890912988        0.0890912988        0.0708485044        0.0890912988        0.0890912988        0.0098699952        0.0098699952        0.0890912988        0.0000177508        0.0000062697        0.0000062697
       25.6181531915        0.0651148618        0.0082290096        0.0651148618        0.0082290096        0.0000085831        0.0819000405        0.0082290096        0.0082290096        0.0819000405        0.0819000405        0.0651148618        0.0819000405        0.0819000405        0.0082290096        0.0082290096        0.0819000405        0.0000085831        0.0000023094        0.0000023094
       25.7728113187        0.0604788562        0.0069777514        0.0604788562        0.0069777514        0.0000030637        0.0759339008        0.0069777514        0.0069777514        0.0759339008        0.0759339008        0.0604788562        0.0759339008        0.0759339008        0.0069777514        0.0069777514        0.0759339008        0.0000030637        0.0000005606        0.0000005606
       25.9274694460        0.0269569065        0.0047650189        0.0269569065        0.0047650189        0.0000006607        0.0297978647        0.0047650189        0.0047650189        0.0297978647        0.0297978647        0.0269569065        0.0297978647        0.0297978647        0.0047650189        0.0047650189        0.0297978647        0.0000006607        0.0000001147        0.0000001147
       26.0821275732        0.0115293982        0.0021964961        0.0115293982        0.0021964961        0.0000000204        0.0122403518        0.0021964961        0.0021964961        0.0122403518        0.0122403518        0.0115293982        0.0122403518        0.0122403518        0.0021964961        0.0021964961        0.0122403518        0.0000000204        0.0000000090        0.0000000090
       26.2367857004        0.0000000000        0.0000000000        0.0000000000        0.0000000000        0.0000000000        0.0000000000        0.0000000000        0.0000000000        0.0000000000        0.0000000000        0.0000000000        0.0000000000        0.0000000000        0.0000000000        0.0000000000        0.0000000000        0.0000000000        0.0000000000        0.0000000000
       26.3914438277        0.0000000000        0.0000000000        0.0000000000        0.0000000000        0.0000000000        0.0000000000        0.0000000000        0.0000000000        0.0000000000        0.0000000000        0.0000000000        0.0000000000        0.0000000000        0.0000000000        0.0000000000        0.0000000000        0.0000000000        0.0000000000        0.0000000000
       26.5461019549        0.0000000000        0.0000000000        0.0000000000        0.0000000000        0.0000000000        0.0000000000        0.0000000000        0.0000000000        0.0000000000        0.0000000000        0.0000000000        0.0000000000        0.0000000000        0.0000000000        0.0000000000        0.0000000000        0.0000000000        0.0000000000        0.0000000000
       26.7007600821        0.0000000000        0.0000000000        0.0000000000        0.0000000000        0.0000000000        0.0000000000        0.0000000000        0.0000000000        0.0000000000        0.0000000000        0.0000000000        0.0000000000        0.0000000000        0.0000000000        0.0000000000        0.0000000000        0.0000000000        0.0000000000        0.0000000000
       26.8554182094        0.0000000000        0.0000000000        0.0000000000        0.0000000000        0.0000000000        0.0000000000        0.0000000000        0.0000000000        0.0000000000        0.0000000000        0.0000000000        0.0000000000        0.0000000000        0.0000000000        0.0000000000        0.0000000000        0.0000000000        0.0000000000        0.0000000000
       27.0100763366        0.0000000000        0.0000000000        0.0000000000        0.0000000000        0.0000000000        0.0000000000        0.0000000000        0.0000000000        0.0000000000        0.0000000000        0.0000000000        0.0000000000        0.0000000000        0.0000000000        0.0000000000        0.0000000000        0.0000000000        0.0000000000        0.0000000000
       27.1647344638        0.0000000000        0.0000000000        0.0000000000        0.0000000000        0.0000000000        0.0000000000        0.0000000000        0.0000000000        0.0000000000        0.0000000000        0.0000000000        0.0000000000        0.0000000000        0.0000000000        0.0000000000        0.0000000000        0.0000000000        0.0000000000        0.0000000000
       27.3193925911        0.0000000000        0.0000000000        0.0000000000        0.0000000000        0.0000000000        0.0000000000        0.0000000000        0.0000000000        0.0000000000        0.0000000000        0.0000000000        0.0000000000        0.0000000000        0.0000000000        0.0000000000        0.0000000000        0.0000000000        0.0000000000        0.0000000000
       27.4740507183        0.0000000000        0.0000000000        0.0000000000        0.0000000000        0.0000000000        0.0000000000        0.0000000000        0.0000000000        0.0000000000        0.0000000000        0.0000000000        0.0000000000        0.0000000000        0.0000000000        0.0000000000        0.0000000000        0.0000000000        0.0000000000        0.0000000000
       27.6287088456        0.0000000000        0.0000000000        0.0000000000        0.0000000000        0.0000000000        0.0000000000        0.0000000000        0.0000000000        0.0000000000        0.0000000000        0.0000000000        0.0000000000        0.0000000000        0.0000000000        0.0000000000        0.0000000000        0.0000000000        0.0000000000        0.0000000000
       27.7833669728        0.0000000000        0.0000000000        0.0000000000        0.0000000000        0.0000000000        0.0000000000        0.0000000000        0.0000000000        0.0000000000        0.0000000000        0.0000000000        0.0000000000        0.0000000000        0.0000000000        0.0000000000        0.0000000000        0.0000000000        0.0000000000        0.0000000000
       27.9380251000        0.0000000000        0.0000000000        0.0000000000        0.0000000000        0.0000000000        0.0000000000        0.0000000000        0.0000000000        0.0000000000        0.0000000000        0.0000000000        0.0000000000        0.0000000000        0.0000000000        0.0000000000        0.0000000000        0.0000000000        0.0000000000        0.0000000000
       28.0926832273        0.0000000000        0.0000000000        0.0000000000        0.0000000000        0.0000000000        0.0000000000        0.0000000000        0.0000000000        0.0000000000        0.0000000000        0.0000000000        0.0000000000        0.0000000000        0.0000000000        0.0000000000        0.0000000000        0.0000000000        0.0000000000        0.0000000000
       28.2473413545        0.0000000000        0.0000000000        0.0000000000        0.0000000000        0.0000000000        0.0000000000        0.0000000000        0.0000000000        0.0000000000        0.0000000000        0.0000000000        0.0000000000        0.0000000000        0.0000000000        0.0000000000        0.0000000000        0.0000000000        0.0000000000        0.0000000000
       28.4019994817        0.0000000000        0.0000000000        0.0000000000        0.0000000000        0.0000000000        0.0000000000        0.0000000000        0.0000000000        0.0000000000        0.0000000000        0.0000000000        0.0000000000        0.0000000000        0.0000000000        0.0000000000        0.0000000000        0.0000000000        0.0000000000        0.0000000000
       28.5566576090        0.0000000000        0.0000000000        0.0000000000        0.0000000000        0.0000000000        0.0000000000        0.0000000000        0.0000000000        0.0000000000        0.0000000000        0.0000000000        0.0000000000        0.0000000000        0.0000000000        0.0000000000        0.0000000000        0.0000000000        0.0000000000        0.0000000000
       28.7113157362        0.0000000000        0.0000000000        0.0000000000        0.0000000000        0.0000000000        0.0000000000        0.0000000000        0.0000000000        0.0000000000        0.0000000000        0.0000000000        0.0000000000        0.0000000000        0.0000000000        0.0000000000        0.0000000000        0.0000000000        0.0000000000        0.0000000000
