120  
11   

1    
 -0.0052366622961171   0.0030233883863176   0.0079647027980902
   0.0719719900   -0.0632736000   -0.1749853900
   0.0039481000    0.0025408100   -0.0005470000
   0.0043102400    0.0026097000   -0.0009552200
   0.0045764100    0.0026629500   -0.0008210500
   0.0046735400    0.0023968800   -0.0011167000
   0.0045874900    0.0025237000   -0.0009255900
   0.0043900900    0.0024475600   -0.0012200700
   0.0044133200    0.0025805400   -0.0010716000
  -0.0380561600    0.0092051700    0.0149545300
  -0.0043845000    0.0030313500   -0.0000391200
  -0.0034649400    0.0027217500   -0.0005464500
  -0.0041672000    0.0022655600   -0.0015757800
  -0.0047612000    0.0025701200   -0.0013457400
  -0.0044343700    0.0026666200   -0.0011317300
  -0.0044952000    0.0025916200   -0.0010643300
  -0.0044661800    0.0025977100   -0.0010274600
  -0.0027066900   -0.0006780100    0.0055047400
  -0.0053257200   -0.0068716800    0.0015403700
  -0.0054948400   -0.0032013000    0.0007456300
  -0.0057694500   -0.0029414300    0.0009589000
  -0.0062824000   -0.0037319600    0.0010605200
  -0.0056928300   -0.0031522000    0.0009538900
  -0.0057714300   -0.0033313200    0.0008213500
  -0.0056829900   -0.0032476000    0.0007825800
   0.0055628300   -0.0031770200    0.0006721000
   0.0056816100   -0.0034349200    0.0006108300
  -0.0069294000    0.0232495600    0.0241091000
   0.0050693600   -0.0043300000    0.0006735000
   0.0064657400   -0.0026400300    0.0007613000
   0.0056900100   -0.0033090400    0.0008039300
   0.0059615800   -0.0032118400    0.0009463800
   0.0057156200   -0.0033089600    0.0007933700
   0.0000001500   -0.0064863800   -0.0008074500
  -0.0001358400   -0.0062358200   -0.0011091700
  -0.0008422200   -0.0078314800   -0.0004039100
   0.0067675300   -0.0024988400    0.0007020000
   0.0001185600   -0.0065165300   -0.0008831700
   0.0000448900   -0.0064062400   -0.0005847400
   0.0001046700   -0.0064377300   -0.0012959400
  -0.0003716100   -0.0065411900   -0.0006106600
  -0.0006264400   -0.0050362900    0.0104608500
  -0.0009242700   -0.0046457100   -0.0002358000
  -0.0000594500   -0.0053925000   -0.0012124700
   0.0000485100   -0.0051674300   -0.0011006300
  -0.0007226600   -0.0042020600   -0.0002737800
  -0.0002465100   -0.0050316400   -0.0012251000
  -0.0000467000   -0.0051239300   -0.0011817900
  -0.0000132300   -0.0051312800   -0.0010426500
  -0.0000282600    0.0051513000    0.0010395900
  -0.0000524600    0.0054098900    0.0010375800
   0.0003224800    0.0050294400    0.0010131100
  -0.0026771900    0.0032492900    0.0005037300
  -0.0000728200    0.0050933100    0.0011429400
   0.0000264000    0.0046062700    0.0010496800
  -0.0008830800    0.0060927100    0.0006103000
   0.0047385700    0.0030780300    0.0032694300
   0.0000020800    0.0062780900    0.0006025400
   0.0001274400    0.0068285300    0.0008017300
  -0.0003406700    0.0059908800    0.0015324800
  -0.0000034700    0.0063065400    0.0008130200
   0.0018217700    0.0124029200    0.0117975700
  -0.0011136700    0.0068747100    0.0019913400
   0.0000467600    0.0066611400    0.0005168700
   0.0000750300    0.0065990400    0.0007690900
  -0.0056956900    0.0033234000   -0.0008792000
  -0.0056799700    0.0028849600   -0.0008163000
  -0.0054175200    0.0031971300   -0.0008739300
  -0.0054102200    0.0031733600   -0.0008353300
  -0.0018548700    0.0046292100    0.0049197100
  -0.0055066500    0.0057371700   -0.0034953400
  -0.0056231900    0.0033477300   -0.0008875800
  -0.0058064900    0.0030744500   -0.0006095500
   0.0054390700    0.0034722500   -0.0006458200
   0.0058744200    0.0033805600   -0.0008073900
   0.0054236200    0.0030490600   -0.0007522100
   0.0054438700    0.0029564100   -0.0008488400
   0.0057374800    0.0031217500   -0.0010036500
   0.0054953400    0.0032288600   -0.0008862400
  -0.0072888200   -0.0010608300    0.0394906300
   0.0047407800    0.0039985900   -0.0018764000
   0.0044553800   -0.0025471700    0.0010424700
   0.0044587400   -0.0024906000    0.0011374800
   0.0044820200   -0.0025276400    0.0011368000
   0.0044395300   -0.0022690900    0.0010943100
   0.0047657300   -0.0024543600    0.0012707700
  -0.0027306000   -0.0036622800   -0.0004181800
   0.0028794000   -0.0048054500   -0.0036900300
   0.0066363000    0.0007929600    0.0081204300
  -0.0044784300   -0.0025693400    0.0010162800
  -0.0045203700   -0.0026349000    0.0010801500
  -0.0044132200   -0.0025283200    0.0011301400
  -0.0046289200   -0.0027963600    0.0017933900
  -0.0044606300   -0.0025379600    0.0011237200
  -0.0050543400   -0.0020086500    0.0023918800
  -0.0006165100    0.0179385100    0.0502728700
  -0.0081736500   -0.0016388700    0.0040077900
   0.0000948900    0.0000837000    0.0000077800
   0.0013300800    0.0004739300   -0.0003884300
  -0.0000997400   -0.0016756900   -0.0004094700
   0.0001545900   -0.0006669400   -0.0000845200
   0.0001479400    0.0001989100   -0.0012156500
  -0.0000155700   -0.0000251300   -0.0000690300
  -0.0010914900   -0.0003548400    0.0005634300
   0.0003666300    0.0002033100   -0.0002967900
   0.0005234500    0.0004645600    0.0019455900
  -0.0013948200    0.0008447200    0.0023740800
  -0.0028546600    0.0045336400    0.0044833600
  -0.0007518400    0.0002397400    0.0026530300
  -0.0051611300    0.0042087700   -0.0001095100
   0.0001652100   -0.0001404800    0.0028586700
   0.0000501100    0.0000167100    0.0028613900
  -0.0000575200    0.0000026500    0.0029199800
   0.0000374600   -0.0000312200   -0.0029081900
  -0.0002470500   -0.0001822200   -0.0027066800
  -0.0003347800    0.0004771700   -0.0030470200
  -0.0008993200    0.0013729800   -0.0008487000
   0.0006502900   -0.0012102500   -0.0032876500
   0.0000285200   -0.0008863500   -0.0023932500
  -0.0030940200   -0.0019067500    0.0025086400
  -0.0006755500   -0.0006031500   -0.0031203000

1    
  0.0052366622961171  -0.0030233883863176  -0.0079647027980902
  -0.0647168900    0.0697421100    0.1770280600
   0.0049151700    0.0025889400   -0.0015486500
   0.0045661300    0.0025157500   -0.0011482800
   0.0043027300    0.0024625700   -0.0012840200
   0.0042038200    0.0027297600   -0.0009858800
   0.0042900800    0.0026024400   -0.0011766700
   0.0044868000    0.0026770900   -0.0008842200
   0.0044650400    0.0025447800   -0.0010311900
   0.0281969900   -0.0041474700   -0.0172273000
  -0.0044912000    0.0021003900   -0.0020533000
  -0.0054306300    0.0023960000   -0.0015677900
  -0.0046996300    0.0028613100   -0.0005267400
  -0.0041158700    0.0025555100   -0.0007559100
  -0.0044433300    0.0024590500   -0.0009706500
  -0.0043829100    0.0025336600   -0.0010397000
  -0.0044110700    0.0025280800   -0.0010755700
  -0.0086603900   -0.0059025400   -0.0037974300
  -0.0060389400    0.0002843700    0.0001697600
  -0.0059087700   -0.0033807800    0.0009185300
  -0.0056102800   -0.0036282300    0.0006980400
  -0.0051052300   -0.0028450900    0.0005993600
  -0.0056913600   -0.0034189900    0.0007053300
  -0.0056161100   -0.0032428800    0.0008403700
  -0.0057028000   -0.0033263700    0.0008782200
   0.0058149800   -0.0033930700    0.0010013300
   0.0057036700   -0.0031363500    0.0010518800
   0.0189265300   -0.0316912200   -0.0240285000
   0.0063162300   -0.0022441400    0.0009902300
   0.0049163300   -0.0039362400    0.0009014800
   0.0056941700   -0.0032640900    0.0008569200
   0.0054246700   -0.0033624500    0.0007145600
   0.0056706000   -0.0032656300    0.0008679400
  -0.0000010000   -0.0066596200   -0.0008537400
   0.0001371100   -0.0069169900   -0.0005515500
   0.0008359100   -0.0053294700   -0.0012506700
  -0.0067608000   -0.0106780500   -0.0023915000
  -0.0001185100   -0.0066264100   -0.0007766200
  -0.0000449200   -0.0067378500   -0.0010773300
  -0.0001069800   -0.0067333000   -0.0003648700
   0.0003721300   -0.0066010700   -0.0010495800
   0.0009319100   -0.0049132700   -0.0126592200
   0.0009246900   -0.0056088300   -0.0018601200
   0.0000593600   -0.0048578700   -0.0008925000
  -0.0000476800   -0.0050818100   -0.0010012400
   0.0007209600   -0.0060508700   -0.0018285600
   0.0002426600   -0.0052177400   -0.0008793900
   0.0000472500   -0.0051270600   -0.0009236900
   0.0000140500   -0.0051200500   -0.0010601400
   0.0000288300    0.0050997900    0.0010629200
   0.0000523200    0.0048400300    0.0010664800
  -0.0003221600    0.0052220600    0.0010911900
   0.0026938900    0.0070173500    0.0015948600
   0.0000745600    0.0051572100    0.0009592700
  -0.0000216400    0.0056442200    0.0010499700
   0.0008743800    0.0041633300    0.0014883400
  -0.0047390700    0.0071569700   -0.0012404300
  -0.0000021600    0.0068557800    0.0010644900
  -0.0001256600    0.0063147500    0.0008610000
   0.0003505600    0.0071606600    0.0001268300
   0.0000032200    0.0068354000    0.0008480100
  -0.0015487800    0.0004852900   -0.0100148600
   0.0011125300    0.0062803500   -0.0003235200
  -0.0000476300    0.0064847900    0.0011447300
  -0.0000749100    0.0065477100    0.0008929800
  -0.0056904100    0.0032513500   -0.0007812200
  -0.0057040800    0.0036902600   -0.0008439700
  -0.0059659200    0.0033757300   -0.0007858400
  -0.0059741600    0.0034006900   -0.0008254500
  -0.0095116800    0.0019885000   -0.0065379100
  -0.0058479400    0.0008923800    0.0018837600
  -0.0057772800    0.0032363900   -0.0007769900
  -0.0055752700    0.0034947000   -0.0010501400
   0.0059462600    0.0030971800   -0.0010144800
   0.0055096700    0.0031924100   -0.0008533200
   0.0059604600    0.0035223400   -0.0009074500
   0.0059433300    0.0036172800   -0.0008112100
   0.0056447500    0.0034584100   -0.0006498000
   0.0058906300    0.0033441400   -0.0007735000
   0.0192717800    0.0080879600   -0.0436744400
   0.0066436100    0.0025788200    0.0002188600
   0.0044229400   -0.0025782300    0.0010603000
   0.0044191100   -0.0026359000    0.0009646700
   0.0043958100   -0.0025968500    0.0009656500
   0.0044386800   -0.0028583300    0.0010096100
   0.0041112800   -0.0026711900    0.0008334900
   0.0115274400   -0.0014546600    0.0025584600
   0.0059943200   -0.0003358400    0.0057555300
   0.0022208900   -0.0060113900   -0.0062393900
  -0.0043995600   -0.0025570600    0.0010858700
  -0.0043578900   -0.0024905000    0.0010224500
  -0.0044639800   -0.0025954800    0.0009732200
  -0.0042495900   -0.0023285300    0.0003059400
  -0.0044117800   -0.0025874200    0.0009802700
  -0.0038345300   -0.0031193300   -0.0002936300
  -0.0075773200   -0.0229005400   -0.0477752500
  -0.0006970300   -0.0034782800   -0.0019010700
  -0.0000977400   -0.0000856300   -0.0000011500
  -0.0013352900   -0.0004736000    0.0003886900
   0.0000595600    0.0017176100    0.0003835600
  -0.0001491500    0.0006707600    0.0000893700
  -0.0001474900   -0.0001980500    0.0011951600
   0.0000168800    0.0000288000    0.0000687700
   0.0010695500    0.0003391400   -0.0005375900
  -0.0003622800   -0.0002004500    0.0002892400
  -0.0005210700   -0.0004580500    0.0038295000
   0.0014065600   -0.0008438500    0.0034020700
   0.0029390500   -0.0046637400    0.0012205100
   0.0007445000   -0.0002385500    0.0031164300
   0.0051889000   -0.0041928600    0.0058688500
  -0.0001646200    0.0001363000    0.0029159700
  -0.0000492900   -0.0000170000    0.0029115200
   0.0000575100   -0.0000025900    0.0028576700
  -0.0000367000    0.0000310100   -0.0028699400
   0.0002455200    0.0001831000   -0.0030711400
   0.0003350000   -0.0004691800   -0.0027232200
   0.0008951100   -0.0013769800   -0.0049351500
  -0.0006463100    0.0012053600   -0.0024790800
  -0.0000178800    0.0008872800   -0.0033776200
   0.0032175400    0.0019930500   -0.0083769500
   0.0006666400    0.0005974100   -0.0026602200

1    
  0.0052366622961171   0.0030233883863176   0.0079647027980902
  -0.1630386000   -0.0941303800   -0.2318619800
   0.0047117600    0.0027203400   -0.0007568800
   0.0045496500    0.0026314300   -0.0009736800
   0.0043710400    0.0026565500   -0.0007726000
   0.0045537100    0.0026244000   -0.0009736800
   0.0044861600    0.0024571600   -0.0007726000
   0.0042275800    0.0024408000   -0.0013872700
   0.0044643600    0.0025775000   -0.0010708600
   0.0266867600    0.0096901700    0.0160460900
  -0.0044673900    0.0024487800   -0.0010615200
  -0.0035400900    0.0026560300   -0.0005365600
  -0.0046644100    0.0021929200   -0.0015797600
  -0.0047300100    0.0026229300   -0.0009632800
  -0.0044330700    0.0027043700   -0.0010735400
  -0.0044936700    0.0025708300   -0.0010631600
  -0.0044639600    0.0026143900   -0.0009992600
  -0.0055689600   -0.0032152400    0.0043761300
   0.0001566800    0.0000904600    0.0051279000
  -0.0066149000   -0.0040352100    0.0006621200
  -0.0057382600   -0.0031137400    0.0009595300
  -0.0068020400   -0.0037110600    0.0006621200
  -0.0055657000   -0.0034126100    0.0009595300
  -0.0059294700   -0.0034233800    0.0008659600
  -0.0056287600   -0.0032497700    0.0008320800
   0.0049860000   -0.0029816100    0.0005624400
   0.0055929100   -0.0031800500    0.0008627900
   0.0141421500    0.0165762400    0.0285886600
   0.0059730200   -0.0036018300    0.0008704100
   0.0066808100   -0.0028134000    0.0010357000
   0.0054787500   -0.0031485500    0.0008303200
   0.0059053700   -0.0034137300    0.0006942800
   0.0057562300   -0.0033561100    0.0007573500
   0.0000506100   -0.0065886800   -0.0009051700
  -0.0000970300   -0.0061657300   -0.0007109600
   0.0021687000   -0.0075475000    0.0021526300
   0.0034809400   -0.0018484300    0.0053056200
   0.0001830400   -0.0061366800   -0.0009354400
   0.0000403800   -0.0060948500   -0.0007683500
   0.0000295700   -0.0077667800   -0.0014482500
  -0.0001094400   -0.0066137600   -0.0007098400
   0.0217353200    0.0182663300    0.0160460900
  -0.0001130000   -0.0050932600   -0.0010615200
  -0.0000934800   -0.0054077800   -0.0009632800
   0.0001255200   -0.0051913400   -0.0010735400
   0.0005301400   -0.0043938200   -0.0005365600
  -0.0004330800   -0.0051359600   -0.0015797600
  -0.0000204400   -0.0051770500   -0.0010631600
   0.0000321400   -0.0051731000   -0.0009992600
   0.0000135200    0.0051304200    0.0010272700
  -0.0000346100    0.0051726400    0.0011273300
   0.0000067900    0.0050454700    0.0011219300
  -0.0025654300    0.0028681500   -0.0009515100
   0.0002517400    0.0050347000    0.0010210200
  -0.0001820600    0.0049211800    0.0014014300
   0.0014501000    0.0070008300    0.0021770600
   0.0024240900    0.0041968700    0.0067487100
  -0.0000891500    0.0058088100    0.0005624400
   0.0000424500    0.0064336300    0.0008627900
   0.0009039300    0.0071924600    0.0010357000
   0.0000126500    0.0063190100    0.0008303200
   0.0214265200    0.0039593500    0.0285886600
  -0.0001327700    0.0069737100    0.0008704100
  -0.0000036900    0.0068210600    0.0006942800
  -0.0000283600    0.0066630900    0.0007573500
  -0.0056806600    0.0033381700   -0.0009051700
  -0.0053881900    0.0029988300   -0.0007109600
  -0.0052230000    0.0032268600   -0.0009354400
  -0.0052581100    0.0030824000   -0.0007683500
  -0.0054519800    0.0056519000    0.0021526300
   0.0001396800    0.0039388000    0.0053056200
  -0.0067114500    0.0039090000   -0.0014482500
  -0.0057824000    0.0032121100   -0.0007098400
   0.0052410000    0.0030258900   -0.0006934000
   0.0058940700    0.0034029400   -0.0008221800
   0.0050030300    0.0028994900   -0.0008601200
   0.0055769000    0.0032248800   -0.0007291600
   0.0050125500    0.0028830000   -0.0008601200
   0.0055812800    0.0032173000   -0.0007291600
   0.0117710000    0.0067959900    0.0338260900
   0.0058695300    0.0033887700   -0.0011333800
   0.0044498300   -0.0025535000    0.0010272700
   0.0044623300   -0.0026162900    0.0011273300
   0.0044860400   -0.0022993300    0.0010210200
   0.0041708400   -0.0026182600    0.0014014300
   0.0043729000   -0.0025168500    0.0011219300
   0.0012011800   -0.0036558100   -0.0009515100
   0.0067879500   -0.0022445900    0.0021770600
   0.0048466400    0.0000008900    0.0067487100
  -0.0045170500   -0.0026079200    0.0009536400
  -0.0044965600   -0.0025960900    0.0009741800
  -0.0042632000   -0.0024239900    0.0012223000
  -0.0041984500   -0.0029714500    0.0018960300
  -0.0042308400   -0.0024800400    0.0012223000
  -0.0046725700   -0.0021502400    0.0018960300
   0.0544201600    0.0314194900    0.0875682900
  -0.0044591800   -0.0025745100    0.0018905400
  -0.0003666300   -0.0002116800    0.0003563500
   0.0009055000    0.0005227900    0.0002952400
  -0.0010480400   -0.0018165000   -0.0028579300
   0.0003968900   -0.0006758700   -0.0000902900
  -0.0020971600    0.0000006200   -0.0028579300
  -0.0003868700    0.0006816500   -0.0000902900
   0.0000008400    0.0000004900    0.0010449200
   0.0005560200    0.0003210200   -0.0002686000
   0.0011404800    0.0006584600    0.0020839900
   0.0007742200    0.0004470000    0.0032713700
   0.0030837300   -0.0062275200   -0.0011454600
  -0.0007369000    0.0002354400    0.0028402900
  -0.0038513200    0.0057843500   -0.0011454600
  -0.0001645500   -0.0007559000    0.0028402900
   0.0000274800    0.0000158700    0.0028311100
  -0.0001255200   -0.0000724700    0.0029194700
   0.0001409900    0.0000814000   -0.0029345100
  -0.0002752400   -0.0001589100   -0.0027493700
  -0.0006501300    0.0017901100   -0.0032511000
   0.0001646100    0.0010066300   -0.0022142800
   0.0012252200   -0.0014580800   -0.0032511000
   0.0009540700   -0.0003607600   -0.0022142800
   0.0041311700    0.0023851300   -0.0093417400
  -0.0008014900   -0.0004627400   -0.0028172900

1    
 -0.0052366622961171  -0.0030233883863176  -0.0079647027980902
   0.1696488700    0.0979468200    0.2265979100
   0.0041660400    0.0024052600   -0.0013436700
   0.0043261400    0.0024944900   -0.0011294800
   0.0045081000    0.0024701500   -0.0013310400
   0.0043233600    0.0024993000   -0.0011294800
   0.0043932700    0.0026690500   -0.0013310400
   0.0046505300    0.0026849900   -0.0007156000
   0.0044147400    0.0025488500   -0.0010320200
  -0.0363025300   -0.0045289600   -0.0179566400
  -0.0044145000    0.0026803700   -0.0010368700
  -0.0053464100    0.0024656700   -0.0015744600
  -0.0042102500    0.0029302200   -0.0005332000
  -0.0041473100    0.0025025700   -0.0011409100
  -0.0044445800    0.0024197800   -0.0010293800
  -0.0043839400    0.0025547600   -0.0010412500
  -0.0044136500    0.0025109300   -0.0011040600
  -0.0058406300   -0.0033720900   -0.0026818500
  -0.0116860100   -0.0067469200   -0.0034984900
  -0.0047811300   -0.0025405800    0.0010011600
  -0.0056380800   -0.0034525600    0.0006974600
  -0.0045907700   -0.0028702900    0.0010011600
  -0.0058090500   -0.0031564400    0.0006974600
  -0.0054585800   -0.0031515200    0.0007947600
  -0.0057540300   -0.0033220900    0.0008282900
   0.0063934500   -0.0035833500    0.0010979800
   0.0057987000   -0.0033981900    0.0008001700
  -0.0024356300   -0.0237262900   -0.0273617000
   0.0054277100   -0.0029784400    0.0007920700
   0.0047070100   -0.0037623300    0.0006189000
   0.0059010900   -0.0034224200    0.0008305800
   0.0054787900   -0.0031589000    0.0009668300
   0.0056301100   -0.0032179100    0.0009032500
  -0.0000516400   -0.0065588000   -0.0007545800
   0.0000967500   -0.0069822200   -0.0009535000
  -0.0021418800   -0.0056431500   -0.0037726200
  -0.0035105700   -0.0114255900   -0.0070283700
  -0.0001807800   -0.0070035300   -0.0007239200
  -0.0000391900   -0.0070583200   -0.0008952500
  -0.0000297000   -0.0053870600   -0.0002110900
   0.0001059500   -0.0065228700   -0.0009485900
  -0.0220734600   -0.0291744400   -0.0179566400
   0.0001140100   -0.0051632600   -0.0010368700
   0.0000936300   -0.0048429600   -0.0011409100
  -0.0001267000   -0.0050590100   -0.0010293800
  -0.0005378700   -0.0058629600   -0.0015744600
   0.0004325200   -0.0051113000   -0.0005332000
   0.0000205100   -0.0050739800   -0.0010412500
  -0.0000323000   -0.0050778000   -0.0011040600
  -0.0000131900    0.0051209800    0.0010759300
   0.0000349900    0.0050774100    0.0009772900
  -0.0000092000    0.0052000300    0.0009847400
   0.0025688400    0.0073926900    0.0030498400
  -0.0002527500    0.0052171100    0.0010817700
   0.0001831500    0.0053286000    0.0006991000
  -0.0014315600    0.0032859100   -0.0000768000
  -0.0024678300    0.0060981100   -0.0047960700
   0.0000934500    0.0073285700    0.0010979800
  -0.0000435700    0.0067209200    0.0008001700
  -0.0009047700    0.0059575600    0.0006189000
  -0.0000133600    0.0068217000    0.0008305800
  -0.0217653800    0.0097538300   -0.0273617000
   0.0001344600    0.0061897600    0.0007920700
   0.0000037100    0.0063242200    0.0009668300
   0.0000282600    0.0064847700    0.0009032500
  -0.0057059100    0.0032346800   -0.0007545800
  -0.0059984100    0.0035749000   -0.0009535000
  -0.0061556200    0.0033452100   -0.0007239200
  -0.0061322700    0.0034952200   -0.0008952500
  -0.0059580500    0.0009666500   -0.0037726200
  -0.0116501400    0.0026725500   -0.0070283700
  -0.0046801800    0.0026678100   -0.0002110900
  -0.0055960000    0.0033531900   -0.0009485900
   0.0061405700    0.0035452600   -0.0009684800
   0.0054936900    0.0031717800   -0.0008384500
   0.0063743500    0.0036709600   -0.0007959600
   0.0058179600    0.0033527700   -0.0009323800
   0.0063663200    0.0036848700   -0.0007959600
   0.0058125600    0.0033621200   -0.0009323800
  -0.0000878200   -0.0000507000   -0.0361480700
   0.0055370100    0.0031967900   -0.0005180400
   0.0044283100   -0.0025719100    0.0010759300
   0.0044146600   -0.0025084000    0.0009772900
   0.0043917700   -0.0028274400    0.0010817700
   0.0047062800   -0.0025056900    0.0006991000
   0.0044987600   -0.0026079800    0.0009847400
   0.0076866700   -0.0014716700    0.0030498400
   0.0021299000   -0.0028827200   -0.0000768000
   0.0040472000   -0.0051862600   -0.0047960700
  -0.0043622000   -0.0025185200    0.0011479600
  -0.0043798300   -0.0025287000    0.0011294600
  -0.0046146200   -0.0027020600    0.0008813100
  -0.0046800500   -0.0021560900    0.0002097000
  -0.0046473600   -0.0026453500    0.0008813100
  -0.0042072500   -0.0029750000    0.0002097000
  -0.0599495200   -0.0346118700   -0.0807410900
  -0.0043900800   -0.0025346100    0.0002298400
   0.0003551900    0.0002050700   -0.0003459300
  -0.0008952300   -0.0005168600   -0.0003054100
   0.0010006000    0.0018420400    0.0028249500
  -0.0003865500    0.0006827800    0.0001059600
   0.0020955600   -0.0000544700    0.0028249500
   0.0003980300   -0.0006761500    0.0001059600
  -0.0000229800   -0.0000132700   -0.0010357100
  -0.0005433300   -0.0003136900    0.0002604200
  -0.0011179700   -0.0006454600    0.0036844100
  -0.0008054600   -0.0004650300    0.0024838700
  -0.0030613900    0.0062230300    0.0069219500
   0.0007181100   -0.0002289800    0.0029255300
   0.0038586100   -0.0057627600    0.0069219500
   0.0001607500    0.0007363900    0.0029255300
  -0.0000246300   -0.0000142200    0.0029421200
   0.0001224200    0.0000706800    0.0028572500
  -0.0001381200   -0.0000797400   -0.0028424200
   0.0002727800    0.0001574900   -0.0030255800
   0.0006516600   -0.0017621600   -0.0025176700
  -0.0001723200   -0.0010345600   -0.0035761800
  -0.0012002400    0.0014454400   -0.0025176700
  -0.0009821200    0.0003680500   -0.0035761800
  -0.0041112700   -0.0023736400    0.0035954700
   0.0007818500    0.0004514000   -0.0029600000

17   
 -0.0052366622961171   0.0030233883863176   0.0079647027980902
   0.0042747800    0.0033595200    0.0022022200
   0.0064137300   -0.0000907600    0.0003641800
   0.0046984200    0.0020455400   -0.0008749400
   0.0043746800    0.0027829700   -0.0008632000
   0.0043987900    0.0030733700   -0.0008227000
   0.0043072300    0.0027563800   -0.0010364600
   0.0045257100    0.0026132300   -0.0009886400
   0.0044495400    0.0026025700   -0.0010992200
  -0.0041275400    0.0024979600   -0.0014375100
  -0.0157844000    0.0198756300    0.0263861300
  -0.0046582100    0.0023048700   -0.0010926700
  -0.0052431100    0.0017114000   -0.0011605700
  -0.0047108100    0.0030872700   -0.0003935900
  -0.0041615600    0.0029024000   -0.0010423900
  -0.0044003400    0.0026140600   -0.0011328400
  -0.0044184200    0.0025267100   -0.0010820300
   0.1753131400   -0.0411010200   -0.1603671500
  -0.0057926000   -0.0035339100    0.0009251300
  -0.0057927900   -0.0032641600    0.0009663900
  -0.0061500100   -0.0029193300    0.0016898800
  -0.0057131600   -0.0035371800    0.0007575600
  -0.0055611400   -0.0034178000    0.0013170000
  -0.0051443800   -0.0029591700    0.0006876100
  -0.0057906800   -0.0033410700    0.0008005800
  -0.0048594600   -0.0024929800    0.0031779700
   0.0056957200   -0.0028806100    0.0004593600
   0.0052807000   -0.0033488500    0.0009183300
   0.0000185200   -0.0059948600   -0.0053143300
   0.0059839900   -0.0034160500    0.0008414800
   0.0054328900   -0.0032451900    0.0008836200
   0.0057436000   -0.0032539300    0.0006830400
   0.0058424700   -0.0032248900    0.0012695500
   0.0001176900   -0.0060228200   -0.0009121400
   0.0003496300   -0.0069638900   -0.0001170500
  -0.0486796700    0.0283591700    0.0203708000
  -0.0003110900   -0.0067598200   -0.0009794300
  -0.0010262900   -0.0068290300   -0.0010783900
  -0.0000181400   -0.0067804000   -0.0008907400
  -0.0002359400   -0.0068439600   -0.0008983600
   0.0000655900   -0.0063799100   -0.0008215000
   0.0000708500   -0.0049476600   -0.0014137700
  -0.0068385300   -0.0095700300    0.0081006000
  -0.0009696700   -0.0049296900   -0.0010527600
   0.0002815300   -0.0052017100   -0.0011502600
  -0.0000726000   -0.0051329000   -0.0011092300
  -0.0010390700   -0.0042111900   -0.0000816300
   0.0000811400   -0.0050885200   -0.0011279600
   0.0000615500   -0.0051604700   -0.0010990800
  -0.0001005900    0.0052178900    0.0010063600
   0.0001012900    0.0051402200    0.0010026100
   0.0032113100    0.0063742600    0.0031813000
   0.0002928900    0.0058356400    0.0004957900
   0.0002902400    0.0049392900    0.0012515300
  -0.0001507200    0.0050913500    0.0012463700
  -0.0024104300   -0.0024374500    0.0009546900
  -0.0000729800    0.0053485500    0.0013920400
   0.0068849600    0.0032980800   -0.0006471200
   0.0004338800    0.0062103100    0.0008132400
   0.0000221800    0.0068088900    0.0008360800
  -0.0001305100    0.0066181700    0.0007288300
  -0.0001778300    0.0061619300    0.0004329200
  -0.0008779500    0.0085440200   -0.0034525300
   0.0000159500    0.0065720600    0.0008416500
   0.0000285200    0.0065874300    0.0012011400
  -0.0050113900    0.0030245500   -0.0008236700
  -0.0063330900    0.0049304100   -0.0006002400
  -0.0061407600    0.0032186200   -0.0000827600
  -0.0058598800    0.0033873700   -0.0009046100
  -0.0156619000    0.0042425000    0.0023941500
  -0.0056474800    0.0033802300   -0.0010850000
  -0.0056571200    0.0034735800   -0.0011155000
  -0.0055878400    0.0032405400   -0.0007406900
   0.0053577700    0.0031289400   -0.0009193300
   0.0053963600    0.0030587400   -0.0006993200
   0.0060328900    0.0048603800   -0.0015835400
   0.0050988200    0.0030193500   -0.0000520300
   0.0068417800    0.0038888500   -0.0023369800
   0.0045346200    0.0033227800    0.0001834800
   0.0054882000    0.0035883900   -0.0003109200
   0.0046582100    0.0051009100    0.0040006500
   0.0044467600   -0.0026492500    0.0010418600
   0.0043807600   -0.0024794700    0.0011598000
   0.0041775300   -0.0023172000    0.0009998800
   0.0043394000   -0.0026806600    0.0013027800
   0.0080424800    0.0036255700    0.0051516300
   0.0052546900   -0.0027192400    0.0005954900
  -0.0045406500   -0.0053783100    0.0063868500
   0.0044642600   -0.0025090700    0.0010775800
  -0.0045053600   -0.0022686600    0.0013170700
  -0.0044526900   -0.0025820000    0.0009886100
  -0.0043561000   -0.0023276200    0.0011813700
  -0.0043370900   -0.0024707700    0.0011079500
  -0.0040332500   -0.0027929900    0.0011374000
  -0.0043638100   -0.0026809800    0.0011976400
  -0.0163285000   -0.0062602600    0.0418331200
  -0.0046144800   -0.0014096900    0.0003520200
  -0.0077254200   -0.0054517400    0.0118071800
  -0.0001906300   -0.0001286800   -0.0005453500
  -0.0008345900    0.0017971300    0.0009728800
   0.0001658300   -0.0001067900    0.0004352200
   0.0005713300   -0.0009423600    0.0005160700
  -0.0003747200   -0.0000087700    0.0004788300
   0.0002049200    0.0001112700    0.0003310900
   0.0001880500    0.0001060700   -0.0004424400
  -0.0664905800   -0.0117987100    0.0308744100
  -0.0000022700    0.0001018800    0.0029497400
   0.0000757900   -0.0002734400    0.0027591400
  -0.0003808900   -0.0001725600    0.0046614700
  -0.0002151100    0.0001978400    0.0028515100
   0.0008781500   -0.0003147600    0.0035211500
  -0.0001999300   -0.0001251000    0.0029377200
   0.0001267000    0.0001352400    0.0030036000
   0.0003633500    0.0001814100   -0.0039442000
   0.0003200100    0.0000161100   -0.0029023800
  -0.0007021800    0.0012945800   -0.0005219900
   0.0001156900   -0.0001250600   -0.0030278600
  -0.0002252400    0.0076407700   -0.0029348700
  -0.0001249300    0.0000232900   -0.0030916700
   0.0000600300   -0.0000515800   -0.0030569100
  -0.0003289600    0.0003484700   -0.0024328300

17   
  0.0052366622961171  -0.0030233883863176  -0.0079647027980902
   0.0046041700    0.0017622600   -0.0043461700
   0.0024209000    0.0051719000   -0.0024447100
   0.0041842800    0.0030765900   -0.0012272900
   0.0045044900    0.0023485500   -0.0012392500
   0.0044776600    0.0020577200   -0.0012845200
   0.0045711400    0.0023717900   -0.0010681000
   0.0043530100    0.0025123500   -0.0011138400
   0.0044290500    0.0025234700   -0.0010043200
  -0.0047513300    0.0026252800   -0.0006626800
   0.0071639500   -0.0139378000   -0.0278355000
  -0.0042187800    0.0028160100   -0.0010073500
  -0.0036253700    0.0034158600   -0.0009433600
  -0.0041759100    0.0020194800   -0.0017111300
  -0.0047180600    0.0022218800   -0.0010606500
  -0.0044781100    0.0025119100   -0.0009704200
  -0.0044601400    0.0025995700   -0.0010213700
  -0.1897028100    0.0362932000    0.1653156300
  -0.0055951300   -0.0030406400    0.0007352900
  -0.0055917600   -0.0033080500    0.0006966300
  -0.0052385100   -0.0036532200   -0.0000327800
  -0.0056710100   -0.0030344000    0.0009027600
  -0.0058208400   -0.0031610100    0.0003465800
  -0.0062398300   -0.0036149600    0.0009739600
  -0.0055965200   -0.0032334700    0.0008602500
   0.0161843700   -0.0041341100   -0.0015560100
   0.0056908000   -0.0036931300    0.0011922200
   0.0061100800   -0.0032248000    0.0007473700
   0.0114120300   -0.0006002900    0.0069426500
   0.0054003400   -0.0031565900    0.0008186400
   0.0059511900   -0.0033273500    0.0007768200
   0.0056445200   -0.0033176800    0.0009748800
   0.0055439500   -0.0033497800    0.0003910900
  -0.0001212900   -0.0071245500   -0.0007425400
  -0.0003664400   -0.0061788000   -0.0015434200
   0.0516127400   -0.0431084800   -0.0229304900
   0.0003126600   -0.0063878500   -0.0006788100
   0.0010323100   -0.0063152700   -0.0005782900
   0.0000179700   -0.0063665100   -0.0007700700
   0.0002357400   -0.0063017200   -0.0007621600
  -0.0000643800   -0.0067609400   -0.0008387100
  -0.0000739000   -0.0053030600   -0.0006903300
   0.0066128600   -0.0007177100   -0.0105361800
   0.0009611200   -0.0053248100   -0.0010489800
  -0.0002815800   -0.0050501600   -0.0009554200
   0.0000672000   -0.0051167500   -0.0009933900
   0.0010427700   -0.0060420200   -0.0020225700
  -0.0000805700   -0.0051623500   -0.0009750800
  -0.0000612500   -0.0050897900   -0.0010039500
   0.0001001200    0.0050355900    0.0010966000
  -0.0001028500    0.0051103200    0.0011007700
  -0.0032168600    0.0038647300   -0.0010927800
  -0.0002872600    0.0044283500    0.0016067100
  -0.0002865200    0.0053091500    0.0008520700
   0.0001507600    0.0051617500    0.0008588600
   0.0024261000    0.0127097000    0.0010810300
   0.0000722100    0.0049018800    0.0007063800
  -0.0068551000    0.0098991200    0.0023915900
  -0.0004369100    0.0069375700    0.0008444600
  -0.0000221300    0.0063377900    0.0008243200
   0.0001306800    0.0065271500    0.0009321900
   0.0001797800    0.0069890200    0.0012337400
   0.0008099300    0.0046006500    0.0050966500
  -0.0000156800    0.0065788400    0.0008151900
  -0.0000267400    0.0065629600    0.0004631600
  -0.0063748000    0.0035465700   -0.0008330600
  -0.0050604300    0.0016426400   -0.0010470500
  -0.0052433900    0.0033513500   -0.0015812200
  -0.0055242200    0.0031853500   -0.0007563700
   0.0044182500    0.0017665600   -0.0039853800
  -0.0057412000    0.0031946300   -0.0005739500
  -0.0057280400    0.0030992700   -0.0005475900
  -0.0057929400    0.0033309800   -0.0009193500
   0.0060285600    0.0034452100   -0.0007441900
   0.0059876700    0.0035143300   -0.0009611100
   0.0053657200    0.0017073200   -0.0000766300
   0.0062887800    0.0035527800   -0.0016095400
   0.0045385700    0.0026999300    0.0006604700
   0.0068443500    0.0032622600   -0.0018244500
   0.0059024700    0.0029868700   -0.0013608400
   0.0067135100    0.0014609700   -0.0056645100
   0.0044317000   -0.0024763800    0.0010605900
   0.0044970200   -0.0026465300    0.0009422500
   0.0047009700   -0.0028093300    0.0011051700
   0.0045456200   -0.0024461800    0.0008037100
   0.0008521000   -0.0086431700   -0.0029568000
   0.0036317600   -0.0024081900    0.0015115700
   0.0136224800    0.0003021300   -0.0043939000
   0.0044143400   -0.0026175000    0.0010226300
  -0.0043728800   -0.0028599600    0.0007845300
  -0.0044255500   -0.0025438200    0.0011149100
  -0.0045209800   -0.0027977500    0.0009229200
  -0.0045454700   -0.0026484600    0.0009985700
  -0.0048433700   -0.0023321500    0.0009728500
  -0.0045144300   -0.0024509400    0.0009083700
   0.0082778900    0.0017607300   -0.0421873100
  -0.0042681900   -0.0037283500    0.0017650200
   0.0076423800    0.0053152500   -0.0116982900
   0.0001881700    0.0001279300    0.0005442400
   0.0008520100   -0.0018074500   -0.0009792800
  -0.0001694600    0.0001035500   -0.0004338300
  -0.0005656600    0.0009431100   -0.0005143000
   0.0003652200   -0.0000129100   -0.0004797100
  -0.0002041400   -0.0001088300   -0.0003299900
  -0.0001938500   -0.0001119000    0.0004330500
   0.0654795700    0.0109631200   -0.0253866600
   0.0000077300   -0.0000986300    0.0028303500
  -0.0000767800    0.0002721000    0.0030155500
   0.0003866700    0.0001793300    0.0011143100
   0.0002142700   -0.0001994500    0.0029247300
  -0.0008855700    0.0003088300    0.0022407300
   0.0001991200    0.0001225200    0.0028403700
  -0.0001244900   -0.0001336000    0.0027725500
  -0.0003616200   -0.0001761700   -0.0018256400
  -0.0003172300   -0.0000139200   -0.0028761700
   0.0007639500   -0.0013528300   -0.0052925200
  -0.0001149300    0.0001269300   -0.0027479400
   0.0002037400   -0.0076644600   -0.0028596700
   0.0001243700   -0.0000260600   -0.0026823300
  -0.0000645600    0.0000483100   -0.0027188600
   0.0003178800   -0.0003502100   -0.0033268500

17   
  0.0052366622961171   0.0030233883863176   0.0079647027980902
   0.0014284500    0.0008247100    0.0051808900
   0.0121059200    0.0069893600    0.0018736100
   0.0035743600    0.0024193100   -0.0014847200
   0.0044040400    0.0025746900   -0.0008679300
   0.0038823600    0.0018858300   -0.0014847200
   0.0044317600    0.0025266700   -0.0008679300
   0.0043681100    0.0025219300   -0.0011599600
   0.0045022000    0.0025993500   -0.0010505900
  -0.0047075100    0.0026924100   -0.0009695600
   0.0056929500    0.0300658900    0.0261625100
  -0.0047519600    0.0027013900   -0.0011690400
  -0.0043560000    0.0015619500   -0.0008757500
  -0.0044963000    0.0012859200   -0.0008672700
  -0.0042167100    0.0027417200   -0.0012983400
  -0.0046096700    0.0024710400   -0.0009382400
  -0.0043775100    0.0025455400   -0.0011461900
  -0.1539782100   -0.0888993600   -0.1230097900
  -0.0054446600   -0.0031434800    0.0008750700
  -0.0058216600   -0.0031329900    0.0007656300
  -0.0050721800   -0.0027701400    0.0017464600
  -0.0056240800   -0.0034752100    0.0007656300
  -0.0049351100   -0.0030075700    0.0017464600
  -0.0062213400   -0.0035918900    0.0009404300
  -0.0054679600   -0.0031569300    0.0008149100
   0.0199348800   -0.0039691000    0.0013408900
   0.0061189800   -0.0031620600    0.0008360700
   0.0057024800   -0.0037079300    0.0007741200
   0.0123143500   -0.0050211300   -0.0062425300
   0.0054532000   -0.0031982200    0.0007247600
   0.0055399900   -0.0033580000    0.0007929700
   0.0058460900   -0.0030453300    0.0008767000
   0.0058536700   -0.0033746100    0.0011254700
  -0.0000315700   -0.0071876100   -0.0011217900
   0.0008135800   -0.0064974400   -0.0003753900
   0.0117829400   -0.0016466800   -0.0000978000
  -0.0002839800   -0.0064049900   -0.0009443500
   0.0001924600   -0.0059205100    0.0000605900
  -0.0000169900   -0.0062114900   -0.0008826100
  -0.0001848200   -0.0064754500   -0.0009989800
   0.0001064600   -0.0066319400   -0.0008737900
  -0.0000220600   -0.0054230300   -0.0009695600
   0.0288843000   -0.0101027000    0.0261625100
  -0.0011345100   -0.0045368700   -0.0008672700
   0.0002660500   -0.0050226400   -0.0012983400
  -0.0000365100   -0.0054660100   -0.0011690400
  -0.0008253100   -0.0045533800   -0.0008757500
  -0.0001648500   -0.0052276100   -0.0009382400
   0.0000157500   -0.0050638100   -0.0011461900
   0.0000067500    0.0051482000    0.0010051800
  -0.0001240300    0.0053527500    0.0007879600
   0.0017978200    0.0041203400    0.0039904600
   0.0003744600    0.0045848000    0.0009259400
   0.0002992000    0.0049887700    0.0007587200
  -0.0002698400    0.0053438100    0.0009141200
  -0.0002950700    0.0013945300    0.0007658400
   0.0000160300    0.0051715000    0.0012412000
   0.0065301000    0.0192486700    0.0013408900
   0.0003210700    0.0068802200    0.0008360700
  -0.0000431400    0.0063217200    0.0007247600
  -0.0001381200    0.0064767700    0.0007929700
  -0.0003599200    0.0067924600    0.0007741200
   0.0018087400    0.0131751000   -0.0062425300
   0.0002857100    0.0065855200    0.0008767000
   0.0000043400    0.0067567300    0.0011254700
  -0.0062404400    0.0035664600   -0.0011217900
  -0.0052201600    0.0039533000   -0.0003753900
  -0.0050310800    0.0031269300    0.0000605900
  -0.0053878000    0.0030910300   -0.0008826100
   0.0044654000    0.0110276600   -0.0000978000
  -0.0056888800    0.0029565600   -0.0009443500
  -0.0057003200    0.0030776700   -0.0009989800
  -0.0056902000    0.0034081700   -0.0008737900
   0.0057484400    0.0033188600   -0.0011747200
   0.0062111100    0.0035859900   -0.0007534900
   0.0036860000    0.0026275200   -0.0018426900
   0.0058203700    0.0033828700   -0.0004933700
   0.0041185000    0.0018784100   -0.0018426900
   0.0058398400    0.0033491500   -0.0004933700
   0.0064485900    0.0037231000   -0.0000039900
   0.0068445600    0.0039517100    0.0045441600
   0.0044618500   -0.0025682500    0.0010051800
   0.0045736000   -0.0027837900    0.0007879600
   0.0044700000   -0.0022352700    0.0007587200
   0.0044929600   -0.0029055900    0.0009141200
   0.0044672300   -0.0005032100    0.0039904600
   0.0041577800   -0.0019681100    0.0009259400
   0.0010601700   -0.0009528000    0.0007658400
   0.0044866700   -0.0025718600    0.0012412000
  -0.0047018600   -0.0027146200    0.0010252400
  -0.0044356300   -0.0025609100    0.0012319200
  -0.0047765400   -0.0027376500    0.0007084700
  -0.0042079100   -0.0025145800    0.0008797300
  -0.0047591400   -0.0027677800    0.0007084700
  -0.0042816500   -0.0023868700    0.0008797300
   0.0026241300    0.0015150400    0.0347156100
  -0.0034858300   -0.0020125400    0.0000578700
  -0.0066354300   -0.0038309700   -0.0034404200
   0.0004798200    0.0002770300    0.0005177000
  -0.0013148200   -0.0000780300   -0.0003492100
   0.0025642200   -0.0003696700    0.0006626400
  -0.0007249800   -0.0010996600   -0.0003492100
   0.0009619700    0.0024055100    0.0006626400
  -0.0003079000   -0.0001777700   -0.0005500800
   0.0009992200    0.0005769000    0.0002070200
   0.0548989000    0.0316958900    0.0226449800
  -0.0002573000   -0.0001485500    0.0027253600
   0.0001604600    0.0001834900    0.0030617300
  -0.0016299500    0.0012537200    0.0044159100
   0.0002391300    0.0000472200    0.0030617300
   0.0002707800   -0.0020384400    0.0044159100
   0.0002751400    0.0001588500    0.0029575300
  -0.0002456500   -0.0001418200    0.0027945600
   0.0007754200    0.0004476900   -0.0020639000
  -0.0008626000   -0.0004980200   -0.0032434600
  -0.0022827100    0.0045194400    0.0012506400
  -0.0004704200   -0.0000248400   -0.0031771700
   0.0027726000   -0.0042366000    0.0012506400
  -0.0002567300   -0.0003949800   -0.0031771700
   0.0002496500    0.0001441400   -0.0030518500
  -0.0006765400   -0.0003906000   -0.0027205000

17   
 -0.0052366622961171  -0.0030233883863176  -0.0079647027980902
   0.0074368800    0.0042936800   -0.0073844900
  -0.0030171300   -0.0017419400   -0.0038770900
   0.0053080300    0.0027021800   -0.0006201100
   0.0044737900    0.0025550700   -0.0012317900
   0.0049941700    0.0032458000   -0.0006201100
   0.0044496500    0.0025968800   -0.0012317900
   0.0045098600    0.0026037700   -0.0009431000
   0.0043755200    0.0025262100   -0.0010535300
  -0.0041749100    0.0024360700   -0.0011409800
  -0.0137923000   -0.0229891800   -0.0268794300
  -0.0041274000    0.0024202900   -0.0009330100
  -0.0045292500    0.0035519000   -0.0012288900
  -0.0043848900    0.0038220500   -0.0012361400
  -0.0046618500    0.0023859900   -0.0008066500
  -0.0042680500    0.0026549000   -0.0011654200
  -0.0044994800    0.0025788900   -0.0009581200
   0.1410986000    0.0814633200    0.1213976100
  -0.0059425100   -0.0034309100    0.0007832900
  -0.0055649400   -0.0034396100    0.0008957000
  -0.0063170100   -0.0038036600   -0.0000824700
  -0.0057612500   -0.0030995700    0.0008957000
  -0.0064525700   -0.0035688600   -0.0000824700
  -0.0051616700   -0.0029800900    0.0007210600
  -0.0059162400   -0.0034157400    0.0008457800
  -0.0086266600   -0.0026014900    0.0004060700
   0.0052683400   -0.0034104000    0.0008196500
   0.0056859800   -0.0028658100    0.0008921000
  -0.0008643600   -0.0015637400    0.0079227000
   0.0059313800   -0.0033747400    0.0009358000
   0.0058499900   -0.0032169600    0.0008674000
   0.0055392500   -0.0035276800    0.0007820700
   0.0055340600   -0.0031989500    0.0005385300
   0.0000283500   -0.0059615900   -0.0005407800
  -0.0008193100   -0.0066505700   -0.0012809500
  -0.0121436200   -0.0112086500   -0.0012577900
   0.0002848100   -0.0067418100   -0.0007170100
  -0.0001946800   -0.0072253400   -0.0017199400
   0.0000167200   -0.0069365300   -0.0007779300
   0.0001832300   -0.0066704200   -0.0006640100
  -0.0001075900   -0.0065100200   -0.0007881500
   0.0000222400   -0.0048336100   -0.0011409800
  -0.0268053600   -0.0004498900   -0.0268794300
   0.0011175400   -0.0057084500   -0.0012361400
  -0.0002646000   -0.0052302700   -0.0008066500
   0.0000323300   -0.0047845800   -0.0009330100
   0.0008114200   -0.0056983900   -0.0012288900
   0.0001651900   -0.0050236900   -0.0011654200
  -0.0000163600   -0.0051861100   -0.0009581200
  -0.0000070400    0.0051025400    0.0010988400
   0.0001245300    0.0048988900    0.0013136300
  -0.0017611200    0.0061260300   -0.0018568400
  -0.0003751800    0.0056665000    0.0011780100
  -0.0002949200    0.0052579000    0.0013409300
   0.0002687100    0.0049118900    0.0011912900
   0.0001974400    0.0088623400    0.0013718000
  -0.0000140500    0.0050785800    0.0008637200
  -0.0065662900   -0.0061701600    0.0004060700
  -0.0003193300    0.0062677200    0.0008196500
   0.0000430800    0.0068240900    0.0009358000
   0.0001390300    0.0066747200    0.0008674000
   0.0003611300    0.0063571000    0.0008921000
  -0.0017864200    0.0000333100    0.0079227000
  -0.0002854400    0.0065609700    0.0007820700
  -0.0000033400    0.0063921100    0.0005385300
  -0.0051487200    0.0030053500   -0.0005407800
  -0.0061692100    0.0026157400   -0.0012809500
  -0.0063546700    0.0034440800   -0.0017199400
  -0.0059988500    0.0034827400   -0.0007779300
  -0.0157787900   -0.0049123500   -0.0012577900
  -0.0056961700    0.0036175600   -0.0007170100
  -0.0056851400    0.0034938900   -0.0006640100
  -0.0056916400    0.0031618400   -0.0007881500
   0.0056387500    0.0032555300   -0.0004859500
   0.0051730600    0.0029866700   -0.0009077800
   0.0077160300    0.0039359400    0.0001829800
   0.0055718900    0.0031862200   -0.0011539500
   0.0072666400    0.0047143100    0.0001829800
   0.0055452900    0.0032322900   -0.0011539500
   0.0049412100    0.0028528100   -0.0016698400
   0.0045267000    0.0026134900   -0.0061664900
   0.0044154100   -0.0025573700    0.0010988400
   0.0043048300   -0.0023416000    0.0013136300
   0.0044060100   -0.0028843500    0.0013409300
   0.0043881800   -0.0022232400    0.0011912900
   0.0044247400   -0.0045881900   -0.0018568400
   0.0047197400   -0.0031581700    0.0011780100
   0.0077737300   -0.0042601800    0.0013718000
   0.0043911500   -0.0025514600    0.0008637200
  -0.0041761300   -0.0024110900    0.0010782700
  -0.0044427900   -0.0025650500    0.0008715400
  -0.0041061300   -0.0023886400    0.0013944500
  -0.0046738600   -0.0026072800    0.0012257200
  -0.0041216900   -0.0023616900    0.0013944500
  -0.0045949100   -0.0027440400    0.0012257200
  -0.0111883300   -0.0064595900   -0.0335425100
  -0.0053740400   -0.0031027000    0.0020376300
   0.0066899900    0.0038624700    0.0032484800
  -0.0004836000   -0.0002792000   -0.0005166400
   0.0013246800    0.0000680400    0.0003449500
  -0.0025899900    0.0003786200   -0.0006698800
   0.0007212600    0.0011131900    0.0003449500
  -0.0009671100   -0.0024323100   -0.0006698800
   0.0003073800    0.0001774700    0.0005501000
  -0.0009842400   -0.0005682500   -0.0002166100
  -0.0563961000   -0.0325603000   -0.0162061300
   0.0002610100    0.0001506900    0.0030566200
  -0.0001585100   -0.0001828500    0.0027148400
   0.0016486900   -0.0012479300    0.0013453300
  -0.0002376100   -0.0000458500    0.0027148400
  -0.0002564000    0.0020517800    0.0013453300
  -0.0002754400   -0.0001590200    0.0028181000
   0.0002444400    0.0001411300    0.0029827200
  -0.0007770800   -0.0004486500   -0.0037042200
   0.0008665200    0.0005002800   -0.0025342600
   0.0022830200   -0.0045240800   -0.0070175700
   0.0004676800    0.0000229500   -0.0025955200
  -0.0027764600    0.0042392000   -0.0070175700
   0.0002537100    0.0003935400   -0.0025955200
  -0.0002511700   -0.0001450200   -0.0027218200
   0.0006589200    0.0003804300   -0.0030671500

97   
  0.0052366622961171   0.0030233883863176   0.0079647027980902
   0.0043925900    0.0025360600   -0.0009705700
   0.0047664700    0.0027519200   -0.0002459400
   0.0020807700    0.0011617000   -0.0031527300
   0.0045493800    0.0024942200   -0.0011946000
   0.0020464500    0.0012211500   -0.0031527300
   0.0044347400    0.0026927700   -0.0011946000
   0.0054537700    0.0031487400   -0.0008958600
   0.0045878000    0.0026487700   -0.0009609300
  -0.0048476900    0.0028274700   -0.0009094000
  -0.0029984400    0.0020556100   -0.0027933800
  -0.0051868100    0.0027062000   -0.0016929500
  -0.0043080100    0.0021426200   -0.0014179500
  -0.0042727200    0.0006352300   -0.0016342100
  -0.0043701500    0.0028086700   -0.0000549200
  -0.0048110300    0.0023444300   -0.0007898100
  -0.0044028300    0.0025340700   -0.0015216500
  -0.0162758100   -0.0093968400    0.0008978200
  -0.0044329100   -0.0025593400    0.0006655700
  -0.0074918400   -0.0038155200    0.0009551200
  -0.0043955600   -0.0023065200    0.0018114300
  -0.0070502600   -0.0045803700    0.0009551200
  -0.0041952800   -0.0026534000    0.0018114300
  -0.0067033300   -0.0038701700    0.0008958700
  -0.0046679000   -0.0026950100    0.0010147400
   0.0172281800   -0.0108745200    0.0108750400
   0.0070112200   -0.0031712700    0.0021592100
   0.0051079800   -0.0029668500    0.0006283500
   0.0067984600   -0.0040939500    0.0007023400
   0.0057556600   -0.0031524400    0.0005295400
   0.0061933100   -0.0035832200    0.0008546900
   0.0055196300   -0.0030048700    0.0015595600
   0.0054711700   -0.0031577100    0.0004107600
  -0.0008361200    0.0072627400    0.0092436500
   0.0007353400   -0.0054957100    0.0004669100
   0.0001212900   -0.0065818600   -0.0011292300
  -0.0000074200   -0.0060004800   -0.0008086000
  -0.0000174100   -0.0072490500   -0.0010352600
  -0.0001477200   -0.0052112100   -0.0009745200
   0.0001599100   -0.0068659900   -0.0001014100
  -0.0000030500   -0.0068391500   -0.0012538600
   0.0000248200   -0.0056119600   -0.0009094000
   0.0002810000   -0.0036245300   -0.0027933800
  -0.0015862400   -0.0040179000   -0.0016342100
   0.0002473000   -0.0051890000   -0.0000549200
  -0.0002497700   -0.0058450100   -0.0016929500
  -0.0002984400   -0.0048021500   -0.0014179500
  -0.0003751800   -0.0053386900   -0.0007898100
  -0.0000068400   -0.0050800000   -0.0015216500
   0.0000256100    0.0046408100    0.0011914400
   0.0002797100    0.0065940700   -0.0006781400
  -0.0016376000    0.0062749900    0.0004417600
   0.0002323400    0.0050764700    0.0020396500
  -0.0002621700    0.0044008900    0.0004074200
  -0.0002985200    0.0054499700    0.0006831100
  -0.0003687700    0.0049145600    0.0013034300
  -0.0000080300    0.0051752500    0.0005821600
  -0.0008035200    0.0203573000    0.0108750400
   0.0007592100    0.0076575300    0.0021592100
   0.0001477400    0.0065607700    0.0005295400
  -0.0000065000    0.0071551700    0.0008546900
  -0.0000153800    0.0059070700    0.0006283500
  -0.0001462300    0.0079346200    0.0007023400
   0.0001575200    0.0062825700    0.0015595600
   0.0000009200    0.0063170200    0.0004107600
   0.0058716600   -0.0043554800    0.0092436500
  -0.0043917600    0.0033846700    0.0004669100
  -0.0062865700    0.0036094500   -0.0010352600
  -0.0045869000    0.0024776700   -0.0009745200
  -0.0056394100    0.0033959700   -0.0011292300
  -0.0052002800    0.0029938100   -0.0008086000
  -0.0058661700    0.0035714800   -0.0001014100
  -0.0059244000    0.0034169300   -0.0012538600
  -0.0047814200   -0.0027605600   -0.0008091300
   0.0069531200    0.0040143900   -0.0009965600
   0.0039201500    0.0027605600   -0.0006922000
   0.0070023200    0.0042830000    0.0001618000
   0.0043507900    0.0020146700   -0.0006922000
   0.0072103500    0.0039226900    0.0001618000
   0.0046866300    0.0027058300   -0.0007671200
   0.0067225500    0.0038812700   -0.0006545700
   0.0040318600   -0.0022982300    0.0011914400
   0.0058504800   -0.0030548000   -0.0006781400
   0.0036802000   -0.0024274900    0.0004074200
   0.0045705500   -0.0029835100    0.0006831100
   0.0046155000   -0.0045557000    0.0004417600
   0.0045125300   -0.0023370200    0.0020396500
   0.0040717500   -0.0027766400    0.0013034300
   0.0044778900   -0.0025945800    0.0005821600
  -0.0044910600   -0.0025929100    0.0011272400
  -0.0041246200   -0.0023813500    0.0018617200
  -0.0068214300   -0.0040028500   -0.0010707100
  -0.0043323500   -0.0026346300    0.0009086400
  -0.0068772800   -0.0039061000   -0.0010707100
  -0.0044478300   -0.0024346100    0.0009086400
  -0.0034115000   -0.0019696300    0.0012070000
  -0.0042926300   -0.0024783500    0.0011356700
   0.0106706200    0.0061606900   -0.3524903100
   0.0012581600    0.0007264000    0.0020599200
  -0.0012989600   -0.0005355800    0.0008586400
   0.0021661500    0.0007799300   -0.0007674000
  -0.0011133100   -0.0008571400    0.0008586400
   0.0017585200    0.0014859800   -0.0007674000
  -0.0013389000   -0.0007730100   -0.0019453000
   0.0014103100    0.0008142500    0.0020176200
  -0.0025892600   -0.0014949100    0.1603533400
  -0.0014158200   -0.0008174200    0.0020101600
   0.0012647500    0.0005237400    0.0027242900
  -0.0017941400   -0.0004078400    0.0029195800
   0.0010859500    0.0008334400    0.0027242900
  -0.0012502700   -0.0013498500    0.0029195800
   0.0008647900    0.0004992900    0.0028920000
  -0.0013477100   -0.0007781000    0.0021903400
  -0.0038673300   -0.0022328000    0.1610157000
  -0.0014083900   -0.0008131300   -0.0037637900
   0.0012623700    0.0005137900   -0.0030624700
  -0.0018088000   -0.0004061900   -0.0028645600
   0.0010761400    0.0008363500   -0.0030624700
  -0.0012561700   -0.0013633700   -0.0028645600
   0.0008654600    0.0004996700   -0.0028911400
  -0.0013317000   -0.0007688600   -0.0035906700

105  
  0.0052366622961171   0.0030233883863176   0.0079647027980902
   0.0049123900    0.0028361700   -0.0012764600
   0.0061251500    0.0035363600   -0.0014324100
  -0.0000012900    0.0055058000   -0.0035862300
   0.0045928700    0.0020705800   -0.0013973200
   0.0047675200   -0.0027540200   -0.0035862300
   0.0040896100    0.0029422500   -0.0013973200
   0.0044026500    0.0025418700   -0.0010526400
   0.0043849700    0.0025316600   -0.0010807000
  -0.0042999200    0.0026394500   -0.0022854900
   0.0060322900    0.0066767200   -0.0041591000
  -0.0039300500    0.0039174800   -0.0011783100
  -0.0045728800    0.0028808100   -0.0007330600
  -0.0034337500    0.0053673900   -0.0007638000
  -0.0044281800    0.0025448700   -0.0011042500
  -0.0044155500    0.0027485100   -0.0013241700
  -0.0044517600    0.0026060500   -0.0009886800
   0.0617998800    0.0356801800    0.0101578900
  -0.0060670300   -0.0035028000    0.0007635500
  -0.0052884600   -0.0031234000    0.0008518500
  -0.0060955700   -0.0032153400    0.0019912200
  -0.0053491800   -0.0030182500    0.0008518500
  -0.0058323500   -0.0036712500    0.0019912200
  -0.0053558400   -0.0030921900    0.0008484600
  -0.0061206100   -0.0035337300    0.0008953200
   0.0600038300   -0.0078927500    0.0340854500
   0.0053720300   -0.0031859700    0.0007195600
   0.0058114200   -0.0032513500    0.0008419200
   0.0048437600   -0.0018366800    0.0028114900
   0.0058042800   -0.0032620700    0.0009282900
   0.0058346700   -0.0033767700    0.0009062300
   0.0052019000   -0.0047274700    0.0016457300
   0.0057493500   -0.0032568800    0.0008694800
  -0.0000259700   -0.0080684700   -0.0014849700
   0.0069210300   -0.0141036700    0.0007796800
   0.0012445200   -0.0052698100    0.0008700000
  -0.0000735700   -0.0064938400   -0.0010407900
  -0.0001460000   -0.0067005200   -0.0009031500
  -0.0000298000   -0.0067978700   -0.0009906700
  -0.0000521900   -0.0064024400   -0.0009758900
   0.0004651200   -0.0065570600   -0.0003488100
   0.0001358700   -0.0050435600   -0.0022854900
   0.0087983500    0.0018857600   -0.0041591000
   0.0029314200   -0.0056574100   -0.0007638000
  -0.0000101700   -0.0051073500   -0.0011042500
   0.0014276200   -0.0053622600   -0.0011783100
   0.0002084100   -0.0054006400   -0.0007330600
   0.0001725100   -0.0051982400   -0.0013241700
   0.0000310300   -0.0051583600   -0.0009886800
  -0.0000452500    0.0051992200    0.0009978700
  -0.0002073100    0.0048070200    0.0015471600
  -0.0005792200    0.0058389400   -0.0001254100
  -0.0000961300    0.0183492100    0.0028138900
  -0.0000352900    0.0051623300    0.0013380900
   0.0015082300    0.0061786800    0.0028044800
  -0.0006600500    0.0057147600    0.0014080500
  -0.0001836000    0.0048510300    0.0012602600
   0.0231666000    0.0559112100    0.0340854500
  -0.0000731200    0.0062453000    0.0007195600
   0.0000771100    0.0066576900    0.0009282900
  -0.0000070300    0.0067413600    0.0009062300
   0.0000899600    0.0066585100    0.0008419200
   0.0008312700    0.0051131600    0.0028114900
  -0.0014931600    0.0068687200    0.0016457300
   0.0000541300    0.0066075200    0.0008694800
  -0.0070004900    0.0040117500   -0.0014849700
  -0.0087536200    0.0130456200    0.0007796800
  -0.0058758200    0.0032238200   -0.0009031500
  -0.0059020300    0.0033731200   -0.0009906700
  -0.0039415300    0.0037126900    0.0008700000
  -0.0056606200    0.0031832000   -0.0010407900
  -0.0055707700    0.0031560200   -0.0009758900
  -0.0054460200    0.0036813400   -0.0003488100
   0.0074174700    0.0042824800   -0.0008311200
   0.0046934100    0.0027097400   -0.0010657100
   0.0071828000    0.0038833200    0.0023295400
   0.0053133100    0.0032130600   -0.0011667700
   0.0069544500    0.0042788200    0.0023295400
   0.0054392500    0.0029949300   -0.0011667700
   0.0058475700    0.0033760900   -0.0009116900
   0.0050999600    0.0029444600   -0.0007276200
   0.0044800400   -0.0026388000    0.0009978700
   0.0040593500   -0.0025830400    0.0015471600
   0.0044530600   -0.0026117300    0.0013380900
   0.0061050100   -0.0017831800    0.0028044800
   0.0047670600   -0.0034210900   -0.0001254100
   0.0158428200   -0.0092578600    0.0028138900
   0.0046191100   -0.0034290000    0.0014080500
   0.0041093100   -0.0025845200    0.0012602600
  -0.0043769700   -0.0025270400    0.0010715500
  -0.0044804100   -0.0025867700    0.0009839700
  -0.0043710500   -0.0023277000    0.0008017300
  -0.0050451200   -0.0013352800    0.0021616600
  -0.0042013700   -0.0026215900    0.0008017300
  -0.0036789500   -0.0037015600    0.0021616600
  -0.0086687200   -0.0050048900    0.0018601400
  -0.0042301400   -0.0024422800    0.0002465000
  -0.0037973000   -0.0021923700    0.1637810100
  -0.0009983500   -0.0005764000   -0.0012423800
   0.0008519700    0.0007591500    0.0000098700
  -0.0018057200    0.0002212900   -0.0002112900
   0.0010834300    0.0003582600    0.0000098700
  -0.0007112100   -0.0016744500   -0.0002112900
   0.0003225000    0.0001861900    0.0004825000
  -0.0013402100   -0.0007737700   -0.0007028500
  -0.1799173200   -0.1038753100   -0.2469813000
   0.0003031700    0.0001750400    0.0032848900
  -0.0003657000   -0.0002658900    0.0030134300
   0.0029565400   -0.0002719400    0.0024241700
  -0.0004131200   -0.0001837600    0.0030134300
   0.0012427600    0.0026964100    0.0024241700
  -0.0006627700   -0.0003826500    0.0023392100
   0.0003748900    0.0002164400    0.0032455800
  -0.0010982500   -0.0006340800   -0.0002033600
  -0.0005259100   -0.0003036300   -0.0034166400
  -0.0007310600   -0.0004690600   -0.0034918900
   0.0005023700   -0.0000180800   -0.0026939300
  -0.0007717500   -0.0003985900   -0.0034918900
   0.0002355300    0.0004441100   -0.0026939300
  -0.0001713500   -0.0000989300   -0.0027542200
   0.0018250800    0.0010537100   -0.0047956800

105  
 -0.0052366622961171  -0.0030233883863176  -0.0079647027980902
   0.0039799800    0.0022978400   -0.0008385500
   0.0027781600    0.0016039700   -0.0006705000
   0.0088943200   -0.0003675800    0.0015483000
   0.0042884600    0.0030539200   -0.0007051400
   0.0041288300    0.0078865000    0.0015483000
   0.0047890000    0.0021869600   -0.0007051400
   0.0044739100    0.0025830200   -0.0010491000
   0.0044940300    0.0025946300   -0.0010216900
  -0.0045810000    0.0024822500    0.0001791600
  -0.0148032200   -0.0014212000    0.0020503000
  -0.0049636400    0.0012088900   -0.0009247600
  -0.0043100600    0.0022466200   -0.0013672700
  -0.0054336100   -0.0002690500   -0.0013241400
  -0.0044521500    0.0025823100   -0.0009997300
  -0.0044598800    0.0023815300   -0.0007763100
  -0.0044282100    0.0025206700   -0.0011117700
  -0.0717210500   -0.0414081700   -0.0092104000
  -0.0053249000   -0.0030743300    0.0008990100
  -0.0060931900   -0.0034488600    0.0008089700
  -0.0053004200   -0.0033758800   -0.0003348900
  -0.0060333900   -0.0035524300    0.0008089700
  -0.0055738100   -0.0029023600   -0.0003348900
  -0.0060236300   -0.0034777500    0.0008132800
  -0.0052707800   -0.0030430800    0.0007687500
  -0.0497393200    0.0020390800   -0.0319152000
   0.0060100700   -0.0033886000    0.0009399600
   0.0055779100   -0.0033226000    0.0008199400
   0.0065592300   -0.0047277800   -0.0011380400
   0.0055824300   -0.0033114100    0.0007326100
   0.0055536500   -0.0031971400    0.0007561600
   0.0061789000   -0.0018405600    0.0000218900
   0.0056406400   -0.0033181000    0.0007952800
   0.0000269600   -0.0050980500   -0.0001887300
  -0.0070996100    0.0009864000   -0.0024683800
  -0.0012312000   -0.0078906800   -0.0025224300
   0.0000750200   -0.0066592100   -0.0006173500
   0.0001465300   -0.0064437900   -0.0007579800
   0.0000311800   -0.0063544900   -0.0006714400
   0.0000529100   -0.0067415600   -0.0006886000
  -0.0004632100   -0.0065907200   -0.0013076600
  -0.0001408100   -0.0052083900    0.0001791600
  -0.0086324100   -0.0121093600    0.0020503000
  -0.0029498100   -0.0045711100   -0.0013241400
   0.0000102600   -0.0051468300   -0.0009997300
  -0.0014348900   -0.0049030800   -0.0009247600
  -0.0002094000   -0.0048559300   -0.0013672700
  -0.0001674700   -0.0050531400   -0.0007763100
  -0.0000311400   -0.0050952700   -0.0011117700
   0.0000457300    0.0050552900    0.0011033300
   0.0002104800    0.0054394800    0.0005566100
   0.0005887700    0.0044167000    0.0022246500
   0.0001255700   -0.0082148600   -0.0008030800
   0.0000348000    0.0050925500    0.0007685200
  -0.0015178800    0.0040664800   -0.0007140200
   0.0006463200    0.0045490000    0.0007110700
   0.0001848600    0.0054020600    0.0008420400
  -0.0231037700   -0.0440950600   -0.0319152000
   0.0000704200    0.0068991700    0.0009399600
  -0.0000765400    0.0064902300    0.0007326100
   0.0000080200    0.0064081700    0.0007561600
  -0.0000885000    0.0064919100    0.0008199400
  -0.0008147600    0.0080443400   -0.0011380400
   0.0014954700    0.0062713600    0.0000218900
  -0.0000532400    0.0065439900    0.0007952800
  -0.0044015700    0.0025723700   -0.0001887300
  -0.0026955600   -0.0066416400   -0.0024683800
  -0.0055072200    0.0033487900   -0.0007579800
  -0.0054875600    0.0032042500   -0.0006714400
  -0.0074491200    0.0028790900   -0.0025224300
  -0.0057295300    0.0033945700   -0.0006173500
  -0.0058119100    0.0034166000   -0.0006886000
  -0.0059393300    0.0028942100   -0.0013076600
   0.0039910700    0.0023042400   -0.0008276200
   0.0066890500    0.0038619200   -0.0005924200
   0.0042261800    0.0027374400   -0.0039907200
   0.0060673500    0.0033581500   -0.0005016100
   0.0044837800    0.0022912600   -0.0039907200
   0.0059419200    0.0035754000   -0.0005016100
   0.0055397400    0.0031983700   -0.0007515700
   0.0062816400    0.0036267000   -0.0009410700
   0.0044008800   -0.0024880400    0.0011033300
   0.0048159700   -0.0025374500    0.0005566100
   0.0044276800   -0.0025161300    0.0007685200
   0.0027627300   -0.0033477700   -0.0007140200
   0.0041193600   -0.0016984600    0.0022246500
  -0.0070514900    0.0042161800   -0.0008030800
   0.0042627100   -0.0017147700    0.0007110700
   0.0047707500   -0.0025409300    0.0008420400
  -0.0045028000   -0.0025996900    0.0010296200
  -0.0043997500   -0.0025402000    0.0011170400
  -0.0044957600   -0.0028107500    0.0013080200
  -0.0038339900   -0.0038049000   -0.0000548500
  -0.0046820600   -0.0024880700    0.0013080200
  -0.0052121400   -0.0014178800   -0.0000548500
  -0.0003290500   -0.0001899800    0.0002602800
  -0.0046508400   -0.0026851700    0.0018604500
   0.0026610000    0.0015363300   -0.1575840600
   0.0009973200    0.0005758000    0.0012361100
  -0.0008466700   -0.0007567900   -0.0000133300
   0.0017972400   -0.0002202600    0.0002098900
  -0.0010787300   -0.0003548400   -0.0000133300
   0.0007078700    0.0016665800    0.0002098900
  -0.0003203800   -0.0001849700   -0.0004722600
   0.0013392300    0.0007732000    0.0006978000
   0.1806692500    0.1043094400    0.2462745900
  -0.0002980800   -0.0001720900    0.0025024300
   0.0003621200    0.0002647400    0.0027720300
  -0.0029496600    0.0002734100    0.0033536900
   0.0004103300    0.0001812300    0.0027720300
  -0.0012380500   -0.0026911800    0.0033536900
   0.0006644100    0.0003836000    0.0034356500
  -0.0003717700   -0.0002146400    0.0025408200
   0.0010667000    0.0006158600   -0.0055634800
   0.0005516600    0.0003185000   -0.0023499100
   0.0007334800    0.0004621800   -0.0022911900
  -0.0004957200    0.0000198000   -0.0030884000
   0.0007670000    0.0004041200   -0.0022911900
  -0.0002307200   -0.0004392100   -0.0030884000
   0.0001685700    0.0000973200   -0.0030278100
  -0.0018234000   -0.0010527400   -0.0009862300
