# Tetrahedron method
      -26.8693520962        0.0000000000        0.0000000000        0.0000000000        0.0000000000        0.0000000000        0.0000000000        0.0000000000        0.0000000000        0.0000000000        0.0000000000        0.0000000000        0.0000000000        0.0000000000        0.0000000000        0.0000000000
      -26.5040251738        0.0000000000        0.0000000000        0.0000000000        0.0000000000        0.0000000000        0.0000000000        0.0000000000        0.0000000000        0.0000000000        0.0000000000        0.0000000000        0.0000000000        0.0000000000        0.0000000000        0.0000000000
      -26.1386982514        0.0000000000        0.0000000000        0.0000000000        0.0000000000        0.0000000000        0.0000000000        0.0000000000        0.0000000000        0.0000000000        0.0000000000        0.0000000000        0.0000000000        0.0000000000        0.0000000000        0.0000000000
      -25.7733713290        0.0000000000        0.0000000000        0.0000000000        0.0000000000        0.0000000000        0.0000000000        0.0000000000        0.0000000000        0.0000000000        0.0000000000        0.0000000000        0.0000000000        0.0000000000        0.0000000000        0.0000000000
      -25.4080444066        0.0000000000        0.0000000000        0.0000000000        0.0000000000        0.0000000000        0.0000000000        0.0000000000        0.0000000000        0.0000000000        0.0000000000        0.0000000000        0.0000000000        0.0000000000        0.0000000000        0.0000000000
      -25.0427174841        0.0000000000        0.0000000000        0.0000000000        0.0000000000        0.0000000000        0.0000000000        0.0000000000        0.0000000000        0.0000000000        0.0000000000        0.0000000000        0.0000000000        0.0000000000        0.0000000000        0.0000000000
      -24.6773905617        0.0000000000        0.0000000000        0.0000000000        0.0000000000        0.0000000000        0.0000000000        0.0000000000        0.0000000000        0.0000000000        0.0000000000        0.0000000000        0.0000000000        0.0000000000        0.0000000000        0.0000000000
      -24.3120636393        0.0000000000        0.0000000000        0.0000000000        0.0000000000        0.0000000000        0.0000000000        0.0000000000        0.0000000000        0.0000000000        0.0000000000        0.0000000000        0.0000000000        0.0000000000        0.0000000000        0.0000000000
      -23.9467367169        0.0000000000        0.0000000000        0.0000000000        0.0000000000        0.0000000000        0.0000000000        0.0000000000        0.0000000000        0.0000000000        0.0000000000        0.0000000000        0.0000000000        0.0000000000        0.0000000000        0.0000000000
      -23.5814097945        0.0000000000        0.0000000000        0.0000000000        0.0000000000        0.0000000000        0.0000000000        0.0000000000        0.0000000000        0.0000000000        0.0000000000        0.0000000000        0.0000000000        0.0000000000        0.0000000000        0.0000000000
      -23.2160828720        0.0000000000        0.0000000000        0.0000000000        0.0000000000        0.0000000000        0.0000000000        0.0000000000        0.0000000000        0.0000000000        0.0000000000        0.0000000000        0.0000000000        0.0000000000        0.0000000000        0.0000000000
      -22.8507559496        0.0000000000        0.0000000000        0.0000000000        0.0000000000        0.0000000000        0.0000000000        0.0000000000        0.0000000000        0.0000000000        0.0000000000        0.0000000000        0.0000000000        0.0000000000        0.0000000000        0.0000000000
      -22.4854290272        0.0000000000        0.0000000000        0.0000000000        0.0000000000        0.0000000000        0.0000000000        0.0000000000        0.0000000000        0.0000000000        0.0000000000        0.0000000000        0.0000000000        0.0000000000        0.0000000000        0.0000000000
      -22.1201021048        0.0000000000        0.0000000000        0.0000000000        0.0000000000        0.0000000000        0.0000000000        0.0000000000        0.0000000000        0.0000000000        0.0000000000        0.0000000000        0.0000000000        0.0000000000        0.0000000000        0.0000000000
      -21.7547751824        0.0000000000        0.0000000000        0.0000000000        0.0000000000        0.0000000000        0.0000000000        0.0000000000        0.0000000000        0.0000000000        0.0000000000        0.0000000000        0.0000000000        0.0000000000        0.0000000000        0.0000000000
      -21.3894482599        0.0000000000        0.0000000000        0.0000000000        0.0000000000        0.0000000000        0.0000000000        0.0000000000        0.0000000000        0.0000000000        0.0000000000        0.0000000000        0.0000000000        0.0000000000        0.0000000000        0.0000000000
      -21.0241213375        0.0000000000        0.0000000000        0.0000000000        0.0000000000        0.0000000000        0.0000000000        0.0000000000        0.0000000000        0.0000000000        0.0000000000        0.0000000000        0.0000000000        0.0000000000        0.0000000000        0.0000000000
      -20.6587944151        0.0000000222        0.0000000061        0.0000000156        0.0000000092        0.0000000152        0.0000000262        0.0000000298        0.0000000388        0.0000000116        0.0000000231        0.0000000430        0.0000000057        0.0000000033        0.0000000121        0.0000000148
      -20.2934674927        0.0000003403        0.0000001439        0.0000002505        0.0000001560        0.0000002591        0.0000003985        0.0000004642        0.0000005948        0.0000001932        0.0000003878        0.0000006451        0.0000001031        0.0000000542        0.0000001982        0.0000002413
      -19.9281405703        0.0000009960        0.0000005837        0.0000007678        0.0000005023        0.0000008411        0.0000011551        0.0000013829        0.0000017403        0.0000006139        0.0000012414        0.0000018427        0.0000003504        0.0000001725        0.0000006225        0.0000007545
      -19.5628136478        0.0000019496        0.0000015279        0.0000016083        0.0000010983        0.0000018239        0.0000022410        0.0000027758        0.0000034329        0.0000013130        0.0000026643        0.0000035682        0.0000008299        0.0000003684        0.0000013425        0.0000015873
      -19.1974867254        0.0000032037        0.0000033313        0.0000029433        0.0000020750        0.0000033111        0.0000036742        0.0000047496        0.0000057785        0.0000023872        0.0000048119        0.0000060047        0.0000017598        0.0000006609        0.0000025451        0.0000028285
      -18.8321598030        0.0000063377        0.0000094957        0.0000076029        0.0000083719        0.0000080228        0.0000091573        0.0000114902        0.0000127860        0.0000101718        0.0000117308        0.0000167624        0.0000050761        0.0000018127        0.0000068602        0.0000079509
      -18.4668328806        0.0000118566        0.0000194799        0.0000138353        0.0000169242        0.0000153552        0.0000163736        0.0000203494        0.0000234325        0.0000180197        0.0000231943        0.0000282589        0.0000105143        0.0000033914        0.0000122479        0.0000147581
      -18.1015059582        0.0000204843        0.0000350740        0.0000222340        0.0000277587        0.0000258070        0.0000260452        0.0000337270        0.0000373095        0.0000276115        0.0000384138        0.0000436111        0.0000173434        0.0000053229        0.0000194348        0.0000233323
      -17.7361790357        0.0000433528        0.0000766339        0.0000448092        0.0000522307        0.0000537922        0.0000504011        0.0000690700        0.0000674878        0.0000508796        0.0000832413        0.0000882406        0.0000332806        0.0000104685        0.0000386938        0.0000465529
      -17.3708521133        0.0000772943        0.0001263575        0.0000763574        0.0000838607        0.0000879968        0.0000931857        0.0001204833        0.0001101652        0.0000839387        0.0001194474        0.0001428071        0.0000526580        0.0000158668        0.0000631917        0.0000759604
      -17.0055251909        0.0001311305        0.0001970794        0.0001265624        0.0001524604        0.0001507070        0.0001631319        0.0002149557        0.0001815775        0.0001427564        0.0001760556        0.0002182038        0.0000925113        0.0000254378        0.0001000764        0.0001239740
      -16.6401982685        0.0001977023        0.0002859678        0.0001957535        0.0002256207        0.0002180896        0.0002614710        0.0003212769        0.0002647908        0.0002261731        0.0002410513        0.0003250642        0.0001417603        0.0000439101        0.0001534845        0.0001884491
      -16.2748713461        0.0003241053        0.0004612591        0.0003248014        0.0003662586        0.0003646510        0.0004514066        0.0005352388        0.0004294468        0.0003779583        0.0003607572        0.0005201259        0.0002365017        0.0000764052        0.0002524641        0.0003090540
      -15.9095444236        0.0005109151        0.0007206158        0.0005301108        0.0005951405        0.0006010781        0.0007359912        0.0008513910        0.0006805247        0.0006065120        0.0005547226        0.0008158632        0.0003768644        0.0001308216        0.0004035545        0.0004949970
      -15.5442175012        0.0007211760        0.0010296413        0.0007569161        0.0008587000        0.0008637039        0.0010765760        0.0012013357        0.0009830461        0.0008908534        0.0007864922        0.0011508424        0.0005323356        0.0002059344        0.0005814845        0.0007256176
      -15.1788905788        0.0009653631        0.0014187052        0.0010187752        0.0011633113        0.0011632667        0.0015068210        0.0016319073        0.0013203186        0.0012264985        0.0010567698        0.0015481400        0.0007180394        0.0003127441        0.0007984076        0.0010151215
      -14.8135636564        0.0012564062        0.0019014605        0.0013547964        0.0015400710        0.0015185314        0.0020372068        0.0021524027        0.0017192077        0.0016238255        0.0013992046        0.0020345693        0.0009534459        0.0004671662        0.0010644902        0.0013873683
      -14.4482367340        0.0015977560        0.0024283516        0.0017403091        0.0019653298        0.0019026341        0.0025929228        0.0027380804        0.0021884886        0.0020486567        0.0018085577        0.0025544692        0.0012201944        0.0006629765        0.0013681131        0.0017679086
      -14.0829098115        0.0019663039        0.0029476446        0.0021812479        0.0024364116        0.0023217830        0.0031550588        0.0033710167        0.0026776274        0.0025189167        0.0022589240        0.0030823743        0.0015178081        0.0009352417        0.0017001948        0.0021732569
      -13.7175828891        0.0023840645        0.0035295360        0.0026645857        0.0029675320        0.0027884796        0.0037894449        0.0040984918        0.0032141914        0.0030337165        0.0027575506        0.0037036079        0.0018729212        0.0013293641        0.0020749032        0.0026390772
      -13.3522559667        0.0028214802        0.0041466816        0.0031241376        0.0034813326        0.0032850375        0.0044855501        0.0048262314        0.0037419328        0.0035920296        0.0032789868        0.0043252601        0.0022224572        0.0018764609        0.0024518651        0.0031019224
      -12.9869290443        0.0031939480        0.0046425274        0.0035060074        0.0038853386        0.0036676532        0.0050022826        0.0053518148        0.0041565090        0.0040229558        0.0036864924        0.0047847714        0.0024992039        0.0026256554        0.0027606184        0.0034608218
      -12.6216021219        0.0035482184        0.0051822964        0.0039208071        0.0043163418        0.0040324694        0.0055416321        0.0059092072        0.0046205091        0.0044916797        0.0041156720        0.0053218685        0.0027940767        0.0036832378        0.0030931648        0.0038211648
      -12.2562751994        0.0037517899        0.0055579597        0.0042436642        0.0046556322        0.0042695745        0.0058677605        0.0062252390        0.0049715309        0.0048026831        0.0044399163        0.0056607919        0.0029734247        0.0051433728        0.0033435427        0.0040123673
      -11.8909482770        0.0039571071        0.0058875340        0.0045277329        0.0049443748        0.0045130284        0.0061919443        0.0065388744        0.0052741045        0.0050270896        0.0047254029        0.0059308839        0.0031471524        0.0071885646        0.0035834091        0.0042092376
      -11.5256213546        0.0040765021        0.0060795105        0.0047211876        0.0051220670        0.0046826210        0.0063441357        0.0067390911        0.0055053528        0.0052048299        0.0048606669        0.0060518008        0.0032729446        0.0100039077        0.0037438092        0.0042745935
      -11.1602944322        0.0041938574        0.0062505992        0.0048801391        0.0052352420        0.0048434411        0.0064209861        0.0068443509        0.0055991192        0.0053684510        0.0049824426        0.0061630896        0.0033548727        0.0139218474        0.0039106675        0.0042816968
      -10.7949675098        0.0043051937        0.0064166838        0.0050239410        0.0053831089        0.0050053103        0.0065833755        0.0069733467        0.0056973648        0.0055797758        0.0051365722        0.0063240804        0.0034427642        0.0193328716        0.0040637335        0.0043123205
      -10.4296405873        0.0044590717        0.0065920150        0.0051707328        0.0055886138        0.0052152071        0.0067844693        0.0071641764        0.0058489955        0.0058013429        0.0053317536        0.0064930575        0.0035590575        0.0269499595        0.0042559903        0.0043895741
      -10.0643136649        0.0044553485        0.0065238386        0.0051416683        0.0055913444        0.0052682883        0.0067436644        0.0071452372        0.0058710274        0.0058045897        0.0053688716        0.0064883364        0.0035838180        0.0377986561        0.0043207120        0.0043499638
       -9.6989867425        0.0044897118        0.0064777790        0.0051428233        0.0056307996        0.0054207362        0.0067312509        0.0072249951        0.0059905428        0.0058503485        0.0054648047        0.0065860077        0.0036657993        0.0540878483        0.0043944228        0.0043793408
       -9.3336598201        0.0045936521        0.0065602477        0.0052533519        0.0058113958        0.0057619930        0.0069470026        0.0075179514        0.0062224919        0.0060356381        0.0056917374        0.0069288597        0.0038988891        0.0829552575        0.0045837049        0.0045640202
       -8.9683328977        0.0051705548        0.0070204806        0.0061394653        0.0064787629        0.0063407997        0.0076688048        0.0080821116        0.0069993309        0.0068488745        0.0064298127        0.0078134743        0.0046364499        0.3376368495        0.0049149591        0.0049042237
       -8.6030059752        0.0058888401        0.0074543655        0.0073160022        0.0080582673        0.0076639163        0.0083047681        0.0084521579        0.0080540019        0.0080762191        0.0077157405        0.0081695517        0.0055649251        1.0293142155        0.0055268995        0.0056864284
       -8.2376790528        0.0047087768        0.0065106688        0.0071750820        0.0077795184        0.0073788670        0.0069801390        0.0071777869        0.0077912755        0.0078183134        0.0078295789        0.0067842837        0.0042315967        1.0932345879        0.0049895179        0.0047382712
       -7.8723521304        0.0043043145        0.0057585419        0.0061421587        0.0064561060        0.0063115520        0.0064513312        0.0065455987        0.0065886119        0.0067673301        0.0065452169        0.0064805378        0.0039550963        0.6268020061        0.0042368151        0.0041568376
       -7.5070252080        0.0040770021        0.0055961292        0.0059712256        0.0060951628        0.0061132304        0.0062080251        0.0066028190        0.0064724077        0.0065297609        0.0062813610        0.0061242511        0.0037831543        0.4576276041        0.0042400697        0.0041551061
       -7.1416982856        0.0034573609        0.0048493010        0.0050207177        0.0052036819        0.0050853418        0.0052339478        0.0054849977        0.0055788592        0.0054559624        0.0052459493        0.0052994035        0.0033292613        0.3832313575        0.0035152778        0.0035311039
       -6.7763713631        0.0031485712        0.0042271592        0.0043276647        0.0046502343        0.0045242478        0.0045214038        0.0048491413        0.0047879030        0.0047120508        0.0043897265        0.0044955373        0.0029133302        0.3143539337        0.0031207558        0.0031058134
       -6.4110444407        0.0026544673        0.0037045132        0.0032975079        0.0035633544        0.0035341090        0.0038852810        0.0041988032        0.0037085612        0.0036344574        0.0034193972        0.0038056706        0.0023647149        0.1600636631        0.0026059023        0.0025022838
       -6.0457175183        0.0026537703        0.0035242003        0.0031251124        0.0033608455        0.0033260348        0.0037941350        0.0041266363        0.0034816875        0.0035189748        0.0032915673        0.0036970493        0.0022505181        0.1057566022        0.0025625383        0.0024625132
       -5.6803905959        0.0023953128        0.0031473006        0.0026468474        0.0028583962        0.0028868605        0.0034105800        0.0037079402        0.0029726412        0.0029498362        0.0027984401        0.0033595468        0.0019808129        0.0460068030        0.0023272367        0.0021935805
       -5.3150636735        0.0022158773        0.0029147621        0.0024340376        0.0026214474        0.0026232053        0.0031535720        0.0034034076        0.0027190954        0.0026727672        0.0025660724        0.0031263355        0.0018553022        0.0266091989        0.0021746819        0.0020784155
       -4.9497367510        0.0020899199        0.0027625872        0.0023167734        0.0025202613        0.0025001641        0.0030059799        0.0032344562        0.0025977042        0.0025646119        0.0024485360        0.0029923652        0.0017856024        0.0222540456        0.0021037339        0.0020249075
       -4.5844098286        0.0020046007        0.0026415020        0.0022413618        0.0024492105        0.0024226114        0.0028983355        0.0031150784        0.0025102497        0.0025002255        0.0023698778        0.0028934743        0.0017453782        0.0192752412        0.0020675412        0.0019960971
       -4.2190829062        0.0019653549        0.0025758504        0.0022184808        0.0024241664        0.0024025460        0.0028545089        0.0030658894        0.0024783843        0.0024825573        0.0023405679        0.0028609273        0.0017375650        0.0171068707        0.0020705710        0.0020121794
       -3.8537559838        0.0019492722        0.0025508880        0.0022128237        0.0024232987        0.0024052458        0.0028451851        0.0030506218        0.0024772651        0.0024824169        0.0023341022        0.0028596379        0.0017468981        0.0154071498        0.0020912423        0.0020411310
       -3.4884290614        0.0019610488        0.0025479312        0.0022255384        0.0024372491        0.0024250997        0.0028609379        0.0030611837        0.0024966056        0.0024996509        0.0023463174        0.0028798971        0.0017716046        0.0140078010        0.0021280016        0.0020854345
       -3.1231021389        0.0019782757        0.0025528275        0.0022456863        0.0024566235        0.0024457803        0.0028874004        0.0030783954        0.0025220340        0.0025234145        0.0023617646        0.0029102980        0.0017944778        0.0128178701        0.0021753829        0.0021348151
       -2.7577752165        0.0020111228        0.0025786694        0.0022822354        0.0024966106        0.0024857997        0.0029363173        0.0031219769        0.0025633556        0.0025637138        0.0023961766        0.0029604001        0.0018344381        0.0117812083        0.0022368795        0.0021974704
       -2.3924482941        0.0020459942        0.0026084788        0.0023257972        0.0025418561        0.0025313801        0.0029881571        0.0031701661        0.0026090720        0.0026053089        0.0024383045        0.0030174895        0.0018795134        0.0108526388        0.0023039361        0.0022675283
       -2.0271213717        0.0020842893        0.0026501509        0.0023753614        0.0025931466        0.0025820667        0.0030449558        0.0032268582        0.0026621493        0.0026551370        0.0024877864        0.0030854277        0.0019282593        0.0100054278        0.0023791045        0.0023462877
       -1.6617944493        0.0021255703        0.0026955946        0.0024266844        0.0026454040        0.0026367194        0.0031035476        0.0032851436        0.0027183460        0.0027087078        0.0025402501        0.0031520783        0.0019782658        0.0092254213        0.0024590541        0.0024300997
       -1.2964675268        0.0021734743        0.0027486230        0.0024838558        0.0027044874        0.0026995948        0.0031721952        0.0033525799        0.0027811914        0.0027705717        0.0026003492        0.0032259427        0.0020339723        0.0085040188        0.0025480774        0.0025233269
       -0.9311406044        0.0022268463        0.0028054551        0.0025449767        0.0027687120        0.0027671476        0.0032459634        0.0034243973        0.0028480547        0.0028361508        0.0026648997        0.0033038147        0.0020932500        0.0078343142        0.0026449118        0.0026248669
       -0.5658136820        0.0022854125        0.0028664912        0.0026101729        0.0028369960        0.0028386365        0.0033236471        0.0035007976        0.0029178559        0.0029045121        0.0027338417        0.0033855463        0.0021564644        0.0072127677        0.0027493646        0.0027344110
       -0.2004867596        0.0023483658        0.0029309461        0.0026773697        0.0029082236        0.0029129861        0.0034043996        0.0035799280        0.0029916052        0.0029750336        0.0028065054        0.0034704197        0.0022236777        0.0066370291        0.0028616570        0.0028515916
        0.1648401629        0.0024148182        0.0029979642        0.0027470115        0.0029821709        0.0029898187        0.0034870789        0.0036607748        0.0030677767        0.0030477936        0.0028819966        0.0035568391        0.0022940074        0.0061051552        0.0029812952        0.0029763331
        0.5301670853        0.0024903200        0.0030728766        0.0028246595        0.0030641629        0.0030743544        0.0035769445        0.0037486888        0.0031513073        0.0031282408        0.0029657338        0.0036501750        0.0023729000        0.0056197992        0.0031157443        0.0031158999
        0.8954940077        0.0026327631        0.0032134370        0.0029683996        0.0032117445        0.0032244257        0.0037318517        0.0039021009        0.0033000635        0.0032744957        0.0031156956        0.0038081695        0.0025186537        0.0052258131        0.0033405654        0.0033460088
        1.2608209301        0.0029333300        0.0035120503        0.0032691251        0.0035161831        0.0035315566        0.0040445209        0.0042139600        0.0036082667        0.0035782867        0.0034234075        0.0041230701        0.0028227086        0.0049936895        0.0037760663        0.0037891199
        1.6261478525        0.0032506416        0.0038284107        0.0035861356        0.0038372502        0.0038541543        0.0043741426        0.0045422484        0.0039336571        0.0038981002        0.0037476598        0.0044533079        0.0031437155        0.0047987072        0.0042406125        0.0042614963
        1.9914747750        0.0036263242        0.0042050264        0.0039593988        0.0042180857        0.0042356840        0.0047621079        0.0049306425        0.0043133217        0.0042748752        0.0041274226        0.0048415569        0.0035236955        0.0046688457        0.0047905203        0.0048159709
        2.3568016974        0.0041639973        0.0047597994        0.0045033698        0.0047774934        0.0048076143        0.0053316253        0.0055063209        0.0048767911        0.0048393972        0.0046753350        0.0054075078        0.0040864343        0.0046764725        0.0055834939        0.0056135778
        2.7221286198        0.0046301534        0.0052334570        0.0049595860        0.0052558203        0.0052851504        0.0058208909        0.0059884344        0.0053553764        0.0053275206        0.0051316577        0.0058901905        0.0045341608        0.0046062201        0.0062659370        0.0062958462
        3.0874555422        0.0052035252        0.0058252571        0.0055410271        0.0058443222        0.0058804704        0.0064350197        0.0065991208        0.0059652974        0.0059441800        0.0057183483        0.0065046886        0.0051143322        0.0046292746        0.0071087150        0.0071393641
        3.4527824646        0.0060810283        0.0067249229        0.0064363450        0.0067509994        0.0067970003        0.0073505405        0.0075451526        0.0068827463        0.0068468390        0.0066344235        0.0074433690        0.0060095059        0.0048780665        0.0084006491        0.0084264007
        3.8181093871        0.0069802859        0.0076438053        0.0073298601        0.0076818583        0.0077124477        0.0082689286        0.0085193277        0.0078033337        0.0077413088        0.0075626257        0.0083862287        0.0068921307        0.0051052533        0.0097264776        0.0097561451
        4.1834363095        0.0079686232        0.0086755112        0.0083359231        0.0087201007        0.0087422617        0.0093734661        0.0095900565        0.0088589516        0.0087339093        0.0085751837        0.0094496915        0.0079020550        0.0054627113        0.0112551673        0.0112984955
        4.5487632319        0.0091397147        0.0098925517        0.0095292436        0.0099887648        0.0099682515        0.0106877962        0.0108614811        0.0100617141        0.0099713256        0.0098176028        0.0107789352        0.0091141354        0.0059296306        0.0131109080        0.0131596233
        4.9140901543        0.0102444753        0.0110505013        0.0106759798        0.0111515854        0.0111294366        0.0118933920        0.0121499180        0.0112045415        0.0111268825        0.0109434432        0.0120234760        0.0102079299        0.0063506733        0.0149018746        0.0149512271
        5.2794170767        0.0120100783        0.0128940354        0.0124892204        0.0130069288        0.0129650009        0.0137661553        0.0141183103        0.0130626147        0.0130086893        0.0127830617        0.0139322534        0.0119786505        0.0072191851        0.0177776502        0.0178547408
        5.6447439992        0.0139641497        0.0148390826        0.0143861595        0.0149134264        0.0149089955        0.0158087951        0.0162481882        0.0150495426        0.0149728897        0.0147566105        0.0159829796        0.0138743408        0.0082730309        0.0210345278        0.0210741638
        6.0100709216        0.0162557190        0.0171888571        0.0167257687        0.0172432450        0.0172950725        0.0183327964        0.0188321443        0.0174333801        0.0174074024        0.0171023405        0.0184588480        0.0161671519        0.0097519382        0.0251735697        0.0252413227
        6.3753978440        0.0184758994        0.0196224614        0.0191323565        0.0197272593        0.0197623134        0.0210153998        0.0214589879        0.0198148640        0.0199354053        0.0196213334        0.0211782197        0.0184638199        0.0116022188        0.0298812438        0.0299323163
        6.7407247664        0.0211802364        0.0225449878        0.0219627603        0.0226475107        0.0226542507        0.0241141895        0.0245860207        0.0227451083        0.0228263355        0.0224542720        0.0241197703        0.0212172871        0.0141282323        0.0360549468        0.0359608172
        7.1060516888        0.0243673524        0.0259932267        0.0250710616        0.0258643341        0.0258614740        0.0276554250        0.0282526557        0.0260702467        0.0260657159        0.0257025361        0.0276335547        0.0244464152        0.0173444061        0.0435592250        0.0435414181
        7.4713786113        0.0274803173        0.0291114222        0.0282124903        0.0290800517        0.0290994957        0.0311026446        0.0317282711        0.0293574246        0.0293913224        0.0290598790        0.0309125936        0.0277134640        0.0225511353        0.0535028531        0.0534443908
        7.8367055337        0.0339223930        0.0357617023        0.0350559732        0.0361561032        0.0360635222        0.0381389594        0.0386695218        0.0363842065        0.0364049160        0.0359184029        0.0378063850        0.0343688368        0.0328594940        0.0742408113        0.0741397977
        8.2020324561        0.0393118803        0.0414252458        0.0392759721        0.0406152021        0.0402893364        0.0438151825        0.0442559325        0.0406944509        0.0407981026        0.0401219100        0.0436495063        0.0398266286        0.0416847534        0.0903698808        0.0904250230
        8.5673593785        0.0402899335        0.0424786198        0.0403736035        0.0410639607        0.0412405404        0.0453782175        0.0458237064        0.0415800130        0.0413749944        0.0410878881        0.0448808350        0.0408901296        0.0375379769        0.0861779598        0.0863270843
        8.9326863009        0.0419597562        0.0444606332        0.0414032121        0.0421625535        0.0422321735        0.0468378525        0.0483630862        0.0427017629        0.0429437415        0.0420874042        0.0471612292        0.0423084595        0.0343864996        0.0827060039        0.0826135523
        9.2980132234        0.0444653510        0.0471819106        0.0432056806        0.0442639287        0.0441624037        0.0500416172        0.0510545810        0.0442435951        0.0449756361        0.0437720060        0.0496424321        0.0450085759        0.0323969813        0.0793820266        0.0795059055
        9.6633401458        0.0480606060        0.0512432671        0.0460712458        0.0477560717        0.0473531791        0.0544417269        0.0552185022        0.0477174927        0.0483266941        0.0471369746        0.0542174114        0.0490383480        0.0294582581        0.0768581015        0.0772246901
       10.0286670682        0.0487667286        0.0518274698        0.0453378885        0.0467842592        0.0453271338        0.0558215496        0.0568667558        0.0461728055        0.0469208672        0.0461827727        0.0554000925        0.0500154187        0.0205756529        0.0629820867        0.0630025979
       10.3939939906        0.0620793811        0.0653727230        0.0532032918        0.0554831738        0.0520162027        0.0679372860        0.0693710220        0.0523523138        0.0550909559        0.0540090176        0.0687850188        0.0631961999        0.0296291125        0.0744431625        0.0750218887
       10.7593209130        0.0584539070        0.0629681731        0.0478931653        0.0494166542        0.0480804354        0.0655934271        0.0674927482        0.0472762278        0.0494011752        0.0482072892        0.0655910244        0.0599165820        0.0331819240        0.0728995472        0.0735704512
       11.1246478355        0.0773218758        0.0808755561        0.0583858390        0.0606591870        0.0574563875        0.0832270339        0.0849105633        0.0568831447        0.0612892325        0.0596645901        0.0845619419        0.0785590652        0.0337151183        0.0791828744        0.0800287214
       11.4899747579        0.0773148416        0.0807500128        0.0597511673        0.0620862804        0.0577921336        0.0832925982        0.0849349804        0.0565735372        0.0618628736        0.0605748808        0.0848523494        0.0790769197        0.0310534718        0.0752287140        0.0760042428
       11.8553016803        0.0959559943        0.0975638172        0.0782358040        0.0803114473        0.0772470955        0.0977008737        0.0997654169        0.0781620173        0.0808175277        0.0788697956        0.1007246875        0.0957953345        0.0312992904        0.0970316563        0.0971732036
       12.2206286027        0.0961507136        0.0979733008        0.0791799132        0.0825185777        0.0810848398        0.0962290850        0.0995808001        0.0826786297        0.0824693046        0.0803353517        0.1001984493        0.0942489130        0.0272231927        0.0887023742        0.0895983342
       12.5859555251        0.0938809138        0.0967614202        0.0757565595        0.0801989489        0.0794754117        0.0942798663        0.0995678205        0.0834307463        0.0814967460        0.0786654407        0.0977919058        0.0921217428        0.0291902777        0.0882729756        0.0879403232
       12.9512824476        0.1028824168        0.1073038028        0.0859424560        0.0886848538        0.0873563445        0.1067347366        0.1057798378        0.0895576635        0.0880340185        0.0877055403        0.1072472274        0.1003734975        0.0261932737        0.0920599119        0.0903006761
       13.3166093700        0.0986381930        0.1033112693        0.0820671097        0.0846914778        0.0812145235        0.1024787999        0.1007223011        0.0819057747        0.0844553950        0.0819824027        0.1028631359        0.0961288396        0.0201150713        0.0810676329        0.0796353473
       13.6819362924        0.0874982809        0.0947088035        0.0754913840        0.0783779011        0.0752071224        0.0936120594        0.0937185384        0.0757127108        0.0783073133        0.0751824096        0.0974570477        0.0901332638        0.0173955944        0.0788100843        0.0773935064
       14.0472632148        0.0725826317        0.0788275754        0.0658644610        0.0697399562        0.0653528656        0.0815208867        0.0816775669        0.0652841638        0.0687212386        0.0667080460        0.0840951647        0.0778523924        0.0156750521        0.0742912844        0.0733253734
       14.4125901372        0.0584262060        0.0640843202        0.0548197009        0.0592136628        0.0558510182        0.0678352544        0.0685105150        0.0552817027        0.0588768725        0.0556818154        0.0683263035        0.0630979479        0.0127037103        0.0662216696        0.0666984982
       14.7779170597        0.0569548755        0.0610656715        0.0549700483        0.0601401338        0.0583610568        0.0653860456        0.0665637179        0.0564198298        0.0608213370        0.0566976645        0.0649440815        0.0603977097        0.0120993118        0.0732289626        0.0753033474
       15.1432439821        0.0669417565        0.0720996313        0.0702882967        0.0744913704        0.0761760653        0.0791291494        0.0791928869        0.0733043089        0.0766836623        0.0720527986        0.0750926830        0.0711119361        0.0130621671        0.1055770484        0.1111553601
       15.5085709045        0.0703708367        0.0745915298        0.0949090583        0.0918621514        0.0969550831        0.0834564985        0.0825140795        0.0933104820        0.0927999065        0.0927967371        0.0769707892        0.0753322404        0.0103699160        0.1640145037        0.1658156590
       15.8738978269        0.0733810578        0.0756310407        0.1003852951        0.0925525336        0.0972204341        0.0848197133        0.0843800359        0.0947737941        0.0928362964        0.0959213230        0.0786871918        0.0790190479        0.0074162898        0.1705190610        0.1688972235
       16.2392247493        0.0762398492        0.0768254345        0.0819249461        0.0815058963        0.0795416719        0.0786454642        0.0799195525        0.0763934233        0.0791662827        0.0792822423        0.0783581689        0.0811985428        0.0053543329        0.1270490686        0.1196576064
       16.6045516718        0.1022541504        0.0982017334        0.0899613737        0.0872177502        0.0803053924        0.0975958050        0.0936861650        0.0807755607        0.0862113695        0.0871936335        0.1012231956        0.1049374863        0.0046812023        0.1145530090        0.1060384491
       16.9698785942        0.1463779757        0.1323527556        0.1068604739        0.0986703284        0.0959467234        0.1300080437        0.1235649971        0.0988856755        0.1018549177        0.1121044555        0.1311116513        0.1490291140        0.0056397299        0.1019244755        0.0991350475
       17.3352055166        0.1707894039        0.1384347732        0.1326988657        0.1108955102        0.1171876362        0.1424427952        0.1473697215        0.1193421550        0.1029183705        0.1227568987        0.1420245397        0.1626356251        0.0080177528        0.1005899063        0.0988817650
       17.7005324390        0.1259395364        0.1019587066        0.1115536483        0.0871222658        0.0857055710        0.1038864952        0.1140381849        0.0886645498        0.0776229542        0.0860994497        0.1085619792        0.1206139608        0.0075030022        0.0742623255        0.0714406765
       18.0658593614        0.1741583660        0.1365240555        0.1606887320        0.1257164629        0.1287876027        0.1543946637        0.1570904804        0.1312673894        0.1155331173        0.1274710213        0.1330842142        0.1617779798        0.0106803586        0.1009563227        0.0965385594
       18.4311862839        0.1306416110        0.1145713194        0.1135222312        0.0990036841        0.1019966371        0.1237709050        0.1171243145        0.1008148048        0.0929243475        0.1096001143        0.1111102286        0.1259107687        0.0077660298        0.0726368608        0.0748452611
       18.7965132063        0.1420259624        0.1192188693        0.1406606742        0.0987989905        0.1100161924        0.1335673318        0.1290222855        0.1148872944        0.0924124107        0.1294948892        0.1153683079        0.1455061931        0.0080114836        0.0684516883        0.0694787779
       19.1618401287        0.1380770317        0.1354194551        0.1069687964        0.1120534865        0.1129287621        0.1313671661        0.1302539800        0.1117526202        0.1112773498        0.1083671783        0.1342322131        0.1565764555        0.0066165842        0.0785087665        0.0765368714
       19.5271670511        0.1365601121        0.1285674150        0.0850344458        0.0933253460        0.1047833445        0.1105075458        0.1089419122        0.1006053715        0.0965284224        0.0941733356        0.1288457768        0.1440624040        0.0043849707        0.0647220236        0.0618278207
       19.8924939735        0.1866798992        0.1767190014        0.1234879483        0.1434282572        0.1424432077        0.1526154716        0.1503434361        0.1399181194        0.1476989886        0.1380066552        0.1823987088        0.2058776772        0.0056972222        0.0975185446        0.0940958128
       20.2578208960        0.0881208898        0.0934453267        0.0740012711        0.0814025613        0.0728959289        0.0884693979        0.0886563198        0.0796819752        0.0822671175        0.0817833060        0.0937903475        0.1098240103        0.0032279209        0.0625398657        0.0604886508
       20.6231478184        0.1266789219        0.1341542527        0.1166396767        0.1269617475        0.1103403818        0.1361391881        0.1382530489        0.1251550984        0.1304629956        0.1215426112        0.1344871643        0.1595633923        0.0046103522        0.0875833868        0.0872856966
       20.9884747408        0.1318918257        0.1364364079        0.1217088534        0.1282024837        0.1203384603        0.1415368677        0.1464078677        0.1328714050        0.1348510946        0.1139254431        0.1517314794        0.1654314012        0.0050129101        0.0903367748        0.0913203278
       21.3538016632        0.0950481533        0.0844749635        0.0708716275        0.0766710680        0.0768735068        0.0936965754        0.0889259658        0.0759611314        0.0775493533        0.0666540357        0.0977560651        0.1093498549        0.0028289411        0.0516220321        0.0511137740
       21.7191285856        0.2501158735        0.1779555097        0.1447072796        0.1671091286        0.1824066128        0.2058799370        0.2111799510        0.1798405235        0.1646955167        0.1375326739        0.2214096639        0.2539090656        0.0064388968        0.1062103765        0.1034261972
       22.0844555081        0.2079285562        0.1537858142        0.1134651066        0.1219491382        0.1442861738        0.1737869062        0.1775682166        0.1363909815        0.1101238969        0.1035423903        0.1652905666        0.1963440834        0.0046596987        0.0824231265        0.0768913596
       22.4497824305        0.1388351462        0.1137957656        0.0737217908        0.0716584115        0.0907036185        0.1342074272        0.1091102876        0.0785017649        0.0638784589        0.0744879340        0.1150731221        0.1185604223        0.0024792935        0.0531462740        0.0520409329
       22.8151093529        0.2920005671        0.2675070633        0.1369613626        0.1284197375        0.1675557930        0.2707913685        0.1814842267        0.1350449177        0.1432533109        0.1711670595        0.1931728323        0.2239510179        0.0042518066        0.1025047118        0.1099950348
       23.1804362753        0.3036090767        0.2529237137        0.1559137206        0.1296762775        0.1215561843        0.1899603783        0.2014064391        0.1136502536        0.1396900841        0.1860385536        0.2233417539        0.2656616513        0.0042640754        0.1128842878        0.1166316358
       23.5457631977        0.2440991336        0.2109149788        0.1440938800        0.1201463467        0.0990930742        0.1684952838        0.1853939934        0.1046824605        0.1173531252        0.1339213845        0.1855392195        0.2274701760        0.0038091607        0.1091050032        0.1079955641
       23.9110901202        0.1367244200        0.1282751427        0.0753243941        0.0777724424        0.0837540318        0.1290013333        0.1301337854        0.0749286981        0.0759211079        0.0688753623        0.1284035840        0.1410712977        0.0024599865        0.1173945324        0.1138112229
       24.2764170426        0.1669777859        0.1638406698        0.1159957416        0.1212903418        0.1311940609        0.1844204386        0.1761858224        0.1147787689        0.1212844569        0.1129337935        0.1811031370        0.1924583514        0.0035451314        0.1912314337        0.1798263968
       24.6417439650        0.1401892697        0.1438358635        0.1085149204        0.1067399144        0.1107431443        0.1494671457        0.1567205160        0.1033034763        0.1095515872        0.1027206228        0.1562029001        0.1563648307        0.0028870001        0.1488430844        0.1439972712
       25.0070708874        0.1155635417        0.1231910904        0.1026632792        0.1074262389        0.0922847075        0.1231199136        0.1319503616        0.1018365892        0.1040247030        0.0925064141        0.1313439426        0.1265547359        0.0022849393        0.1162630759        0.1275340630
       25.3723978098        0.1425097287        0.1464766171        0.1542029152        0.1625414775        0.1155629749        0.1532708457        0.1638512277        0.1344232560        0.1407880476        0.1295834484        0.1612650229        0.1567132416        0.0025447449        0.1464260940        0.1814280731
       25.7377247323        0.1262242764        0.1338441869        0.1821423537        0.1668265414        0.1661466748        0.1389113259        0.1376455474        0.1567887498        0.1700663188        0.1892058016        0.1345414436        0.1275040016        0.0027635302        0.1605228872        0.1473675093
       26.1030516547        0.1235352100        0.1319619747        0.1720425377        0.1772206883        0.1769517529        0.1411710017        0.1412217454        0.1759360969        0.1715138156        0.1752977275        0.1359034828        0.1283884035        0.0025438434        0.1310928145        0.1262939605
       26.4683785771        0.1911175837        0.1917249851        0.2195631235        0.2372639888        0.2453292737        0.1946240168        0.1960983077        0.2469355972        0.2293944153        0.2312697276        0.1986019207        0.1912847956        0.0037231713        0.1430141708        0.1449608752
       26.8337054995        0.0824133331        0.0934609754        0.1487005616        0.1525014319        0.1510609094        0.0981593575        0.1008967850        0.1478138984        0.1514234907        0.1494486995        0.0965127655        0.0834053854        0.0029534744        0.0852419037        0.0862021875
       27.1990324219        0.0480420376        0.0594407300        0.2680295760        0.2712980171        0.2738253828        0.0657219012        0.0665161945        0.2742252934        0.2738378530        0.2742883151        0.0617354870        0.0476907308        0.0016379797        0.0644885506        0.0653840248
       27.5643593444        0.0310498504        0.0401257842        0.0730965431        0.0730515050        0.0732023142        0.0450050828        0.0460541917        0.0760235732        0.0759262360        0.0702708254        0.0427395948        0.0291603880        0.0012407637        0.0362237298        0.0360234046
       27.9296862668        0.0327287721        0.0452033100        0.0535745374        0.0546321647        0.0543644830        0.0499035690        0.0519828681        0.0561094686        0.0577574023        0.0522122002        0.0476989893        0.0310756436        0.0013890895        0.0371366607        0.0373311573
       28.2950131892        0.0295142246        0.0419901309        0.0428977140        0.0444258261        0.0440688144        0.0458792161        0.0468056930        0.0454552169        0.0461563284        0.0428313115        0.0445571907        0.0276614440        0.0012778927        0.0327415837        0.0333503730
       28.6603401116        0.0246457683        0.0354270019        0.0340765282        0.0365067328        0.0354974534        0.0380931969        0.0389395823        0.0367440162        0.0378107331        0.0346237978        0.0373013836        0.0224870818        0.0010742258        0.0272767080        0.0277398104
       29.0256670340        0.0200125663        0.0290200276        0.0287444216        0.0305954020        0.0296906332        0.0309984059        0.0313763028        0.0312596637        0.0320898239        0.0292117364        0.0304871284        0.0179695872        0.0008794193        0.0226231817        0.0229908211
       29.3909939565        0.0176796668        0.0272718312        0.0290020366        0.0300039990        0.0297891373        0.0276266583        0.0273882695        0.0311076493        0.0318628351        0.0297994736        0.0263213817        0.0156219785        0.0007952691        0.0211087736        0.0216497386
       29.7563208789        0.0180635932        0.0289872560        0.0636778408        0.0646799010        0.0644505960        0.0266911880        0.0269983336        0.0656463385        0.0663712857        0.0648700913        0.0251781404        0.0157347805        0.0011388524        0.0253199905        0.0257398820
       30.1216478013        0.0211507230        0.0330160014        0.1109062408        0.1125476688        0.1109112520        0.0276686112        0.0280398301        0.1122374085        0.1133274645        0.1122152977        0.0269377453        0.0184856132        0.0013469999        0.0389861299        0.0394737292
       30.4869747237        0.0573118515        0.0707389387        0.1757497158        0.1758712881        0.1771300599        0.0633853291        0.0631397495        0.1789793903        0.1782175345        0.1764236631        0.0631838627        0.0544918776        0.0014656936        0.0836296910        0.0836654221
       30.8523016461        0.8647147012        0.8636045711        0.2360752833        0.2334086953        0.2380831150        0.8491194832        0.8503180205        0.2375949495        0.2366785878        0.2362847078        0.8527616913        0.8608190613        0.0025715435        0.1396695447        0.1403041826
       31.2176285686        0.1711904863        0.1672710813        0.1356854334        0.1366013024        0.1401320849        0.1734796905        0.1746591151        0.1409179704        0.1395307367        0.1366746769        0.1576045749        0.1688270461        0.0011697482        0.0459603324        0.0459829175
       31.5829554910        0.3111966802        0.3308632380        0.2729541712        0.2733033934        0.2737509499        0.3235856523        0.3241038748        0.2751587032        0.2749995142        0.2732738426        0.3196630173        0.3072666186        0.0035422657        0.2282491377        0.2286391576
       31.9482824134        0.1315682817        0.1503618661        0.1587656819        0.1581569714        0.1565326019        0.1345596571        0.1342522085        0.1579516709        0.1595224348        0.1598923153        0.1357460075        0.1271888792        0.0024939283        0.1801293200        0.1804645782
       32.3136093358        0.0379098785        0.0568367812        0.0692773612        0.0716692116        0.0712722907        0.0411377479        0.0400075574        0.0729634916        0.0736582957        0.0707599711        0.0399743342        0.0331393946        0.0009905685        0.0837286136        0.0843277960
       32.6789362582        0.0168244761        0.0301232555        0.1058102699        0.1053593963        0.1036484258        0.0191136617        0.0179508452        0.1057912995        0.1072049650        0.1065714146        0.0183674889        0.0129678148        0.0006656389        0.1130273458        0.1134700682
       33.0442631807        0.0310952557        0.0450036829        0.3246484545        0.3377494270        0.3368342354        0.0334780278        0.0318781755        0.3386885619        0.3401372399        0.3252939436        0.0328740478        0.0272907460        0.0010330568        0.3846810996        0.3855379407
       33.4095901031        0.0270919365        0.0396457717        0.3225067239        0.3184473448        0.3255669981        0.0291485522        0.0281651012        0.3272103981        0.3196365349        0.3228605225        0.0281411159        0.0230641583        0.0012249185        0.4168726724        0.4170499214
       33.7749170255        0.0086219550        0.0153006021        0.1384840377        0.1378488172        0.1376385175        0.0099160792        0.0091287826        0.1383364562        0.1388620849        0.1381892922        0.0090351621        0.0066834600        0.0003594821        0.1925650861        0.1927495956
       34.1402439479        0.0062413250        0.0128024820        0.0753823324        0.0728978987        0.0746620860        0.0072022580        0.0068754431        0.0760070501        0.0736284556        0.0748828175        0.0066646373        0.0041667202        0.0006497369        0.1084688778        0.1089570405
       34.5055708703        0.0025743124        0.0047018164        0.0033248230        0.0031093546        0.0030800843        0.0029694277        0.0022512611        0.0033414068        0.0032917849        0.0031178405        0.0024781052        0.0013857560        0.0000944136        0.0033428765        0.0035562540
       34.8708977928        0.0010732828        0.0020188401        0.0013458468        0.0011716114        0.0011310695        0.0013569413        0.0010130683        0.0012124002        0.0011735700        0.0011574218        0.0011444663        0.0005800567        0.0000392559        0.0010985775        0.0012293912
       35.2362247152        0.0003356467        0.0007029221        0.0004586027        0.0003715082        0.0003602870        0.0004424242        0.0003341901        0.0003767556        0.0003534933        0.0004136274        0.0004010100        0.0001907970        0.0000123464        0.0003456369        0.0004056459
       35.6015516376        0.0000634632        0.0001469830        0.0001039161        0.0000760008        0.0000809449        0.0000882141        0.0000750920        0.0000805930        0.0000823455        0.0000894911        0.0001059085        0.0000403548        0.0000028907        0.0000814398        0.0000916645
       35.9668785600        0.0000130681        0.0000291600        0.0000179280        0.0000176901        0.0000237709        0.0000164554        0.0000252938        0.0000223629        0.0000185311        0.0000246598        0.0000270106        0.0000080907        0.0000006557        0.0000198125        0.0000247977
       36.3322054824        0.0000043685        0.0000101970        0.0000053856        0.0000080253        0.0000120393        0.0000055102        0.0000116216        0.0000120578        0.0000060203        0.0000105907        0.0000111616        0.0000024303        0.0000002150        0.0000079306        0.0000101293
       36.6975324049        0.0000017036        0.0000046062        0.0000022916        0.0000044290        0.0000071079        0.0000023125        0.0000060442        0.0000071737        0.0000022886        0.0000052279        0.0000052410        0.0000009367        0.0000000819        0.0000042063        0.0000046354
       37.0628593273        0.0000007749        0.0000024773        0.0000010414        0.0000023406        0.0000039055        0.0000011989        0.0000035078        0.0000039172        0.0000010348        0.0000027236        0.0000028888        0.0000004864        0.0000000412        0.0000021235        0.0000023689
       37.4281862497        0.0000002541        0.0000009891        0.0000003410        0.0000009159        0.0000015870        0.0000004619        0.0000014985        0.0000015823        0.0000003375        0.0000010516        0.0000011801        0.0000001872        0.0000000153        0.0000007917        0.0000008977
       37.7935131721        0.0000000332        0.0000001636        0.0000000445        0.0000001485        0.0000002669        0.0000000737        0.0000002635        0.0000002647        0.0000000437        0.0000001682        0.0000001995        0.0000000298        0.0000000024        0.0000001220        0.0000001408
       38.1588400945        0.0000000000        0.0000000000        0.0000000000        0.0000000000        0.0000000000        0.0000000000        0.0000000000        0.0000000000        0.0000000000        0.0000000000        0.0000000000        0.0000000000        0.0000000000        0.0000000000        0.0000000000
       38.5241670170        0.0000000000        0.0000000000        0.0000000000        0.0000000000        0.0000000000        0.0000000000        0.0000000000        0.0000000000        0.0000000000        0.0000000000        0.0000000000        0.0000000000        0.0000000000        0.0000000000        0.0000000000
       38.8894939394        0.0000000000        0.0000000000        0.0000000000        0.0000000000        0.0000000000        0.0000000000        0.0000000000        0.0000000000        0.0000000000        0.0000000000        0.0000000000        0.0000000000        0.0000000000        0.0000000000        0.0000000000
       39.2548208618        0.0000000000        0.0000000000        0.0000000000        0.0000000000        0.0000000000        0.0000000000        0.0000000000        0.0000000000        0.0000000000        0.0000000000        0.0000000000        0.0000000000        0.0000000000        0.0000000000        0.0000000000
       39.6201477842        0.0000000000        0.0000000000        0.0000000000        0.0000000000        0.0000000000        0.0000000000        0.0000000000        0.0000000000        0.0000000000        0.0000000000        0.0000000000        0.0000000000        0.0000000000        0.0000000000        0.0000000000
       39.9854747066        0.0001516069        0.0001516069        0.0008008277        0.0008008277        0.0008008277        0.0001516069        0.0001516069        0.0008008277        0.0008008277        0.0008008277        0.0001516069        0.0001516069        0.3408928429        0.0579229753        0.0579229753
       40.3508016291        0.0000000000        0.0000000000        0.0000000000        0.0000000000        0.0000000000        0.0000000000        0.0000000000        0.0000000000        0.0000000000        0.0000000000        0.0000000000        0.0000000000        0.0000000000        0.0000000000        0.0000000000
       40.7161285515        0.0000000000        0.0000000000        0.0000000000        0.0000000000        0.0000000000        0.0000000000        0.0000000000        0.0000000000        0.0000000000        0.0000000000        0.0000000000        0.0000000000        0.0000000000        0.0000000000        0.0000000000
       41.0814554739        0.0000000000        0.0000000000        0.0000000000        0.0000000000        0.0000000000        0.0000000000        0.0000000000        0.0000000000        0.0000000000        0.0000000000        0.0000000000        0.0000000000        0.0000000000        0.0000000000        0.0000000000
       41.4467823963        0.0000000000        0.0000000000        0.0000000000        0.0000000000        0.0000000000        0.0000000000        0.0000000000        0.0000000000        0.0000000000        0.0000000000        0.0000000000        0.0000000000        0.0000000000        0.0000000000        0.0000000000
       41.8121093187        0.0000000000        0.0000000000        0.0000000000        0.0000000000        0.0000000000        0.0000000000        0.0000000000        0.0000000000        0.0000000000        0.0000000000        0.0000000000        0.0000000000        0.0000000000        0.0000000000        0.0000000000
       42.1774362412        0.0000000000        0.0000000000        0.0000000000        0.0000000000        0.0000000000        0.0000000000        0.0000000000        0.0000000000        0.0000000000        0.0000000000        0.0000000000        0.0000000000        0.0000000000        0.0000000000        0.0000000000
       42.5427631636        0.0000000000        0.0000000000        0.0000000000        0.0000000000        0.0000000000        0.0000000000        0.0000000000        0.0000000000        0.0000000000        0.0000000000        0.0000000000        0.0000000000        0.0000000000        0.0000000000        0.0000000000
       42.9080900860        0.0000000000        0.0000000000        0.0000000000        0.0000000000        0.0000000000        0.0000000000        0.0000000000        0.0000000000        0.0000000000        0.0000000000        0.0000000000        0.0000000000        0.0000000000        0.0000000000        0.0000000000
       43.2734170084        0.0000000000        0.0000000000        0.0000000000        0.0000000000        0.0000000000        0.0000000000        0.0000000000        0.0000000000        0.0000000000        0.0000000000        0.0000000000        0.0000000000        0.0000000000        0.0000000000        0.0000000000
       43.6387439308        0.0000000000        0.0000000000        0.0000000000        0.0000000000        0.0000000000        0.0000000000        0.0000000000        0.0000000000        0.0000000000        0.0000000000        0.0000000000        0.0000000000        0.0000000000        0.0000000000        0.0000000000
       44.0040708533        0.0000000000        0.0000000000        0.0000000000        0.0000000000        0.0000000000        0.0000000000        0.0000000000        0.0000000000        0.0000000000        0.0000000000        0.0000000000        0.0000000000        0.0000000000        0.0000000000        0.0000000000
       44.3693977757        0.0000000000        0.0000000000        0.0000000000        0.0000000000        0.0000000000        0.0000000000        0.0000000000        0.0000000000        0.0000000000        0.0000000000        0.0000000000        0.0000000000        0.0000000000        0.0000000000        0.0000000000
       44.7347246981        0.0000000000        0.0000000000        0.0000000000        0.0000000000        0.0000000000        0.0000000000        0.0000000000        0.0000000000        0.0000000000        0.0000000000        0.0000000000        0.0000000000        0.0000000000        0.0000000000        0.0000000000
       45.1000516205        0.0000000000        0.0000000000        0.0000000000        0.0000000000        0.0000000000        0.0000000000        0.0000000000        0.0000000000        0.0000000000        0.0000000000        0.0000000000        0.0000000000        0.0000000000        0.0000000000        0.0000000000
       45.4653785429        0.0000000000        0.0000000000        0.0000000000        0.0000000000        0.0000000000        0.0000000000        0.0000000000        0.0000000000        0.0000000000        0.0000000000        0.0000000000        0.0000000000        0.0000000000        0.0000000000        0.0000000000
       45.8307054654        0.0000000000        0.0000000000        0.0000000000        0.0000000000        0.0000000000        0.0000000000        0.0000000000        0.0000000000        0.0000000000        0.0000000000        0.0000000000        0.0000000000        0.0000000000        0.0000000000        0.0000000000
       46.1960323878        0.0000000000        0.0000000000        0.0000000000        0.0000000000        0.0000000000        0.0000000000        0.0000000000        0.0000000000        0.0000000000        0.0000000000        0.0000000000        0.0000000000        0.0000000000        0.0000000000        0.0000000000
