48   
12   

1    
  0.0077695293488352   0.0062955711104584  -0.0000140744715474
  -0.1470171900   -0.1437339800    0.0206570700
   0.0048218700    0.0043188900    0.0196519200
   0.0072435300    0.0191675900    0.0156072100
   0.0132666000   -0.0014381100    0.0193942200
   0.0112415100    0.0001419300    0.0190138900
   0.0112559100   -0.0000596200    0.0188857500
   0.0110397900   -0.0001663000    0.0189215700
   0.0112220900   -0.0000598700    0.0187234900
  -0.0081963300   -0.0036147500   -0.0202440900
   0.0263672200    0.0518295200   -0.0109983200
  -0.0009577100    0.0054046400   -0.0209879300
   0.0009150700    0.0200303600   -0.0175198200
  -0.0111708900   -0.0000584100   -0.0191498100
  -0.0111455900   -0.0001355800   -0.0193142800
  -0.0109800900    0.0001760000   -0.0187320200
  -0.0108766900    0.0001992300   -0.0191319500
   0.0124269900    0.0073633000    0.0024088700
   0.0327622800   -0.0003935800   -0.0113421100
  -0.0102914900    0.0005585000   -0.0024989000
  -0.0092229400    0.0029315700    0.0019924700
  -0.0115160300   -0.0000316300    0.0000125500
  -0.0116376500    0.0002041800    0.0002038900
  -0.0114113600    0.0000319200   -0.0002177600
  -0.0115547800   -0.0001932800    0.0000845200
   0.0119232700    0.0035922300    0.0001492300
   0.0195057800    0.0042199200    0.0030880300
   0.0286598300    0.0240397000   -0.0056566700
   0.0128200900   -0.0026037100    0.0015278600
   0.0115906100    0.0000374500    0.0001703300
   0.0112998700    0.0000937800    0.0003395900
   0.0112728500   -0.0000787800    0.0002375300
   0.0112220700   -0.0000904300    0.0004901400
  -0.0073958700    0.0034978500    0.0228237200
  -0.0069063600    0.0000213800    0.0255967000
  -0.0062433300    0.0040493000    0.0286062600
  -0.0074698600    0.0002473200    0.0251016500
  -0.0078720000   -0.0001677300    0.0256449500
  -0.0079335700   -0.0001881200    0.0253295600
  -0.0077756800    0.0002542300    0.0249623700
  -0.0080109700    0.0002428300    0.0252762200
   0.0068680700    0.0002739200   -0.0253580900
   0.0106526000   -0.0004490000   -0.0207131300
   0.0079039600   -0.0005867900   -0.0250657200
   0.0081053600    0.0012950300   -0.0253362200
   0.0077697900   -0.0000826300   -0.0254807700
   0.0077375500    0.0000226600   -0.0259097400
   0.0079236600    0.0000317900   -0.0257110300
   0.0077681400   -0.0001447300   -0.0255331800

1    
 -0.0077695293488352  -0.0062955711104584   0.0000140744715474
   0.1681012500    0.1414912200    0.0161409000
   0.0175495300   -0.0043317800    0.0175810400
   0.0151476600   -0.0191075000    0.0215852200
   0.0091029300    0.0014267700    0.0178218800
   0.0111371600   -0.0001325800    0.0182287700
   0.0111161500    0.0000656600    0.0183627600
   0.0113301700    0.0001691000    0.0183157800
   0.0111468600    0.0000646600    0.0185156800
  -0.0141501800    0.0035782400   -0.0170100400
  -0.0469016500   -0.0482349200   -0.0255965100
  -0.0215072700   -0.0054192100   -0.0162218500
  -0.0234096200   -0.0196231100   -0.0197589600
  -0.0112012700    0.0000513100   -0.0180968200
  -0.0112286600    0.0001246900   -0.0179338000
  -0.0113887300   -0.0001791000   -0.0185122800
  -0.0114940700   -0.0001995800   -0.0181092300
  -0.0365479700   -0.0072727500   -0.0036916200
  -0.0540656100    0.0001861600    0.0099474200
  -0.0125303500   -0.0005909200    0.0015202100
  -0.0136038600   -0.0028535700   -0.0029770300
  -0.0113140800    0.0000255800   -0.0009845900
  -0.0111934200   -0.0002040300   -0.0011718800
  -0.0114165200   -0.0000264000   -0.0007591000
  -0.0112706900    0.0001939000   -0.0010628900
   0.0110585100   -0.0037710400    0.0007151300
   0.0034178100   -0.0042072600   -0.0020572800
  -0.0066497400   -0.0255027400    0.0074127500
   0.0099825100    0.0026258700   -0.0005346400
   0.0112424500   -0.0000349100    0.0008015400
   0.0115277900   -0.0000890500    0.0006371300
   0.0115541400    0.0000761500    0.0007432900
   0.0116018700    0.0000861700    0.0004875700
  -0.0083401400   -0.0035024100    0.0282856200
  -0.0088098600   -0.0000201100    0.0255020500
  -0.0094491100   -0.0040999700    0.0224184400
  -0.0082545000   -0.0002511500    0.0260014500
  -0.0078484900    0.0001689400    0.0254621300
  -0.0077872800    0.0001901100    0.0257752700
  -0.0079445600   -0.0002533900    0.0261409400
  -0.0077061400   -0.0002448300    0.0258282900
   0.0088667800   -0.0002744700   -0.0257558800
   0.0050222300    0.0004324400   -0.0304037700
   0.0078168800    0.0005812900   -0.0260445100
   0.0076059000   -0.0012867700   -0.0257667900
   0.0079514500    0.0000780000   -0.0256164600
   0.0079850200   -0.0000215600   -0.0252009300
   0.0077979900   -0.0000282500   -0.0253946300
   0.0079507300    0.0001471100   -0.0255697700

1    
 -0.0014869060572396   0.0000000000000000   0.0098888376656179
   0.0440006200    0.0000000000   -0.0655721100
   0.0137406000    0.0000000000    0.0220611500
   0.0081631700    0.0000000000    0.0185897800
   0.0117865200    0.0000000000    0.0187796000
   0.0116692500    0.0000000000    0.0183383700
   0.0115025800    0.0000000000    0.0199707300
   0.0115987600    0.0000000000    0.0188457200
   0.0113119300    0.0000000000    0.0188369300
  -0.0149972200    0.0014598500   -0.0181984800
  -0.0105564100    0.0018558800   -0.0049176000
  -0.0149972200   -0.0014598500   -0.0181984800
  -0.0105564100   -0.0018558800   -0.0049176000
  -0.0116111100   -0.0003025900   -0.0189152300
  -0.0119833700   -0.0001041700   -0.0180670000
  -0.0116111100    0.0003025900   -0.0189152300
  -0.0119833700    0.0001041700   -0.0180670000
  -0.0125174700    0.0000000000    0.0059117200
  -0.0317782000    0.0000000000    0.0045854100
  -0.0099210700    0.0000000000   -0.0000802900
  -0.0126077400    0.0000000000   -0.0008297000
  -0.0114228800    0.0000000000   -0.0009031600
  -0.0113907500    0.0000000000   -0.0016537400
  -0.0116266700    0.0000000000   -0.0008753500
  -0.0113979500    0.0000000000   -0.0013300200
   0.0029803800    0.0110992800    0.0073170700
   0.0126077300    0.0001063600    0.0008033000
   0.0029803800   -0.0110992800    0.0073170700
   0.0126077300   -0.0001063600    0.0008033000
   0.0117896300   -0.0003718100    0.0008971500
   0.0118180300    0.0001531000    0.0000527800
   0.0117896300    0.0003718100    0.0008971500
   0.0118180300   -0.0001531000    0.0000527800
  -0.0077371800   -0.0047919600    0.0317308500
  -0.0079371600   -0.0008504100    0.0255067100
  -0.0077371800    0.0047919600    0.0317308500
  -0.0079371600    0.0008504100    0.0255067100
  -0.0080062300    0.0005406500    0.0263757600
  -0.0078900300   -0.0001533600    0.0253599200
  -0.0080062300   -0.0005406500    0.0263757600
  -0.0078900300    0.0001533600    0.0253599200
   0.0083454100    0.0000000000   -0.0259525200
   0.0154297000    0.0000000000   -0.0123163500
   0.0077706800    0.0000000000   -0.0258965300
   0.0091382200    0.0000000000   -0.0252994600
   0.0079121800    0.0000000000   -0.0253013900
   0.0077138100    0.0000000000   -0.0253847800
   0.0078293100    0.0000000000   -0.0250273500
   0.0077958900    0.0000000000   -0.0253871200

1    
  0.0014869060572396   0.0000000000000000  -0.0098888376656179
  -0.0217312600    0.0000000000    0.1027181900
   0.0086566200    0.0000000000    0.0151419600
   0.0142593300    0.0000000000    0.0186703400
   0.0105815500    0.0000000000    0.0184515400
   0.0106913400    0.0000000000    0.0188788400
   0.0108592600    0.0000000000    0.0172394100
   0.0107715200    0.0000000000    0.0183998600
   0.0110613400    0.0000000000    0.0184114400
  -0.0073721000   -0.0014675400   -0.0190579400
  -0.0119764300   -0.0020629800   -0.0323908300
  -0.0073721000    0.0014675400   -0.0190579400
  -0.0119764300    0.0020629800   -0.0323908300
  -0.0107584600    0.0003070200   -0.0183048200
  -0.0103893900    0.0001135400   -0.0191528600
  -0.0107584600   -0.0003070200   -0.0183048200
  -0.0103893900   -0.0001135400   -0.0191528600
  -0.0101856300    0.0000000000   -0.0068660100
   0.0092143900    0.0000000000   -0.0054446100
  -0.0129124000    0.0000000000   -0.0008928200
  -0.0102189200    0.0000000000   -0.0001093100
  -0.0114020700    0.0000000000   -0.0001007900
  -0.0114159100    0.0000000000    0.0006602900
  -0.0111994900    0.0000000000   -0.0001208000
  -0.0114242800    0.0000000000    0.0003422800
   0.0197034400   -0.0107858000   -0.0063148800
   0.0102003800   -0.0001049300    0.0001693500
   0.0197034400    0.0107858000   -0.0063148800
   0.0102003800    0.0001049300    0.0001693500
   0.0110390100    0.0003781700    0.0000674300
   0.0110032100   -0.0001586200    0.0009473000
   0.0110390100   -0.0003781700    0.0000674300
   0.0110032100    0.0001586200    0.0009473000
  -0.0080002300    0.0050304100    0.0191795400
  -0.0077852000    0.0008542600    0.0255962800
  -0.0080002300   -0.0050304100    0.0191795400
  -0.0077852000   -0.0008542600    0.0255962800
  -0.0077188800   -0.0005432100    0.0247247200
  -0.0078255600    0.0001479300    0.0257427400
  -0.0077188800    0.0005432100    0.0247247200
  -0.0078255600   -0.0001479300    0.0257427400
   0.0074129700    0.0000000000   -0.0251544500
   0.0005877700    0.0000000000   -0.0383406800
   0.0079346400    0.0000000000   -0.0252107100
   0.0065846800    0.0000000000   -0.0258187600
   0.0078180100    0.0000000000   -0.0257831000
   0.0079938000    0.0000000000   -0.0256816400
   0.0078864700    0.0000000000   -0.0260760300
   0.0079367100    0.0000000000   -0.0257265100

17   
  0.0077695293488352   0.0062955711104584  -0.0000140744715474
   0.0363110000    0.0072666900    0.0215661000
   0.0538783500   -0.0002273700    0.0092766400
   0.0123382900    0.0005828800    0.0199751700
   0.0133393300    0.0028708400    0.0180398800
   0.0110879100   -0.0000278500    0.0185933600
   0.0109656800    0.0002049400    0.0185941700
   0.0111892000    0.0000266000    0.0184511900
   0.0110426700   -0.0001962100    0.0186101600
  -0.0105950700    0.0034766700   -0.0182049400
  -0.0036824800    0.0049115200   -0.0164796100
   0.0059277700    0.0242265400   -0.0291668400
  -0.0092307800   -0.0032878900   -0.0174418700
  -0.0111247000    0.0001733800   -0.0185554800
  -0.0112674700    0.0000480400   -0.0182122700
  -0.0112125700   -0.0002128900   -0.0180882000
  -0.0114111500   -0.0000429400   -0.0184306900
  -0.1365467000   -0.0552433600    0.0039738000
  -0.0104338900    0.0009856500   -0.0007146700
  -0.0106887800   -0.0032134100   -0.0003997700
  -0.0117990700   -0.0012005500   -0.0007070200
  -0.0110813900    0.0001091500   -0.0008835900
  -0.0114765500    0.0000200600   -0.0007089100
  -0.0112680300   -0.0000233800   -0.0006668300
  -0.0114234000   -0.0000430600   -0.0006975900
   0.0221584000    0.0140549100    0.0131310900
   0.0145378500   -0.0015983800   -0.0011455400
   0.0101118900   -0.0007144600    0.0002505700
   0.0173830300    0.0019708700   -0.0015192300
   0.0113508600   -0.0000782300    0.0001020700
   0.0114709800    0.0000100700    0.0003998500
   0.0114674900    0.0000643800    0.0005363000
   0.0114582400   -0.0000096400    0.0005402100
  -0.0034487100    0.0026463100    0.0238528500
  -0.0076269000    0.0003051400    0.0258957000
  -0.0076335800    0.0004554700    0.0256894100
  -0.0067659800    0.0011160000    0.0260356900
  -0.0079022500    0.0000512000    0.0255030900
  -0.0077630000    0.0002498200    0.0257760800
  -0.0077772800    0.0000122900    0.0255147400
  -0.0079235100   -0.0002205900    0.0258779600
   0.0082661600   -0.0004696900   -0.0258782400
   0.0081055800    0.0000486100   -0.0255570300
   0.0079708000    0.0010926200   -0.0257967300
   0.0074897200   -0.0001463600   -0.0255288100
   0.0082575200    0.0005911200   -0.0250738500
   0.0080667900   -0.0001284000   -0.0254628900
   0.0079139900   -0.0006229000   -0.0254023800
   0.0079937700    0.0001357900   -0.0254631100

17   
 -0.0077695293488352  -0.0062955711104584   0.0000140744715474
  -0.0126647300   -0.0073695500    0.0160494000
  -0.0329533100    0.0003519300    0.0284507000
   0.0100866500   -0.0005663700    0.0172876900
   0.0089690600   -0.0029137100    0.0192589400
   0.0112908800    0.0000294800    0.0186393600
   0.0114111600   -0.0002031800    0.0186381100
   0.0111846900   -0.0000314800    0.0187853500
   0.0113278400    0.0001912300    0.0186300800
  -0.0116103700   -0.0037019900   -0.0191308600
  -0.0186780600   -0.0048600200   -0.0207591300
  -0.0292170300   -0.0254991900   -0.0073485700
  -0.0131577300    0.0032859600   -0.0197887700
  -0.0112501900   -0.0001740100   -0.0186855200
  -0.0111100400   -0.0000492500   -0.0190286900
  -0.0111557000    0.0002167800   -0.0191458900
  -0.0109618800    0.0000479000   -0.0188065100
   0.1144950100    0.0561050900   -0.0068377200
  -0.0123921400   -0.0009919600   -0.0002298700
  -0.0121278100    0.0032271800   -0.0006270100
  -0.0110347700    0.0012185100   -0.0002985800
  -0.0117510900   -0.0001131700   -0.0000932100
  -0.0113523500   -0.0000225800   -0.0002674000
  -0.0115571000    0.0000275900   -0.0003142000
  -0.0114003200    0.0000449100   -0.0002852600
   0.0009382300   -0.0136010900   -0.0116476800
   0.0083107200    0.0015753900    0.0021352300
   0.0126098000    0.0008482100    0.0006257400
   0.0053575200   -0.0020130900    0.0025444900
   0.0114761100    0.0000812200    0.0008792600
   0.0113568600   -0.0000058300    0.0005794200
   0.0113557200   -0.0000668900    0.0004512400
   0.0113688300    0.0000055100    0.0004446900
  -0.0121301800   -0.0025475100    0.0271674600
  -0.0080805300   -0.0003213200    0.0252117800
  -0.0081094900   -0.0004346700    0.0254259600
  -0.0090285600   -0.0011692200    0.0250536700
  -0.0078180600   -0.0000492300    0.0256018700
  -0.0079607000   -0.0002485600    0.0253285800
  -0.0079443100   -0.0000139700    0.0255880300
  -0.0077996400    0.0002188400    0.0252253100
   0.0074639800    0.0004662000   -0.0252596200
   0.0076164300   -0.0000495900   -0.0255518300
   0.0077463500   -0.0010942500   -0.0253109900
   0.0082258200    0.0001444200   -0.0255797700
   0.0074670700   -0.0005902400   -0.0260217700
   0.0076530400    0.0001292000   -0.0256433500
   0.0078075000    0.0006228400   -0.0257000000
   0.0077268000   -0.0001364900   -0.0256401600

17   
 -0.0014869060572396   0.0000000000000000   0.0098888376656179
   0.0103334600    0.0000000000    0.0250685500
  -0.0107320900    0.0000000000    0.0233611300
   0.0084087900    0.0000000000    0.0183940500
   0.0139502000    0.0000000000    0.0188863600
   0.0118369000    0.0000000000    0.0183129900
   0.0120993000    0.0000000000    0.0176043200
   0.0115327800    0.0000000000    0.0183289000
   0.0119441700    0.0000000000    0.0179035800
  -0.0173165900    0.0070345600   -0.0114433600
  -0.0098019000    0.0004247400   -0.0182773200
  -0.0173165900   -0.0070345600   -0.0114433600
  -0.0098019000   -0.0004247400   -0.0182773200
  -0.0115544300   -0.0000852700   -0.0183155700
  -0.0112567200   -0.0001238400   -0.0191302300
  -0.0115544300    0.0000852700   -0.0183155700
  -0.0112567200    0.0001238400   -0.0191302300
   0.0196163200    0.0000000000   -0.0500081300
  -0.0119007500    0.0000000000   -0.0014232400
  -0.0114134300    0.0000000000   -0.0023641600
  -0.0116130900    0.0000000000    0.0002974800
  -0.0119794400    0.0000000000   -0.0011011000
  -0.0116800800    0.0000000000   -0.0006004200
  -0.0116662100    0.0000000000   -0.0004129200
  -0.0116749000    0.0000000000   -0.0009795500
   0.0183445800    0.0085437800    0.0069040200
   0.0081886400    0.0006436100    0.0029355400
   0.0183445800   -0.0085437800    0.0069040200
   0.0081886400   -0.0006436100    0.0029355400
   0.0111996400   -0.0003277000    0.0024079400
   0.0113813700   -0.0001126700    0.0014932700
   0.0111996400    0.0003277000    0.0024079400
   0.0113813700    0.0001126700    0.0014932700
  -0.0097831800   -0.0005925400    0.0266085300
  -0.0074650300    0.0002539000    0.0256519000
  -0.0097831800    0.0005925400    0.0266085300
  -0.0074650300   -0.0002539000    0.0256519000
  -0.0076428100    0.0001577600    0.0255900200
  -0.0077522600   -0.0002490000    0.0251653200
  -0.0076428100   -0.0001577600    0.0255900200
  -0.0077522600    0.0002490000    0.0251653200
   0.0058037500    0.0000000000   -0.0212904600
   0.0084024300    0.0000000000   -0.0253938200
   0.0071070600    0.0000000000   -0.0243322900
   0.0076709900    0.0000000000   -0.0253772900
   0.0079511300    0.0000000000   -0.0266842800
   0.0072493500    0.0000000000   -0.0253083300
   0.0079844900    0.0000000000   -0.0264732300
   0.0076862300    0.0000000000   -0.0255882200

17   
  0.0014869060572396   0.0000000000000000  -0.0098888376656179
   0.0119209200    0.0000000000    0.0121775400
   0.0329528900    0.0000000000    0.0137352600
   0.0139533100    0.0000000000    0.0188653300
   0.0084623800    0.0000000000    0.0184224800
   0.0105304900    0.0000000000    0.0189152600
   0.0102669900    0.0000000000    0.0196461800
   0.0108459300    0.0000000000    0.0189154400
   0.0104318900    0.0000000000    0.0193519200
  -0.0052120600   -0.0068434800   -0.0257696100
  -0.0125784000   -0.0004308700   -0.0189664800
  -0.0052120600    0.0068434800   -0.0257696100
  -0.0125784000    0.0004308700   -0.0189664800
  -0.0108254600    0.0000875000   -0.0189221700
  -0.0111253900    0.0001297600   -0.0180929100
  -0.0108254600   -0.0000875000   -0.0189221700
  -0.0111253900   -0.0001297600   -0.0180929100
  -0.0419909300    0.0000000000    0.0489663000
  -0.0109051600    0.0000000000    0.0004530800
  -0.0114207400    0.0000000000    0.0013732900
  -0.0112424700    0.0000000000   -0.0012820300
  -0.0108432900    0.0000000000    0.0000936200
  -0.0111417400    0.0000000000   -0.0003919000
  -0.0111625800    0.0000000000   -0.0005783200
  -0.0111530900    0.0000000000   -0.0000005400
   0.0045856000   -0.0084072600   -0.0059396500
   0.0146001200   -0.0006562000   -0.0019423000
   0.0045856000    0.0084072600   -0.0059396500
   0.0146001200    0.0006562000   -0.0019423000
   0.0116321000    0.0003212500   -0.0014357200
   0.0114508400    0.0001060800   -0.0005176600
   0.0116321000   -0.0003212500   -0.0014357200
   0.0114508400   -0.0001060800   -0.0005176600
  -0.0058866700    0.0006320700    0.0244771600
  -0.0082608000   -0.0002498100    0.0254493900
  -0.0058866700   -0.0006320700    0.0244771600
  -0.0082608000    0.0002498100    0.0254493900
  -0.0080798300   -0.0001591000    0.0255242100
  -0.0079668900    0.0002427700    0.0259341600
  -0.0080798300    0.0001591000    0.0255242100
  -0.0079668900   -0.0002427700    0.0259341600
   0.0098277200    0.0000000000   -0.0296365400
   0.0073260800    0.0000000000   -0.0257137700
   0.0086026500    0.0000000000   -0.0267739500
   0.0080588400    0.0000000000   -0.0257308400
   0.0077681500    0.0000000000   -0.0244748100
   0.0084743800    0.0000000000   -0.0257901100
   0.0077338200    0.0000000000   -0.0246196700
   0.0080372100    0.0000000000   -0.0255200700

33   
  0.0077695293488352   0.0062955711104584  -0.0000140744715474
   0.0119930300    0.0030818900    0.0157243800
   0.0117630300    0.0004735700    0.0181087100
   0.0124587900    0.0045010700    0.0220721700
   0.0119581800   -0.0002045500    0.0192232100
   0.0110532700   -0.0000166700    0.0188310300
   0.0109003400    0.0000742000    0.0184546400
   0.0113934800    0.0001021700    0.0181926500
   0.0112505000   -0.0000198400    0.0186990300
  -0.0121763700    0.0002725900   -0.0184141100
  -0.0083837400   -0.0004496800   -0.0123821400
  -0.0111498600   -0.0005824500   -0.0186730300
  -0.0109409900    0.0012976900   -0.0175750000
  -0.0112775600   -0.0000806100   -0.0185906800
  -0.0113116100    0.0000225000   -0.0187456500
  -0.0111280100    0.0000303300   -0.0186348400
  -0.0112765500   -0.0001461900   -0.0186890300
  -0.0083165600    0.0039854200   -0.0018799800
  -0.0110729900    0.0001718500    0.0000358000
  -0.0099875200   -0.0010130600   -0.0014218500
  -0.0103596600    0.0013239000   -0.0001474900
  -0.0113776400   -0.0000464300   -0.0002128900
  -0.0112053200    0.0001134500   -0.0005325300
  -0.0114077600    0.0001093500   -0.0004191700
  -0.0115845900   -0.0000837200   -0.0002762000
   0.0118165800   -0.0004639500   -0.0010386100
   0.0116568000    0.0000479300    0.0009475100
   0.0115300100    0.0010866300   -0.0000835600
   0.0110431800   -0.0001485100    0.0002840700
   0.0118085000    0.0005900400    0.0006215800
   0.0116200800   -0.0001290700    0.0000408200
   0.0114664300   -0.0006223800    0.0006048900
   0.0115471300    0.0001365600    0.0003698100
  -0.0238004300   -0.0194515600    0.0202232200
  -0.0089095600    0.0003840400    0.0256934100
  -0.0073069800    0.0028862500    0.0256566200
  -0.0083783100   -0.0003128200    0.0255454100
  -0.0078136400   -0.0000198300    0.0255906800
  -0.0078582100   -0.0001486200    0.0257817800
  -0.0077944000    0.0000859400    0.0255179700
  -0.0079678000    0.0001077200    0.0254262800
   0.0077787200   -0.0000765200   -0.0254273900
   0.0080309700    0.0002676400   -0.0255099300
   0.0079446700    0.0001279700   -0.0255120300
   0.0078872800    0.0000904100   -0.0258345200
   0.0101006300    0.0017679600   -0.0234159600
   0.0080193800   -0.0002164700   -0.0257342400
   0.0084502100   -0.0002789200   -0.0252262000
   0.0093148600    0.0013727600   -0.0272686300

33   
 -0.0077695293488352  -0.0062955711104584   0.0000140744715474
   0.0103945100   -0.0031102200    0.0215465400
   0.0106055000   -0.0004859100    0.0191392700
   0.0099064300   -0.0044565700    0.0152476700
   0.0104263300    0.0002148000    0.0180266400
   0.0113211100    0.0000182300    0.0184092100
   0.0114763400   -0.0000780600    0.0187829800
   0.0109795500   -0.0001035100    0.0190483500
   0.0111239400    0.0000233400    0.0185378200
  -0.0101777600   -0.0002760000   -0.0188471600
  -0.0140192000    0.0004311200   -0.0248499600
  -0.0112351700    0.0005857000   -0.0185576000
  -0.0114434000   -0.0012839100   -0.0196558500
  -0.0110955000    0.0000796500   -0.0186363800
  -0.0110651400   -0.0000216500   -0.0184877100
  -0.0112540700   -0.0000296100   -0.0186071100
  -0.0110937600    0.0001456400   -0.0185501100
  -0.0146369000   -0.0041238200    0.0010151000
  -0.0117590300   -0.0001681200   -0.0010129600
  -0.0128219000    0.0010119200    0.0004365600
  -0.0123896300   -0.0012478100   -0.0007581500
  -0.0114501300    0.0000453400   -0.0007688900
  -0.0116209800   -0.0001147200   -0.0004517500
  -0.0114192900   -0.0001088200   -0.0005626800
  -0.0112413800    0.0000853900   -0.0007075600
   0.0110185900    0.0004720700    0.0020139600
   0.0111661500   -0.0000505100    0.0000286500
   0.0113064000   -0.0011001300    0.0010615800
   0.0117802800    0.0001424600    0.0007002100
   0.0110192000   -0.0005913400    0.0003561000
   0.0112080400    0.0001281600    0.0009422700
   0.0113600100    0.0006234800    0.0003893100
   0.0112809400   -0.0001356100    0.0006056500
   0.0081388800    0.0195254800    0.0306204200
  -0.0068134600   -0.0003845100    0.0254151200
  -0.0084187500   -0.0028867000    0.0254610400
  -0.0073419500    0.0003127000    0.0255576200
  -0.0079082900    0.0000200200    0.0255155100
  -0.0078644800    0.0001485400    0.0253216200
  -0.0079261200   -0.0000856200    0.0255874900
  -0.0077553200   -0.0001074300    0.0256793400
   0.0079397800    0.0000740600   -0.0256784600
   0.0076934800   -0.0002642200   -0.0255957000
   0.0077757300   -0.0001290900   -0.0255928400
   0.0078353700   -0.0000905400   -0.0252691300
   0.0055799600   -0.0018054400   -0.0277454500
   0.0076929000    0.0002186700   -0.0253631600
   0.0072842400    0.0002794600   -0.0258711100
   0.0064379000   -0.0013463800   -0.0238763100

33   
 -0.0014869060572396   0.0000000000000000   0.0098888376656179
   0.0112436600   -0.0045246800    0.0249655400
   0.0108021300    0.0003261800    0.0185243200
   0.0112436600    0.0045246800    0.0249655400
   0.0108021300   -0.0003261800    0.0185243200
   0.0108613500    0.0005421600    0.0194152000
   0.0108907300    0.0000288300    0.0183870100
   0.0108613500   -0.0005421600    0.0194152000
   0.0108907300   -0.0000288300    0.0183870100
  -0.0107307300    0.0000000000   -0.0190218200
  -0.0054292800    0.0000000000   -0.0056810700
  -0.0105714700    0.0000000000   -0.0188535700
  -0.0109630100    0.0000000000   -0.0185113600
  -0.0110789900    0.0000000000   -0.0183562300
  -0.0116135300    0.0000000000   -0.0185005500
  -0.0114016800    0.0000000000   -0.0181237000
  -0.0111418100    0.0000000000   -0.0184337300
  -0.0128258300   -0.0018972500    0.0006584200
  -0.0110191300   -0.0000038300   -0.0003959100
  -0.0128258300    0.0018972500    0.0006584200
  -0.0110191300    0.0000038300   -0.0003959100
  -0.0114726300    0.0000039800   -0.0005041100
  -0.0110651800   -0.0001011700   -0.0008399400
  -0.0114726300   -0.0000039800   -0.0005041100
  -0.0110651800    0.0001011700   -0.0008399400
   0.0109328800    0.0000000000    0.0049772400
   0.0113542300    0.0000000000    0.0005673200
   0.0110861100    0.0000000000    0.0017780100
   0.0115164500    0.0000000000    0.0007191600
   0.0119358100    0.0000000000   -0.0005939500
   0.0114878800    0.0000000000    0.0008401600
   0.0115891000    0.0000000000   -0.0004200700
   0.0114990100    0.0000000000    0.0004968500
  -0.0116014300    0.0000000000   -0.0146761700
  -0.0074825500    0.0000000000    0.0254821900
  -0.0078434100    0.0000000000    0.0253723600
  -0.0077695600    0.0000000000    0.0255204600
  -0.0078235600    0.0000000000    0.0254616900
  -0.0075680700    0.0000000000    0.0260462600
  -0.0079172100    0.0000000000    0.0258785400
  -0.0080018700    0.0000000000    0.0255044000
   0.0079656700    0.0000870900   -0.0255001600
   0.0076940000    0.0002391400   -0.0253143800
   0.0079656700   -0.0000870900   -0.0255001600
   0.0076940000   -0.0002391400   -0.0253143800
   0.0091644400    0.0012409500   -0.0240436000
   0.0065291300    0.0013221900   -0.0240886000
   0.0091644400   -0.0012409500   -0.0240436000
   0.0065291300   -0.0013221900   -0.0240886000

33   
  0.0014869060572396   0.0000000000000000  -0.0098888376656179
   0.0111556700    0.0043594400    0.0124404200
   0.0115720500   -0.0003225300    0.0187064100
   0.0111556700   -0.0043594400    0.0124404200
   0.0115720500    0.0003225300    0.0187064100
   0.0115059500   -0.0005496900    0.0178177600
   0.0114829400   -0.0000359100    0.0188487500
   0.0115059500    0.0005496900    0.0178177600
   0.0114829400    0.0000359100    0.0188487500
  -0.0116182900    0.0000000000   -0.0182170400
  -0.0167351900    0.0000000000   -0.0311731300
  -0.0117994500    0.0000000000   -0.0183767900
  -0.0114155300    0.0000000000   -0.0187147800
  -0.0112869500    0.0000000000   -0.0188548300
  -0.0107591100    0.0000000000   -0.0187109600
  -0.0109763700    0.0000000000   -0.0191165200
  -0.0112238600    0.0000000000   -0.0188065700
  -0.0100123600    0.0018807200   -0.0016353800
  -0.0118191000    0.0000163400   -0.0005991500
  -0.0100123600   -0.0018807200   -0.0016353800
  -0.0118191000   -0.0000163400   -0.0005991500
  -0.0113546000   -0.0000056400   -0.0004867100
  -0.0117565600    0.0000979400   -0.0001427000
  -0.0113546000    0.0000056400   -0.0004867100
  -0.0117565600   -0.0000979400   -0.0001427000
   0.0118584400    0.0000000000   -0.0038344800
   0.0114538300    0.0000000000    0.0004236200
   0.0117424300    0.0000000000   -0.0007902400
   0.0113095700    0.0000000000    0.0002758600
   0.0108838800    0.0000000000    0.0014846300
   0.0113355800    0.0000000000    0.0001509400
   0.0112335500    0.0000000000    0.0014176300
   0.0113241600    0.0000000000    0.0004860900
  -0.0043327600    0.0000000000    0.0649580600
  -0.0082377300    0.0000000000    0.0256213200
  -0.0078788200    0.0000000000    0.0257370000
  -0.0079522900    0.0000000000    0.0255835600
  -0.0079008400    0.0000000000    0.0256372700
  -0.0081542200    0.0000000000    0.0250554300
  -0.0078047500    0.0000000000    0.0252261200
  -0.0077201500    0.0000000000    0.0255975800
   0.0077551700   -0.0000856100   -0.0256020200
   0.0080354500   -0.0002384000   -0.0257771300
   0.0077551700    0.0000856100   -0.0256020200
   0.0080354500    0.0002384000   -0.0257771300
   0.0065375700   -0.0012563300   -0.0270661700
   0.0092252300   -0.0013516600   -0.0270339600
   0.0065375700    0.0012563300   -0.0270661700
   0.0092252300    0.0013516600   -0.0270339600
