# Tetrahedron method
       -2.3020408146        0.0000000000        0.0000000000        0.0000000000        0.0000000000        0.0000000000        0.0000000000
       -2.1386283753        0.0000000000        0.0000000000        0.0000000000        0.0000000000        0.0000000000        0.0000000000
       -1.9752159360        0.0000000000        0.0000000000        0.0000000000        0.0000000000        0.0000000000        0.0000000000
       -1.8118034968        0.0000000000        0.0000000000        0.0000000000        0.0000000000        0.0000000000        0.0000000000
       -1.6483910575        0.0000000000        0.0000000000        0.0000000000        0.0000000000        0.0000000000        0.0000000000
       -1.4849786182        0.0000000000        0.0000000000        0.0000000000        0.0000000000        0.0000000000        0.0000000000
       -1.3215661789        0.0000000000        0.0000000000        0.0000000000        0.0000000000        0.0000000000        0.0000000000
       -1.1581537397        0.0000000000        0.0000000000        0.0000000000        0.0000000000        0.0000000000        0.0000000000
       -0.9947413004        0.0000000000        0.0000000000        0.0000000000        0.0000000000        0.0000000000        0.0000000000
       -0.8313288611        0.0000000000        0.0000000000        0.0000000000        0.0000000000        0.0000000000        0.0000000000
       -0.6679164219        0.0000000000        0.0000000000        0.0000000000        0.0000000000        0.0000000000        0.0000000000
       -0.5045039826        0.0000000000        0.0000000000        0.0000000000        0.0000000000        0.0000000000        0.0000000000
       -0.3410915433        0.0000000000        0.0000000000        0.0000000000        0.0000000000        0.0000000000        0.0000000000
       -0.1776791041        0.0000000000        0.0000000000        0.0000000000        0.0000000000        0.0000000000        0.0000000000
       -0.0142666648        0.0000000000        0.0000000000        0.0000000000        0.0000000000        0.0000000000        0.0000000000
        0.1491457745        0.0000000000        0.0000000000        0.0000000000        0.0000000000        0.0000000000        0.0000000000
        0.3125582137        0.0000000000        0.0000000000        0.0000000000        0.0000000000        0.0000000000        0.0000000000
        0.4759706530        0.0002415047        0.0002415047        0.0002016599        0.0002016599        0.0001547841        0.0001547841
        0.6393830923        0.0010686086        0.0010686086        0.0008929968        0.0008929968        0.0006893824        0.0006893824
        0.8027955315        0.0008372633        0.0008372633        0.0007009072        0.0007009072        0.0005359330        0.0005359330
        0.9662079708        0.0012458414        0.0012458414        0.0010445721        0.0010445721        0.0007951431        0.0007951431
        1.1296204101        0.0019706969        0.0019706969        0.0016548711        0.0016548711        0.0012556532        0.0012556532
        1.2930328494        0.0025997839        0.0025997839        0.0021882770        0.0021882770        0.0016497289        0.0016497289
        1.4564452886        0.0033810729        0.0033810729        0.0028531284        0.0028531284        0.0021367004        0.0021367004
        1.6198577279        0.0042916011        0.0042916011        0.0036324218        0.0036324218        0.0027015435        0.0027015435
        1.7832701672        0.0053366167        0.0053366167        0.0045310326        0.0045310326        0.0033405802        0.0033405802
        1.9466826064        0.0064957916        0.0064957916        0.0055348748        0.0055348748        0.0040399236        0.0040399236
        2.1100950457        0.0078617374        0.0078617374        0.0067254507        0.0067254507        0.0048584126        0.0048584126
        2.2735074850        0.0094296519        0.0094296519        0.0081026545        0.0081026545        0.0057834182        0.0057834182
        2.4369199242        0.0112536977        0.0112536977        0.0097172646        0.0097172646        0.0068323264        0.0068323264
        2.6003323635        0.0136143978        0.0136143978        0.0118133412        0.0118133412        0.0081395908        0.0081395908
        2.7637448028        0.0162833498        0.0162833498        0.0142079141        0.0142079141        0.0095973919        0.0095973919
        2.9271572420        0.0187318246        0.0187318246        0.0164862596        0.0164862596        0.0111351290        0.0111351290
        3.0905696813        0.0217542742        0.0217542742        0.0193550796        0.0193550796        0.0131266975        0.0131266975
        3.2539821206        0.0260516553        0.0260516553        0.0235075955        0.0235075955        0.0160548594        0.0160548594
        3.4173945598        0.0322486394        0.0322486394        0.0298528389        0.0298528389        0.0210092007        0.0210092007
        3.5808069991        0.0320012054        0.0320012054        0.0297159227        0.0297159227        0.0223194864        0.0223194864
        3.7442194384        0.0325005514        0.0325005514        0.0302337712        0.0302337712        0.0238632146        0.0238632146
        3.9076318777        0.0330304513        0.0330304513        0.0307733082        0.0307733082        0.0254601826        0.0254601826
        4.0710443169        0.0336010482        0.0336010482        0.0313837556        0.0313837556        0.0272185512        0.0272185512
        4.2344567562        0.0345059041        0.0345059041        0.0323226647        0.0323226647        0.0293178788        0.0293178788
        4.3978691955        0.0353833253        0.0353833253        0.0332632456        0.0332632456        0.0315601856        0.0315601856
        4.5612816347        0.0363137726        0.0363137726        0.0342707162        0.0342707162        0.0340418393        0.0340418393
        4.7246940740        0.0374406377        0.0374406377        0.0354732419        0.0354732419        0.0370192474        0.0370192474
        4.8881065133        0.0385679009        0.0385679009        0.0366885537        0.0366885537        0.0403386454        0.0403386454
        5.0515189525        0.0397266248        0.0397266248        0.0379033037        0.0379033037        0.0440927462        0.0440927462
        5.2149313918        0.0411138179        0.0411138179        0.0391846200        0.0391846200        0.0485638818        0.0485638818
        5.3783438311        0.0432591245        0.0432591245        0.0406137395        0.0406137395        0.0545585441        0.0545585441
        5.5417562703        0.0434464782        0.0434464782        0.0417993894        0.0417993894        0.0584077591        0.0584077591
        5.7051687096        0.0433805642        0.0433805642        0.0429839507        0.0429839507        0.0629664156        0.0629664156
        5.8685811489        0.0438057170        0.0438057170        0.0459785876        0.0459785876        0.0755923084        0.0755923084
        6.0319935881        0.0443416587        0.0443416587        0.0485306402        0.0485306402        0.0893538638        0.0893538638
        6.1954060274        0.0453529347        0.0453529347        0.0510512149        0.0510512149        0.1078759421        0.1078759421
        6.3588184667        0.0468603415        0.0468603415        0.0535731963        0.0535731963        0.1350178563        0.1350178563
        6.5222309059        0.0478492943        0.0478492943        0.0559037589        0.0559037589        0.1727456716        0.1727456716
        6.6856433452        0.0529549264        0.0529549264        0.0598789136        0.0598789136        0.2236780847        0.2236780847
        6.8490557845        0.0543616604        0.0543616604        0.0628068515        0.0628068515        0.2591300088        0.2591300088
        7.0124682238        0.0607469008        0.0607469008        0.0715930349        0.0715930349        0.3665026826        0.3665026826
        7.1758806630        0.0803371098        0.0803371098        0.0943430746        0.0943430746        0.5743455653        0.5743455653
        7.3392931023        0.0940620952        0.0940620952        0.1239612798        0.1239612798        0.7668626835        0.7668626835
        7.5027055416        0.0628017392        0.0628017392        0.0968171133        0.0968171133        0.5250755072        0.5250755072
        7.6661179808        0.0576564163        0.0576564163        0.0771333620        0.0771333620        0.3882761743        0.3882761743
        7.8295304201        0.0703069872        0.0703069872        0.0784500401        0.0784500401        0.4128216209        0.4128216209
        7.9929428594        0.0711483711        0.0711483711        0.0730211376        0.0730211376        0.3622288555        0.3622288555
        8.1563552986        0.0652491381        0.0652491381        0.0748376462        0.0748376462        0.3395959912        0.3395959912
        8.3197677379        0.0524212184        0.0524212184        0.0798147706        0.0798147706        0.3216168555        0.3216168555
        8.4831801772        0.0518881127        0.0518881127        0.0922402062        0.0922402062        0.3062957840        0.3062957840
        8.6465926164        0.0456650472        0.0456650472        0.1063542523        0.1063542523        0.1509188474        0.1509188474
        8.8100050557        0.0450274267        0.0450274267        0.1116616018        0.1116616018        0.1798344187        0.1798344187
        8.9734174950        0.0517473595        0.0517473595        0.1379810453        0.1379810453        0.2382547841        0.2382547841
        9.1368299342        0.0748700640        0.0748700640        0.2103109623        0.2103109623        0.3403410721        0.3403410721
        9.3002423735        0.0743442823        0.0743442823        0.2024697531        0.2024697531        0.2836344749        0.2836344749
        9.4636548128        0.0770865386        0.0770865386        0.2135779469        0.2135779469        0.3210190977        0.3210190977
        9.6270672521        0.0754846474        0.0754846474        0.2161086763        0.2161086763        0.3483344748        0.3483344748
        9.7904796913        0.0753692867        0.0753692867        0.2434187886        0.2434187886        0.3658728991        0.3658728991
        9.9538921306        0.0581810979        0.0581810979        0.1989880187        0.1989880187        0.3656414191        0.3656414191
       10.1173045699        0.0605632872        0.0605632872        0.2298198869        0.2298198869        0.4141015115        0.4141015115
       10.2807170091        0.0490519527        0.0490519527        0.1669785004        0.1669785004        0.4243072570        0.4243072570
       10.4441294484        0.0514288294        0.0514288294        0.2406755816        0.2406755816        0.5509997368        0.5509997368
       10.6075418877        0.0576676142        0.0576676142        0.2998604491        0.2998604491        0.6839580966        0.6839580966
       10.7709543269        0.0686473753        0.0686473753        0.2863212366        0.2863212366        0.5782602691        0.5782602691
       10.9343667662        0.0700738837        0.0700738837        0.2361871778        0.2361871778        0.4914321197        0.4914321197
       11.0977792055        0.0858578407        0.0858578407        0.2719653983        0.2719653983        0.4496458885        0.4496458885
       11.2611916447        0.0841037753        0.0841037753        0.2700016516        0.2700016516        0.3245298923        0.3245298923
       11.4246040840        0.0882656662        0.0882656662        0.2698993256        0.2698993256        0.3336046446        0.3336046446
       11.5880165233        0.0992293571        0.0992293571        0.2896292293        0.2896292293        0.3067218132        0.3067218132
       11.7514289625        0.0943243717        0.0943243717        0.2184651583        0.2184651583        0.3076613902        0.3076613902
       11.9148414018        0.0845359735        0.0845359735        0.1305095048        0.1305095048        0.3820749152        0.3820749152
       12.0782538411        0.0898241261        0.0898241261        0.1466457935        0.1466457935        0.6913144321        0.6913144321
       12.2416662804        0.0958893043        0.0958893043        0.1574913723        0.1574913723        0.6335567209        0.6335567209
       12.4050787196        0.0656235955        0.0656235955        0.1080766290        0.1080766290        0.3862343072        0.3862343072
       12.5684911589        0.0559719385        0.0559719385        0.0932241689        0.0932241689        0.2952194055        0.2952194055
       12.7319035982        0.0444108439        0.0444108439        0.0786194587        0.0786194587        0.2171066653        0.2171066653
       12.8953160374        0.0534270131        0.0534270131        0.1029076508        0.1029076508        0.1476800541        0.1476800541
       13.0587284767        0.0277013456        0.0277013456        0.0518561940        0.0518561940        0.0883688461        0.0883688461
       13.2221409160        0.0169862075        0.0169862075        0.0442765071        0.0442765071        0.0074578204        0.0074578204
       13.3855533552        0.0252666042        0.0252666042        0.0759037791        0.0759037791        0.0095167155        0.0095167155
       13.5489657945        0.0408643390        0.0408643390        0.1164350144        0.1164350144        0.0193067335        0.0193067335
       13.7123782338        0.0479989026        0.0479989026        0.1315381438        0.1315381438        0.0212346970        0.0212346970
       13.8757906730        0.0596669247        0.0596669247        0.1530244778        0.1530244778        0.0253548013        0.0253548013
       14.0392031123        0.0809221087        0.0809221087        0.1880184588        0.1880184588        0.0337053539        0.0337053539
       14.2026155516        0.1552459543        0.1552459543        0.2937297063        0.2937297063        0.0755313327        0.0755313327
       14.3660279908        0.2373331610        0.2373331610        0.3289305387        0.3289305387        0.1268536217        0.1268536217
       14.5294404301        0.2405269549        0.2405269549        0.1774713968        0.1774713968        0.1677805435        0.1677805435
       14.6928528694        0.2173880599        0.2173880599        0.1076304888        0.1076304888        0.1914895463        0.1914895463
       14.8562653086        0.2439214857        0.2439214857        0.1120354671        0.1120354671        0.1970146305        0.1970146305
       15.0196777479        0.2813303272        0.2813303272        0.1255299765        0.1255299765        0.1999616948        0.1999616948
       15.1830901872        0.3410047864        0.3410047864        0.1450835052        0.1450835052        0.1895177155        0.1895177155
       15.3465026265        0.3447274838        0.3447274838        0.1278313550        0.1278313550        0.1654769706        0.1654769706
       15.5099150657        0.2072945422        0.2072945422        0.0875386901        0.0875386901        0.0749318039        0.0749318039
       15.6733275050        0.1203910155        0.1203910155        0.0619194884        0.0619194884        0.0320978892        0.0320978892
       15.8367399443        0.1181949844        0.1181949844        0.1057992367        0.1057992367        0.0244957160        0.0244957160
       16.0001523835        0.6152883005        0.6152883005        0.2318078590        0.2318078590        0.0517182785        0.0517182785
       16.1635648228        0.3967857272        0.3967857272        0.3543001928        0.3543001928        0.0422636284        0.0422636284
       16.3269772621        0.3085335700        0.3085335700        0.2649602014        0.2649602014        0.0273975653        0.0273975653
       16.4903897013        0.3104916441        0.3104916441        0.2531419196        0.2531419196        0.0240354457        0.0240354457
       16.6538021406        0.2753270741        0.2753270741        0.3499837199        0.3499837199        0.0222987063        0.0222987063
       16.8172145799        0.1849562451        0.1849562451        0.2881557292        0.2881557292        0.0151556887        0.0151556887
       16.9806270191        0.0723784665        0.0723784665        0.1925330161        0.1925330161        0.0057319495        0.0057319495
       17.1440394584        0.0569525654        0.0569525654        0.1703977072        0.1703977072        0.0040660227        0.0040660227
       17.3074518977        0.0462640384        0.0462640384        0.0771639389        0.0771639389        0.0028212060        0.0028212060
       17.4708643369        0.0454684757        0.0454684757        0.0776631073        0.0776631073        0.0024012156        0.0024012156
       17.6342767762        0.0473194677        0.0473194677        0.0792762335        0.0792762335        0.0021762312        0.0021762312
       17.7976892155        0.0525681208        0.0525681208        0.0827603729        0.0827603729        0.0020664609        0.0020664609
       17.9611016548        0.0692478823        0.0692478823        0.0925239254        0.0925239254        0.0021768591        0.0021768591
       18.1245140940        0.1155864057        0.1155864057        0.1018767060        0.1018767060        0.0027759787        0.0027759787
       18.2879265333        0.0910548855        0.0910548855        0.0943051692        0.0943051692        0.0026746634        0.0026746634
       18.4513389726        0.1074723845        0.1074723845        0.1082081943        0.1082081943        0.0022848118        0.0022848118
       18.6147514118        0.2776729478        0.2776729478        0.2908981443        0.2908981443        0.0033511902        0.0033511902
       18.7781638511        0.3283919690        0.3283919690        0.4071315333        0.4071315333        0.0049536480        0.0049536480
       18.9415762904        0.1452622689        0.1452622689        0.1065850069        0.1065850069        0.0016854241        0.0016854241
       19.1049887296        0.1425032082        0.1425032082        0.0999838504        0.0999838504        0.0015251693        0.0015251693
       19.2684011689        0.0841383657        0.0841383657        0.0637423955        0.0637423955        0.0009189553        0.0009189553
       19.4318136082        0.0629720252        0.0629720252        0.0535937301        0.0535937301        0.0006884445        0.0006884445
       19.5952260474        0.0943117988        0.0943117988        0.0890817760        0.0890817760        0.0010461850        0.0010461850
       19.7586384867        0.0892239687        0.0892239687        0.0946748434        0.0946748434        0.0010442011        0.0010442011
       19.9220509260        0.0933529303        0.0933529303        0.1061384419        0.1061384419        0.0011558416        0.0011558416
       20.0854633652        0.0943964762        0.0943964762        0.1192573766        0.1192573766        0.0012611001        0.0012611001
       20.2488758045        0.0968082688        0.0968082688        0.1393575336        0.1393575336        0.0014237026        0.0014237026
       20.4122882438        0.1035575131        0.1035575131        0.1788212593        0.1788212593        0.0017525320        0.0017525320
       20.5757006830        0.1242351358        0.1242351358        0.2586118369        0.2586118369        0.0024785908        0.0024785908
       20.7391131223        0.1027127513        0.1027127513        0.1700727225        0.1700727225        0.0015874884        0.0015874884
       20.9025255616        0.1192984424        0.1192984424        0.1659243424        0.1659243424        0.0014170293        0.0014170293
       21.0659380009        0.1185937061        0.1185937061        0.1850917683        0.1850917683        0.0014370559        0.0014370559
       21.2293504401        0.1389800547        0.1389800547        0.3922868139        0.3922868139        0.0023936808        0.0023936808
       21.3927628794        0.0679822475        0.0679822475        0.0390466641        0.0390466641        0.0004053277        0.0004053277
       21.5561753187        0.0694352021        0.0694352021        0.0431134058        0.0431134058        0.0003760154        0.0003760154
       21.7195877579        0.0702197458        0.0702197458        0.0427326433        0.0427326433        0.0003562016        0.0003562016
       21.8830001972        0.0711471190        0.0711471190        0.0447848170        0.0447848170        0.0003404504        0.0003404504
       22.0464126365        0.0723035875        0.0723035875        0.0483219918        0.0483219918        0.0003267577        0.0003267577
       22.2098250757        0.0744515734        0.0744515734        0.0525360455        0.0525360455        0.0003197654        0.0003197654
       22.3732375150        0.0786335021        0.0786335021        0.0581356467        0.0581356467        0.0003242050        0.0003242050
       22.5366499543        0.0815701037        0.0815701037        0.0654155803        0.0654155803        0.0003263726        0.0003263726
       22.7000623935        0.0957864436        0.0957864436        0.0820227975        0.0820227975        0.0003817298        0.0003817298
       22.8634748328        0.0615826516        0.0615826516        0.0774824377        0.0774824377        0.0002209012        0.0002209012
       23.0268872721        0.0614648061        0.0614648061        0.0655172060        0.0655172060        0.0001957077        0.0001957077
       23.1902997113        0.0806937922        0.0806937922        0.0659309576        0.0659309576        0.0002520973        0.0002520973
       23.3537121506        0.0811807701        0.0811807701        0.0619697775        0.0619697775        0.0002442036        0.0002442036
       23.5171245899        0.0794244946        0.0794244946        0.0605300058        0.0605300058        0.0002287887        0.0002287887
       23.6805370292        0.0805222055        0.0805222055        0.0598412554        0.0598412554        0.0002249318        0.0002249318
       23.8439494684        0.0782648746        0.0782648746        0.0588898217        0.0588898217        0.0002110477        0.0002110477
       24.0073619077        0.0794082699        0.0794082699        0.0590169345        0.0590169345        0.0002093755        0.0002093755
       24.1707743470        0.1767079633        0.1767079633        0.0722283621        0.0722283621        0.0005118809        0.0005118809
       24.3341867862        0.1591626807        0.1591626807        0.0739919074        0.0739919074        0.0004830254        0.0004830254
       24.4975992255        0.1484739218        0.1484739218        0.0750897062        0.0750897062        0.0004618924        0.0004618924
       24.6610116648        0.1478746974        0.1478746974        0.0777177052        0.0777177052        0.0004643330        0.0004643330
       24.8244241040        0.1456560176        0.1456560176        0.0798377857        0.0798377857        0.0004618396        0.0004618396
       24.9878365433        0.1450916661        0.1450916661        0.0820713728        0.0820713728        0.0004609954        0.0004609954
       25.1512489826        0.1433734859        0.1433734859        0.0836068971        0.0836068971        0.0004586299        0.0004586299
       25.3146614218        0.1430192240        0.1430192240        0.0851183400        0.0851183400        0.0004612241        0.0004612241
       25.4780738611        0.1420950388        0.1420950388        0.0857968984        0.0857968984        0.0004632941        0.0004632941
       25.6414863004        0.1315317955        0.1315317955        0.0729171672        0.0729171672        0.0004548567        0.0004548567
       25.8048987396        0.1213221978        0.1213221978        0.0554255433        0.0554255433        0.0004385611        0.0004385611
       25.9683111789        0.1259233209        0.1259233209        0.0498609393        0.0498609393        0.0004363614        0.0004363614
       26.1317236182        0.1490684939        0.1490684939        0.0603688046        0.0603688046        0.0004974155        0.0004974155
       26.2951360575        0.1824491525        0.1824491525        0.0755911590        0.0755911590        0.0005777169        0.0005777169
       26.4585484967        0.2196316614        0.2196316614        0.0943841114        0.0943841114        0.0006536435        0.0006536435
       26.6219609360        0.5999078234        0.5999078234        0.1927646799        0.1927646799        0.0016830689        0.0016830689
       26.7853733753        0.6076439384        0.6076439384        0.1406249887        0.1406249887        0.0018552146        0.0018552146
       26.9487858145        0.8216929078        0.8216929078        0.1489833690        0.1489833690        0.0023445480        0.0023445480
       27.1121982538        0.5301177867        0.5301177867        0.0864375759        0.0864375759        0.0015251853        0.0015251853
       27.2756106931        0.3023990412        0.3023990412        0.0352244962        0.0352244962        0.0010423036        0.0010423036
       27.4390231323        0.2476359852        0.2476359852        0.0298959524        0.0298959524        0.0009100073        0.0009100073
       27.6024355716        0.1457253831        0.1457253831        0.0184458376        0.0184458376        0.0005978367        0.0005978367
       27.7658480109        0.0000000000        0.0000000000        0.0000000000        0.0000000000        0.0000000000        0.0000000000
       27.9292604501        0.0000000000        0.0000000000        0.0000000000        0.0000000000        0.0000000000        0.0000000000
       28.0926728894        0.0000000000        0.0000000000        0.0000000000        0.0000000000        0.0000000000        0.0000000000
       28.2560853287        0.0000000000        0.0000000000        0.0000000000        0.0000000000        0.0000000000        0.0000000000
       28.4194977679        0.0000000000        0.0000000000        0.0000000000        0.0000000000        0.0000000000        0.0000000000
       28.5829102072        0.0000000000        0.0000000000        0.0000000000        0.0000000000        0.0000000000        0.0000000000
       28.7463226465        0.0000000000        0.0000000000        0.0000000000        0.0000000000        0.0000000000        0.0000000000
       28.9097350857        0.0000000000        0.0000000000        0.0000000000        0.0000000000        0.0000000000        0.0000000000
       29.0731475250        0.0000000000        0.0000000000        0.0000000000        0.0000000000        0.0000000000        0.0000000000
       29.2365599643        0.0000000000        0.0000000000        0.0000000000        0.0000000000        0.0000000000        0.0000000000
       29.3999724036        0.0000000000        0.0000000000        0.0000000000        0.0000000000        0.0000000000        0.0000000000
       29.5633848428        0.0000000000        0.0000000000        0.0000000000        0.0000000000        0.0000000000        0.0000000000
       29.7267972821        0.0000000000        0.0000000000        0.0000000000        0.0000000000        0.0000000000        0.0000000000
       29.8902097214        0.0000000000        0.0000000000        0.0000000000        0.0000000000        0.0000000000        0.0000000000
       30.0536221606        0.0000000000        0.0000000000        0.0000000000        0.0000000000        0.0000000000        0.0000000000
       30.2170345999        0.0000000000        0.0000000000        0.0000000000        0.0000000000        0.0000000000        0.0000000000
       30.3804470392        0.0000000000        0.0000000000        0.0000000000        0.0000000000        0.0000000000        0.0000000000
