56   
7    

1    
  0.0029266490999865   0.0016897016457019   0.0094116753765767
  -0.0223775000   -0.0129196500   -0.3700404700
  -0.0002906300   -0.0001677900    0.0016438500
   0.0003562000   -0.0002854400    0.0018666300
  -0.0003020500   -0.0001537800   -0.0049644900
  -0.0000691000    0.0004512000    0.0018666300
  -0.0002842000   -0.0001847000   -0.0049644900
   0.0002106400    0.0001216100   -0.0048661200
   0.0000326000    0.0000188200    0.0013417500
   0.0003745500    0.0002162500    0.0059486400
   0.0029315900    0.0016925600    0.0048362100
  -0.0027742300    0.0018770400    0.0042420700
  -0.0001188800   -0.0000060000    0.0021327600
   0.0002384500   -0.0033410800    0.0042420700
  -0.0000646400   -0.0000999500    0.0021327600
   0.0000419500    0.0000242200    0.0020760600
  -0.0000921400   -0.0000531900    0.0022124900
  -0.0000448300   -0.0000258800    0.0066149500
  -0.0034321900   -0.0019815800    0.0029056300
   0.0083781300   -0.0054851600    0.0084470600
   0.0000418200    0.0001826000    0.0072356300
  -0.0005612200    0.0099982600    0.0084470600
   0.0001790500   -0.0000550800    0.0072356300
  -0.0002311600   -0.0001334600    0.0074775200
  -0.0000362000   -0.0000209000    0.0055085800
  -0.0000370000   -0.0000213600   -0.0069289500
  -0.0002281000   -0.0001316900   -0.0049662600
   0.0001785500   -0.0000589600   -0.0052028200
  -0.0005339800    0.0099195300   -0.0039775600
   0.0000382200    0.0001841100   -0.0052028200
   0.0083235800   -0.0054222100   -0.0039775600
  -0.0035216200   -0.0020332100   -0.0094564000
  -0.0000409900   -0.0000236600   -0.0058241400
  -0.0000927900   -0.0000535700   -0.0011134400
   0.0000420100    0.0000242600   -0.0012521700
  -0.0000649500   -0.0001039500   -0.0011947100
   0.0002319900   -0.0033517600    0.0009274800
  -0.0001225000   -0.0000042700   -0.0011947100
  -0.0027867100    0.0018767900    0.0009274800
   0.0029671700    0.0017131000    0.0015241300
   0.0003990100    0.0002303700    0.0025609300
   0.0060417400    0.0034882000    0.1851014900
  -0.0004449600   -0.0002569000    0.0029773300
   0.0006159100   -0.0004805400    0.0023103600
   0.0001454800    0.0000777100    0.0083319100
  -0.0001082000    0.0007736600    0.0023103600
   0.0001400400    0.0000871300    0.0083319100
  -0.0001220200   -0.0000704500    0.0083172800
   0.0000226300    0.0000130700    0.0042255900
   0.0000226300    0.0000130600   -0.0074376100
  -0.0001233200   -0.0000712000   -0.0033575600
   0.0001421200    0.0000943400   -0.0033445300
  -0.0001044600    0.0007673600   -0.0093529100
   0.0001527600    0.0000759100   -0.0033445300
   0.0006123200   -0.0004741500   -0.0093529100
  -0.0004518200   -0.0002608600   -0.0087000800
   0.0066012600    0.0038112400    0.1637569800

9    
  0.0029266490999865   0.0016897016457019   0.0094116753765767
   0.0003884300    0.0002242600    0.0041945600
   0.0010143900    0.0005856600    0.0039947500
  -0.0008324200    0.0007506400    0.0021717800
  -0.0001199400    0.0001208200    0.0004447400
   0.0002338700   -0.0010962200    0.0021717800
   0.0000446600   -0.0001642800    0.0004447400
  -0.0000672700   -0.0000388400    0.0004550700
  -0.0000924400   -0.0000533700    0.0005488800
  -0.0130988600   -0.0075626300   -0.0418260100
   0.0003269500    0.0001887700    0.0026031400
  -0.0003248700    0.0001618500    0.0024034000
   0.0008355100   -0.0008363100    0.0003265300
  -0.0000222700   -0.0003622700    0.0024034000
  -0.0003065100    0.0011417300    0.0003265300
   0.0003886400    0.0002243800    0.0007071600
   0.0000215000    0.0000124200    0.0022185200
  -0.0003184700   -0.0001838700    0.0076223400
   0.0022440500    0.0012956000    0.0077416400
  -0.0018739700    0.0009364700    0.0065671400
   0.0002932500   -0.0002020500    0.0068319300
  -0.0001259800   -0.0020911400    0.0065671400
  -0.0000283500    0.0003549900    0.0068319300
  -0.0000364500   -0.0000210400    0.0064588500
   0.0000688800    0.0000397700    0.0055765200
  -0.0000470600   -0.0000271700   -0.0060064900
  -0.0024495500   -0.0014142500   -0.0093355500
   0.0084432300   -0.0064618000   -0.0048604700
   0.0000547900    0.0006536000   -0.0055445900
  -0.0013744700    0.0105429500   -0.0048604700
   0.0005934300   -0.0002793500   -0.0055445900
  -0.0006347100   -0.0003664500   -0.0054723000
   0.0006156400    0.0003554400   -0.0057062600
  -0.0000058800   -0.0000033900   -0.0025162600
   0.0000060900    0.0000035200   -0.0010519600
   0.0000055900   -0.0002130800   -0.0010126600
  -0.0006277100    0.0083420600   -0.0000233700
  -0.0001817300    0.0001113800   -0.0010126600
   0.0069105800   -0.0047146500   -0.0000233700
  -0.0035975100   -0.0020770200   -0.0037512500
   0.0001876800    0.0001083600   -0.0005669400
   0.0022401900    0.0012933700    0.0192024600
  -0.0001827000   -0.0001054800    0.0028300000
   0.0002656500   -0.0002581300    0.0045291600
  -0.0003369600    0.0002774900    0.0072328300
  -0.0000907200    0.0003591300    0.0045291600
   0.0000718400   -0.0004305700    0.0072328300
  -0.0001013400   -0.0000585100    0.0069353800
   0.0000400600    0.0000231300    0.0048424200
  -0.0001082900   -0.0000625200   -0.0050967400
   0.0000344400    0.0000198800   -0.0067827400
  -0.0000304700    0.0001575000   -0.0068369200
   0.0017148700    0.0014016800    0.0000737500
   0.0001211600   -0.0001051400   -0.0068369200
   0.0020713300    0.0007842800    0.0000737500
  -0.0019490100   -0.0011252600   -0.0018250000
  -0.0002707900   -0.0001563400   -0.0106006400

9    
 -0.0029266490999865  -0.0016897016457019  -0.0094116753765767
  -0.0003851900   -0.0002223900   -0.0043186200
  -0.0009686800   -0.0005592700   -0.0039900300
   0.0008127600   -0.0007425800   -0.0021869300
   0.0001214500   -0.0001205100   -0.0004499400
  -0.0002367200    0.0010751600   -0.0021869300
  -0.0000436400    0.0001654300   -0.0004499400
   0.0000666400    0.0000384700   -0.0004592100
   0.0000926200    0.0000534800   -0.0005504200
   0.0128831000    0.0074380600    0.0463484000
  -0.0003297400   -0.0001903700    0.0007230700
   0.0003273000   -0.0001634100    0.0009208700
  -0.0008328500    0.0008355800    0.0030102300
   0.0000221300    0.0003651600    0.0009208700
   0.0003072100   -0.0011390500    0.0030102300
  -0.0003890900   -0.0002246400    0.0026289400
  -0.0000213500   -0.0000123300    0.0011069500
   0.0003155300    0.0001821700    0.0048405700
  -0.0022682000   -0.0013095500    0.0046633500
   0.0018783900   -0.0009373700    0.0058743400
  -0.0002915400    0.0002034500    0.0056039300
   0.0001274100    0.0020954200    0.0058743400
   0.0000304200   -0.0003542000    0.0056039300
   0.0000347000    0.0000200300    0.0059773800
  -0.0000679800   -0.0000392500    0.0068641000
   0.0000467700    0.0000270000   -0.0064366400
   0.0025186800    0.0014541600   -0.0031541000
  -0.0083921200    0.0064046800   -0.0076336200
  -0.0000544700   -0.0006565600   -0.0068974000
   0.0013505500   -0.0104701300   -0.0076336200
  -0.0005958300    0.0002811000   -0.0068974000
   0.0006374500    0.0003680300   -0.0069713800
  -0.0006134100   -0.0003541500   -0.0067238900
   0.0000050000    0.0000028800   -0.0008061600
  -0.0000049900   -0.0000028800   -0.0022779900
  -0.0000067900    0.0002123800   -0.0023166400
   0.0006523700   -0.0084271500   -0.0033100500
   0.0001805400   -0.0001120700   -0.0023166400
  -0.0069719400    0.0047785400   -0.0033100500
   0.0035667800    0.0020592800    0.0004682700
  -0.0001861400   -0.0001074700   -0.0027671600
  -0.0022434800   -0.0012952700   -0.0086852800
   0.0001741200    0.0001005300    0.0088545100
  -0.0002615900    0.0002565900    0.0071587800
   0.0003413200   -0.0002758100    0.0044369900
   0.0000914200   -0.0003548400    0.0071587800
  -0.0000681900    0.0004335000    0.0044369900
   0.0000995900    0.0000575000    0.0047317000
  -0.0000402200   -0.0000232200    0.0068315700
   0.0001056800    0.0000610200   -0.0065768100
  -0.0000347400   -0.0000200600   -0.0048838600
   0.0000307700   -0.0001578800   -0.0048266500
  -0.0017072700   -0.0014161400   -0.0117235800
  -0.0001213400    0.0001055900   -0.0048266500
  -0.0020800500   -0.0007704700   -0.0117235800
   0.0021256200    0.0012272300   -0.0097102700
   0.0002712400    0.0001566000   -0.0010476300

17   
  0.0029266490999865   0.0016897016457019   0.0094116753765767
  -0.0000432300   -0.0000249600    0.0003939800
  -0.0054438000   -0.0031429800   -0.0024163600
   0.0102338900   -0.0065225100    0.0018501300
   0.0000403600   -0.0004751300    0.0011395600
  -0.0005317100    0.0121240600    0.0018501300
  -0.0003912900    0.0002725200    0.0011395600
   0.0003388100    0.0001956100    0.0010222100
  -0.0000364400   -0.0000210400   -0.0007033000
  -0.0003147400   -0.0001817100    0.0030428800
   0.0022391200    0.0012927600    0.0032303700
  -0.0018475300    0.0009163000    0.0019971900
   0.0002903400    0.0006103200    0.0021330800
  -0.0001302300   -0.0020581600    0.0019971900
   0.0006737200   -0.0000537200    0.0021330800
  -0.0007374700   -0.0004257800    0.0021980400
   0.0000699700    0.0000404000    0.0010126900
  -0.0155782400   -0.0089941000   -0.0214185300
   0.0001497700    0.0000864700    0.0065726800
  -0.0001468700   -0.0000230300    0.0065008500
   0.0009511300   -0.0000844400    0.0061272600
  -0.0000933800   -0.0001156800    0.0065008500
   0.0004024400    0.0008659300    0.0061272600
  -0.0002030200   -0.0001172100    0.0061179900
   0.0001074000    0.0000620100    0.0070169900
  -0.0002433600   -0.0001405000   -0.0030401000
   0.0013359100    0.0007712900   -0.0051619700
  -0.0010864800    0.0001403000   -0.0057959100
   0.0001668600    0.0004044500   -0.0062130700
  -0.0004217400   -0.0010110700   -0.0057959100
   0.0004336900   -0.0000577200   -0.0062130700
  -0.0004489300   -0.0002591900   -0.0064494000
   0.0004849500    0.0002799900   -0.0074058600
  -0.0000469000   -0.0000270800   -0.0014467100
  -0.0027542600   -0.0015901800   -0.0046606200
   0.0087497100   -0.0066391800   -0.0003765800
   0.0000544100   -0.0001601600   -0.0008411200
  -0.0013748400    0.0108970600   -0.0003765800
  -0.0001115000    0.0001272100   -0.0008411200
   0.0000707800    0.0000408700   -0.0012051300
   0.0006158200    0.0003555500   -0.0011633200
   0.0001350300    0.0000779600    0.0050199800
   0.0018977400    0.0010956600    0.0134426200
   0.0015631600    0.0013274500    0.0137933400
  -0.0001356500   -0.0000728500    0.0041985300
   0.0019311900    0.0006900100    0.0137933400
  -0.0001309100   -0.0000810500    0.0041985300
   0.0001692300    0.0000977000    0.0042197800
  -0.0001945200   -0.0001123100    0.0068415500
   0.0000236000    0.0000136200   -0.0056727600
   0.0007879300    0.0004549100   -0.0070999200
  -0.0010064500    0.0009437500   -0.0080168600
   0.0000277600   -0.0022995800   -0.0074083400
   0.0003140800   -0.0013434900   -0.0080168600
  -0.0019776100    0.0011738400   -0.0074083400
   0.0014867800    0.0008583900   -0.0049687700
  -0.0003145000   -0.0001815800   -0.0054951200

17   
 -0.0029266490999865  -0.0016897016457019  -0.0094116753765767
   0.0000427800    0.0000247000   -0.0003892600
   0.0054132100    0.0031253200    0.0025047300
  -0.0103716300    0.0066393200   -0.0018049900
  -0.0000398500    0.0004679600   -0.0011325800
   0.0005640100   -0.0123017600   -0.0018049900
   0.0003853300   -0.0002684900   -0.0011325800
  -0.0003360500   -0.0001940200   -0.0010173200
   0.0000364100    0.0000210200    0.0007223100
   0.0003234000    0.0001867100    0.0002754500
  -0.0021885400   -0.0012635500    0.0001385300
   0.0018201500   -0.0009083700    0.0013388100
  -0.0002986500   -0.0006115700    0.0012170000
   0.0001234000    0.0020304900    0.0013388100
  -0.0006789600    0.0000471500    0.0012170000
   0.0007451400    0.0004302100    0.0011456500
  -0.0000671900   -0.0000387900    0.0023170100
   0.0154185800    0.0089019200    0.0338808500
  -0.0001439600   -0.0000831200    0.0058364700
   0.0001409300    0.0000230400    0.0059097900
  -0.0009444200    0.0000927700    0.0062816100
   0.0000904100    0.0001105300    0.0059097900
  -0.0003918700   -0.0008642700    0.0062816100
   0.0001940100    0.0001120100    0.0062903600
  -0.0001044000   -0.0000602800    0.0053945700
   0.0002358800    0.0001361900   -0.0093110200
  -0.0013620300   -0.0007863700   -0.0072645900
   0.0010981900   -0.0001356200   -0.0066105800
  -0.0001638200   -0.0003988700   -0.0062002800
   0.0004316400    0.0010188700   -0.0066105800
  -0.0004273400    0.0000575600   -0.0062002800
   0.0004423700    0.0002554000   -0.0059637200
  -0.0004963200   -0.0002865500   -0.0049821700
   0.0000440300    0.0000254200   -0.0018914600
   0.0028250100    0.0016310200    0.0012508100
  -0.0086966500    0.0065766900   -0.0030385800
  -0.0000519700    0.0001666200   -0.0025035600
   0.0013472600   -0.0108198700   -0.0030385800
   0.0001183100   -0.0001283200   -0.0025035600
  -0.0000761100   -0.0000439400   -0.0021265800
  -0.0006102200   -0.0003523100   -0.0021986200
  -0.0001372000   -0.0000792100    0.0065791800
  -0.0017232500   -0.0009949200   -0.0018517100
  -0.0015570000   -0.0013290400   -0.0022295700
   0.0001372000    0.0000762400    0.0073577300
  -0.0019294900   -0.0006838800   -0.0022295700
   0.0001346300    0.0000806900    0.0073577300
  -0.0001730100   -0.0000998800    0.0073817200
   0.0001905300    0.0001100000    0.0047557100
  -0.0000233500   -0.0000134800   -0.0059469200
  -0.0007764300   -0.0004482700   -0.0044766400
   0.0009829400   -0.0009276300   -0.0035699500
  -0.0000333900    0.0023443500   -0.0041811600
  -0.0003118800    0.0013150700   -0.0035699500
   0.0020135700   -0.0012010900   -0.0041811600
  -0.0014981700   -0.0008649700   -0.0066746200
   0.0003138300    0.0001811900   -0.0060460600

41   
  0.0029266490999865   0.0016897016457019   0.0094116753765767
   0.0066033700    0.0038124600    0.1695791200
   0.0012080200    0.0006974500   -0.0035478700
  -0.0010421700    0.0004781600   -0.0031761600
   0.0001552500    0.0000044900    0.0024812000
  -0.0001069800   -0.0011416300   -0.0031761600
   0.0000815100    0.0001322100    0.0024812000
  -0.0000605700   -0.0000349700    0.0024256800
   0.0000231300    0.0000133600   -0.0016025300
   0.0022177500    0.0012804200    0.0162136000
  -0.0026357000   -0.0015217200   -0.0003254100
   0.0027208500   -0.0016742700   -0.0001614800
  -0.0003424400    0.0006047000    0.0030116300
  -0.0000895400    0.0031934600   -0.0001614800
   0.0003524700   -0.0005989200    0.0030116300
  -0.0003834200   -0.0002213700    0.0028918100
   0.0000394500    0.0000227700    0.0006689200
   0.0001359000    0.0000784600    0.0054034400
   0.0009427300    0.0005442800    0.0141343500
   0.0023629800    0.0008659000    0.0140065700
  -0.0001364900    0.0000154600    0.0045751200
   0.0019313800    0.0016134500    0.0140065700
  -0.0000548600   -0.0001259300    0.0045751200
   0.0000929600    0.0000536700    0.0046393700
  -0.0001945000   -0.0001122900    0.0072200000
   0.0000240700    0.0000139000   -0.0060566300
   0.0012098300    0.0006984900   -0.0076599400
  -0.0014239300    0.0011853000   -0.0083069400
   0.0000282600   -0.0047401300   -0.0073461100
   0.0003145300   -0.0018258100   -0.0083069400
  -0.0040909500    0.0023945400   -0.0073461100
   0.0035948400    0.0020754800   -0.0062192600
  -0.0003151100   -0.0001819300   -0.0058863700
  -0.0001066200   -0.0000615500   -0.0009159300
   0.0000520400    0.0000300500   -0.0026217300
  -0.0000482000    0.0001674100   -0.0026660800
   0.0017086900    0.0033008700    0.0039164300
   0.0001208900   -0.0001254500   -0.0026660800
   0.0037129800   -0.0001706700    0.0039164300
  -0.0035809400   -0.0020674600    0.0030246500
  -0.0002696300   -0.0001556700   -0.0064304000
  -0.0188001600   -0.0108542700   -0.2382757600
   0.0005088400    0.0002937800    0.0115913300
  -0.0006554400    0.0004655000    0.0111890900
   0.0045501300   -0.0004776700    0.0005472300
   0.0000754100   -0.0008003800    0.0111890900
   0.0018613900    0.0041793600    0.0005472300
  -0.0004475200   -0.0002583800    0.0006263200
  -0.0000236700   -0.0000136700    0.0080786900
  -0.0000278100   -0.0000160600   -0.0057935000
  -0.0000913000   -0.0000527100   -0.0066052700
   0.0000580000   -0.0002234700   -0.0065285200
  -0.0003437200   -0.0045753200    0.0001596100
  -0.0001645300    0.0001619700   -0.0065285200
  -0.0041342100    0.0019899900    0.0001596100
   0.0051221500    0.0029572800    0.0028736300
  -0.0022393600   -0.0012929000    0.0191664700

41   
 -0.0029266490999865  -0.0016897016457019  -0.0094116753765767
  -0.0060399900   -0.0034871900   -0.1792888800
  -0.0012059800   -0.0006962700    0.0035492300
   0.0010402800   -0.0004784300    0.0031820400
  -0.0001429300   -0.0000041700   -0.0025316300
   0.0001058100    0.0011401200    0.0031820400
  -0.0000750800   -0.0001217000   -0.0025316300
   0.0000591600    0.0000341600   -0.0024820100
  -0.0000223200   -0.0000128800    0.0016113900
  -0.0022654400   -0.0013079500   -0.0116699400
   0.0026493700    0.0015296100    0.0036549300
  -0.0027347500    0.0016858900    0.0034880900
   0.0003355900   -0.0006036500    0.0003307300
   0.0000926500   -0.0032113100    0.0034880900
  -0.0003549800    0.0005924600    0.0003307300
   0.0003849000    0.0002222200    0.0004516600
  -0.0000407400   -0.0000235200    0.0026568300
  -0.0001358900   -0.0000784600    0.0070357700
  -0.0010609100   -0.0006125200   -0.0017206000
  -0.0023739100   -0.0008577200   -0.0015925200
   0.0001363300   -0.0000103300    0.0078678900
  -0.0019297700   -0.0016270100   -0.0015925200
   0.0000592200    0.0001232300    0.0078678900
  -0.0000975200   -0.0000563000    0.0078077500
   0.0001909400    0.0001102400    0.0052153100
  -0.0000234100   -0.0000135200   -0.0063930000
  -0.0012023500   -0.0006941800   -0.0047758700
   0.0014130500   -0.0011746100   -0.0041437800
  -0.0000325800    0.0047858700   -0.0050704800
  -0.0003107200    0.0018110500   -0.0041437800
   0.0041284000   -0.0024211500   -0.0050704800
  -0.0036190100   -0.0020894300   -0.0062301500
   0.0003124400    0.0001803900   -0.0065436800
   0.0001074700    0.0000620500   -0.0023948600
  -0.0000514400   -0.0000297000   -0.0007089300
   0.0000474600   -0.0001681200   -0.0006635400
  -0.0017136400   -0.0033360700   -0.0071932200
  -0.0001218600    0.0001251600   -0.0006635400
  -0.0037459400    0.0001839800   -0.0071932200
   0.0038011300    0.0021945800   -0.0062278200
   0.0002727600    0.0001574800    0.0031239900
   0.0181390700    0.0104725900    0.2584136400
  -0.0005196000   -0.0002999900    0.0000685900
   0.0006668600   -0.0004729500    0.0004603400
  -0.0045519000    0.0004808200    0.0111306300
  -0.0000761600    0.0008139900    0.0004603400
  -0.0018595500   -0.0041824700    0.0111306300
   0.0004450600    0.0002569500    0.0110506300
   0.0000240000    0.0000138500    0.0035790800
   0.0000286500    0.0000165400   -0.0058857400
   0.0000929700    0.0000536800   -0.0050237000
  -0.0000605800    0.0002217400   -0.0051018300
   0.0003367300    0.0045430600   -0.0118322200
   0.0001617400   -0.0001633300   -0.0051018300
   0.0041027700   -0.0019799100   -0.0118322200
  -0.0050733000   -0.0029290700   -0.0145060200
   0.0023074900    0.0013322300   -0.0310285900
