112  
14   

1    
  0.0100000000000000  -0.0000000000025975   0.0000000000000000
  -0.2866634200   -0.1391241400    0.0000393500
   0.0068562300    0.0001575600    0.0000411900
   0.0024294600   -0.0015129500    0.0000414700
   0.0049668500    0.0017521600    0.0000413500
  -0.0098115000   -0.0056756700    0.0000410200
   0.0078244500    0.0001694000    0.0000411800
   0.0024165000   -0.0015154600    0.0000408200
   0.0048736300    0.0016008000    0.0000409400
   0.0005701300    0.0049049600    0.0000412300
   0.0014431900    0.0002513200    0.0000409200
   0.0001449900    0.0027079900    0.0000411800
  -0.0038686600    0.0055797800    0.0000410900
   0.0007623700    0.0049380100    0.0000410200
   0.0009510300    0.0018584700    0.0000412200
   0.0001232900    0.0027334300    0.0000409700
  -0.0044133300    0.0062005700    0.0000410300
  -0.0046505200   -0.0018851600    0.0000412600
  -0.0012747000   -0.0018900800    0.0000411000
  -0.0006287200   -0.0074524100    0.0000413600
  -0.0002451200    0.0007187200    0.0000407400
  -0.0056677500   -0.0012090900    0.0000408900
  -0.0012873100   -0.0019199900    0.0000409900
  -0.0008738900   -0.0082586100    0.0000406100
  -0.0005572900   -0.0009899300    0.0000413100
   0.0047431200    0.0001145900    0.0005817400
   0.0309441600    0.0046497800    0.0005809800
   0.0003804200    0.0013198700    0.0005817200
  -0.0008380800   -0.0000417700    0.0005817300
   0.0083333000    0.0000752100    0.0005812800
   0.0000758200   -0.0017204300    0.0005819300
   0.0004235300    0.0013919400    0.0005811500
  -0.0009166900    0.0000456700    0.0005811300
   0.0038061300    0.0015674200   -0.0000687600
   0.0041378900    0.0133618100   -0.0064776800
   0.0023971900    0.0061959200   -0.0002883200
   0.0024842400    0.0013379400   -0.0000940300
   0.0038059400    0.0015667000    0.0001508600
   0.0041382000    0.0133624900    0.0065598600
   0.0023965900    0.0061943200    0.0003704300
   0.0024839300    0.0013369400    0.0001761900
   0.0180352900   -0.0054561300    0.0180799700
   0.0065876000   -0.0037799000   -0.0015836800
   0.0011163000   -0.0031275400   -0.0000260600
   0.0010775100   -0.0021462100    0.0000664800
   0.0180346500   -0.0054549100   -0.0179981300
   0.0065891800   -0.0037810800    0.0016658200
   0.0011156500   -0.0031268500    0.0001081200
   0.0010771100   -0.0021458100    0.0000155100
  -0.0004367300    0.0020615300   -0.0000938100
  -0.0053953800   -0.0062605500   -0.0032043100
  -0.0012736000    0.0022082000   -0.0000939900
  -0.0059098800   -0.0012423000    0.0000665800
  -0.0004375500    0.0020613900    0.0001757500
  -0.0053963100   -0.0062604700    0.0032860300
  -0.0012737500    0.0022081000    0.0001758900
  -0.0059095600   -0.0012421500    0.0000152600
  -0.0026752100    0.0110128500    0.0073412700
   0.0026771300   -0.0004290800    0.0005449000
   0.0005589100   -0.0019453200    0.0005573800
   0.0010963600    0.0039236800    0.0006974700
  -0.0026759800    0.0110098700   -0.0061765100
   0.0026772700   -0.0004298200    0.0006185400
   0.0005586500   -0.0019454100    0.0006061100
   0.0010963600    0.0039239400    0.0004659900
  -0.0010877700   -0.0040057400   -0.0002345500
   0.1094103400    0.0525997800   -0.0002353100
   0.0028743300   -0.0077624000   -0.0002340600
   0.0040840800   -0.0033087000   -0.0002343300
  -0.0020888600   -0.0030035600   -0.0002353300
   0.0074183300    0.0020085800   -0.0002346000
   0.0027158900   -0.0078572600   -0.0002356600
   0.0041843600   -0.0034029600   -0.0002353900
  -0.0179324600    0.0039112500   -0.0002341700
  -0.0158685800   -0.0066744900   -0.0002346800
  -0.0060960500   -0.0010062800   -0.0002344600
  -0.0054223700   -0.0019343800   -0.0002346600
  -0.0110650800    0.0062675900   -0.0002354100
  -0.0080983200   -0.0015394500   -0.0002345000
  -0.0061676700   -0.0013912600   -0.0002352500
  -0.0054959100   -0.0020026500   -0.0002351000
  -0.0010118200    0.0035853500   -0.0002350200
  -0.0013139200    0.0196641600   -0.0002350000
  -0.0000800500    0.0040460500   -0.0002348100
   0.0061229100    0.0055562800   -0.0002346400
  -0.0013119300    0.0022867300   -0.0002347300
   0.0014920100    0.0073434400   -0.0002345800
  -0.0000221500    0.0040974700   -0.0002349900
   0.0065690900    0.0054199000   -0.0002351100
   0.0637574300    0.0164093900    0.0406287100
  -0.0072206400   -0.0043807100   -0.0003388300
  -0.0013414900   -0.0038954100   -0.0002484100
  -0.0031571600   -0.0084185400   -0.0002066600
   0.0637581200    0.0164095000   -0.0411002300
  -0.0072204000   -0.0043809700   -0.0001308800
  -0.0013420300   -0.0038962200   -0.0002213600
  -0.0031573800   -0.0084188900   -0.0002629400
   0.0024306800   -0.0038549300    0.0005383700
   0.0030755600    0.0024369100    0.0003372900
   0.0044914300    0.0017125200   -0.0002653700
   0.0078820300   -0.0071785400   -0.0016203400
   0.0024312100   -0.0038558000   -0.0010081300
   0.0030756000    0.0024371000   -0.0008070900
   0.0044922600    0.0017124000   -0.0002043500
   0.0078822500   -0.0071783600    0.0011505200
   0.0082163800    0.0045564300    0.0001282100
  -0.0067115000    0.0038122400   -0.0002671700
  -0.0029002400    0.0096639400   -0.0000413100
  -0.0059917800    0.0014212800    0.0002996800
   0.0082157300    0.0045567900   -0.0005981300
  -0.0067113800    0.0038123600   -0.0002025000
  -0.0029006500    0.0096648400   -0.0004283800
  -0.0059920800    0.0014211400   -0.0007694300

1    
 -0.0100000000000000   0.0000000000025975   0.0000000000000000
   0.2984570200    0.1419990700    0.0000428900
  -0.0001270600   -0.0011567900    0.0000411200
   0.0043091600    0.0005133500    0.0000414600
   0.0017613300   -0.0027602100    0.0000413600
   0.0165556700    0.0046621500    0.0000411400
  -0.0010987700   -0.0011688200    0.0000410600
   0.0043226500    0.0005159200    0.0000408000
   0.0018560600   -0.0026083400    0.0000408900
  -0.0030887600    0.0014356000    0.0000411700
  -0.0039469500    0.0060984500    0.0000409500
  -0.0026447400    0.0036208800    0.0000411500
   0.0013684400    0.0007552300    0.0000410500
  -0.0032973700    0.0014096900    0.0000408800
  -0.0034463700    0.0044768800    0.0000411500
  -0.0026227600    0.0035950100    0.0000408900
   0.0019188800    0.0001260300    0.0000411000
   0.0004271000   -0.0034595600    0.0000413200
  -0.0029614900   -0.0034398400    0.0000410700
  -0.0036071300    0.0021152400    0.0000413700
  -0.0039918100   -0.0060765300    0.0000408000
   0.0014434900   -0.0041297400    0.0000406600
  -0.0029484200   -0.0034082400    0.0000409300
  -0.0033560500    0.0029047700    0.0000407500
  -0.0036691300   -0.0043501400    0.0000412100
  -0.0047420400   -0.0001093000    0.0005815600
  -0.0315051400   -0.0046867600    0.0005810400
  -0.0003784800   -0.0013292400    0.0005817100
   0.0008374800    0.0000437400    0.0005816500
  -0.0083121000   -0.0000622600    0.0005811400
  -0.0000519900    0.0017211100    0.0005817500
  -0.0004215700   -0.0014015500    0.0005811100
   0.0009169600   -0.0000437300    0.0005811400
   0.0004266200    0.0037612600    0.0001501500
   0.0001104400   -0.0081135100    0.0065911400
   0.0018308600   -0.0008805800    0.0003736600
   0.0017501000    0.0039990200    0.0001776400
   0.0004264900    0.0037605100   -0.0000681400
   0.0001107100   -0.0081128400   -0.0065092000
   0.0018306200   -0.0008814900   -0.0002915400
   0.0017498200    0.0039980900   -0.0000955800
  -0.0153116100   -0.0009080100   -0.0177599800
  -0.0041141700   -0.0025542700    0.0016850100
   0.0013896800   -0.0032122400    0.0001078600
   0.0014201700   -0.0041863000    0.0000151600
  -0.0153127500   -0.0009070500    0.0178420800
  -0.0041138000   -0.0025553900   -0.0016032400
   0.0013890200   -0.0032116400   -0.0000259000
   0.0014198500   -0.0041859600    0.0000668000
  -0.0063040900   -0.0010582200    0.0001760600
  -0.0013136200    0.0072974000    0.0033071500
  -0.0054617200   -0.0012137400    0.0001776000
  -0.0008250200    0.0022413400    0.0000138600
  -0.0063047900   -0.0010583600   -0.0000942900
  -0.0013145300    0.0072972100   -0.0032251800
  -0.0054618200   -0.0012138400   -0.0000958200
  -0.0008250300    0.0022414400    0.0000680200
   0.0025654400   -0.0110177600   -0.0061563800
  -0.0026812000    0.0004343900    0.0006186900
  -0.0005566300    0.0019393600    0.0006049600
  -0.0010964700   -0.0039272500    0.0004656000
   0.0025648600   -0.0110151900    0.0073184900
  -0.0026811100    0.0004337300    0.0005446900
  -0.0005569800    0.0019392600    0.0005584300
  -0.0010965700   -0.0039271300    0.0006977700
   0.0081357200   -0.0053363300   -0.0002344400
  -0.1076572700   -0.0666925000   -0.0002351100
   0.0041686800   -0.0015695600   -0.0002344100
   0.0029589400   -0.0060395000   -0.0002344300
   0.0091358900   -0.0063364400   -0.0002352000
  -0.0004380500   -0.0113553200   -0.0002345200
   0.0043290900   -0.0014734900   -0.0002354100
   0.0028586900   -0.0059455900   -0.0002354000
   0.0062927300   -0.0053235100   -0.0002343600
   0.0042759400    0.0052830700   -0.0002364700
  -0.0055222000   -0.0004078800   -0.0002344700
  -0.0061887400    0.0005061800   -0.0002347300
  -0.0005307000   -0.0077103500   -0.0002356000
  -0.0035259300    0.0001248800   -0.0002339100
  -0.0054507500   -0.0000242000   -0.0002353700
  -0.0061169100    0.0005751800   -0.0002350600
   0.0055940500    0.0071742300   -0.0002350700
   0.0058855900   -0.0090079400   -0.0002354500
   0.0046529500    0.0067360000   -0.0002348000
  -0.0015481400    0.0052132100   -0.0002348000
   0.0058975900    0.0084674900   -0.0002347400
   0.0030583300    0.0034151600   -0.0002345300
   0.0045946500    0.0066844500   -0.0002349700
  -0.0019968400    0.0053529000   -0.0002350100
  -0.0680667600   -0.0265841500   -0.0394613900
   0.0026600800   -0.0064006900   -0.0001291200
  -0.0032362700   -0.0068718500   -0.0002215100
  -0.0014081700   -0.0023493400   -0.0002621300
  -0.0680678200   -0.0265846800    0.0389933600
   0.0026606600   -0.0064012000   -0.0003406800
  -0.0032368300   -0.0068726800   -0.0002482200
  -0.0014084100   -0.0023497100   -0.0002077900
   0.0092390500    0.0052814900   -0.0010225300
   0.0085426000   -0.0010172500   -0.0008140700
   0.0071215100   -0.0002807100   -0.0002046600
   0.0037374500    0.0085899800    0.0011580700
   0.0092388800    0.0052810400    0.0005527500
   0.0085426500   -0.0010171200    0.0003443500
   0.0071223400   -0.0002809100   -0.0002651400
   0.0037377000    0.0085900300   -0.0016277800
  -0.0153038800    0.0048181600   -0.0005878600
  -0.0003250000    0.0055318900   -0.0002031600
  -0.0041414900   -0.0003113300   -0.0004235500
  -0.0010549400    0.0079373200   -0.0007787900
  -0.0153034000    0.0048184600    0.0001182300
  -0.0003249000    0.0055320200   -0.0002667200
  -0.0041419600   -0.0003105000   -0.0000463000
  -0.0010552300    0.0079372700    0.0003090100

1    
 -0.0049999999977505   0.0086602540391432   0.0000000000000000
   0.0280311600   -0.0806641500    0.0000388100
   0.0021900700   -0.0010760100    0.0000411800
   0.0029611900    0.0003263200    0.0000416000
   0.0045190300    0.0007389600    0.0000414000
   0.0054741800   -0.0065729600    0.0000411400
   0.0017151900   -0.0010864800    0.0000411100
   0.0029657700    0.0003439200    0.0000407600
   0.0044353500    0.0006127000    0.0000409000
   0.0011043700    0.0015944500    0.0000412500
  -0.0037512100    0.0038868900    0.0000409200
  -0.0017915000    0.0038280400    0.0000412200
  -0.0011635200    0.0049379400    0.0000411000
   0.0021064600    0.0010010800    0.0000410100
  -0.0042697200    0.0032249700    0.0000411800
  -0.0017863600    0.0038155500    0.0000409100
  -0.0014400200    0.0044930200    0.0000410700
  -0.0019297800    0.0000192900    0.0000413600
  -0.0024201800   -0.0021427800    0.0000411100
  -0.0036947300   -0.0008513500    0.0000414500
  -0.0014922700   -0.0043949000    0.0000407800
  -0.0019126600    0.0001553400    0.0000408300
  -0.0024117100   -0.0021335000    0.0000409700
  -0.0031709900   -0.0008464200    0.0000406500
  -0.0006637100   -0.0035446800    0.0000413000
  -0.0021611300   -0.0010729100    0.0005816700
  -0.0132182700   -0.0078765200    0.0005809700
   0.0003207000    0.0014652000    0.0005818000
  -0.0004135500    0.0014042900    0.0005817400
  -0.0041265200   -0.0008610800    0.0005811200
   0.0005226700   -0.0042346700    0.0005819000
   0.0003298400    0.0014623900    0.0005810900
  -0.0003562700    0.0013664700    0.0005811200
   0.0013145800    0.0030935200    0.0000803500
   0.0104937700    0.0051627200   -0.0062276800
   0.0033788700    0.0044140500   -0.0002700100
   0.0014912600    0.0039498700    0.0000622000
   0.0013143700    0.0030926700    0.0000017200
   0.0104941200    0.0051631600    0.0063097100
   0.0033781900    0.0044122600    0.0003521700
   0.0014909500    0.0039488400    0.0000199300
  -0.0091175600   -0.0068342700   -0.0090866000
  -0.0002936600   -0.0037325100    0.0007485100
   0.0003633600   -0.0017283300    0.0000197200
   0.0015076000   -0.0025935200    0.0000140300
  -0.0091185600   -0.0068329700    0.0091686100
  -0.0002928500   -0.0037338300   -0.0006666000
   0.0003626900   -0.0017276800    0.0000623300
   0.0015072400   -0.0025931200    0.0000679700
  -0.0034840300   -0.0003394200    0.0000550800
  -0.0082507400    0.0042464600    0.0047119000
  -0.0029309500    0.0010298700    0.0001505100
  -0.0036034100    0.0016710300   -0.0000705100
  -0.0034848700   -0.0003395400    0.0000268000
  -0.0082519400    0.0042463400   -0.0046300800
  -0.0029311300    0.0010297700   -0.0000686400
  -0.0036033300    0.0016711600    0.0001524100
   0.0103074700    0.0055114700    0.0064299700
  -0.0013197000    0.0000281700    0.0005552400
  -0.0010379100    0.0014106400    0.0005534300
   0.0015080300    0.0015324200    0.0007119500
   0.0103050100    0.0055093800   -0.0052654900
  -0.0013196200    0.0000273900    0.0006082000
  -0.0010382600    0.0014105300    0.0006100400
   0.0015079900    0.0015326100    0.0004515200
   0.0054017300   -0.0047632800   -0.0002343600
  -0.0017525900    0.0243698800   -0.0002355500
   0.0025926900   -0.0063301700   -0.0002339200
   0.0043267400   -0.0060507300   -0.0002342300
   0.0058434600   -0.0053514700   -0.0002353300
   0.0020417000    0.0043046400   -0.0002344600
   0.0024284100   -0.0064083100   -0.0002358100
   0.0043110200   -0.0060372300   -0.0002354800
   0.0013379300   -0.0006682700   -0.0002341700
  -0.0025824500    0.0029531700   -0.0002361600
  -0.0056094000   -0.0035569000   -0.0002343600
  -0.0059568400   -0.0016401200   -0.0002346400
  -0.0025464400   -0.0042068600   -0.0002356800
  -0.0059054300    0.0014270100   -0.0002339100
  -0.0056265800   -0.0036949800   -0.0002353500
  -0.0059311800   -0.0015738700   -0.0002350900
   0.0018378600    0.0080228100   -0.0002350900
   0.0121427300    0.0027605300   -0.0002353700
   0.0023506100    0.0041625500   -0.0002347900
   0.0030326900    0.0030918900   -0.0002347100
   0.0017856500    0.0088278800   -0.0002346100
   0.0067682700    0.0111649600   -0.0002342600
   0.0023194100    0.0040943000   -0.0002350000
   0.0027353700    0.0035063000   -0.0002350700
  -0.0145172600    0.0210725400    0.0000583400
  -0.0009225700   -0.0049481000   -0.0002161200
  -0.0011852300   -0.0071197000   -0.0002387400
  -0.0031559300   -0.0067521300   -0.0002045900
  -0.0145176100    0.0210722100   -0.0005278900
  -0.0009219300   -0.0049486700   -0.0002536200
  -0.0011858700   -0.0071206400   -0.0002309400
  -0.0031561800   -0.0067525100   -0.0002650800
  -0.0006442200    0.0008507200    0.0009337900
   0.0080911000   -0.0004822800   -0.0002025400
   0.0065988600   -0.0000153200   -0.0002172700
   0.0048816000   -0.0037405300   -0.0003622400
  -0.0006439200    0.0008495800   -0.0014037000
   0.0080911800   -0.0004822000   -0.0002671400
   0.0065998400   -0.0000155500   -0.0002524500
   0.0048818300   -0.0037403000   -0.0001075300
  -0.0042121100    0.0000711700   -0.0007022700
  -0.0026907700    0.0041331500   -0.0002403000
  -0.0021437100    0.0025079400    0.0000389000
  -0.0053468400    0.0047428900   -0.0008433700
  -0.0042123900    0.0000714700    0.0002325500
  -0.0026907600    0.0041332600   -0.0002294700
  -0.0021442500    0.0025089300   -0.0005086900
  -0.0053471200    0.0047428400    0.0003736600

1    
  0.0049999999977505  -0.0086602540391432   0.0000000000000000
  -0.0211176700    0.0794274800    0.0000399300
   0.0045431700    0.0000740800    0.0000411600
   0.0037763000   -0.0013248300    0.0000414200
   0.0022137000   -0.0017409200    0.0000414100
   0.0012428100    0.0055637100    0.0000410100
   0.0050176200    0.0000843200    0.0000411700
   0.0037720400   -0.0013424700    0.0000408100
   0.0022989200   -0.0016142600    0.0000408800
  -0.0036079900    0.0047378800    0.0000412400
   0.0012437300    0.0024442100    0.0000409600
  -0.0007089600    0.0025052900    0.0000411600
  -0.0013447300    0.0013936400    0.0000410700
  -0.0046095500    0.0053357500    0.0000408700
   0.0017473300    0.0031057200    0.0000412300
  -0.0007135800    0.0025170900    0.0000409700
  -0.0010640700    0.0018434700    0.0000410900
  -0.0022955000   -0.0053519400    0.0000413200
  -0.0018158700   -0.0031892200    0.0000410900
  -0.0005345800   -0.0044769800    0.0000413800
  -0.0027404600   -0.0009387000    0.0000407200
  -0.0023082300   -0.0054890800    0.0000406800
  -0.0018235100   -0.0031967500    0.0000409800
  -0.0010640900   -0.0044815500    0.0000406900
  -0.0035690200   -0.0017876200    0.0000413400
   0.0021575600    0.0010745300    0.0005816900
   0.0131293000    0.0078595700    0.0005809900
  -0.0003180200   -0.0014649900    0.0005817600
   0.0004126200   -0.0014026100    0.0005817200
   0.0041267900    0.0008621900    0.0005812700
  -0.0005171600    0.0042227000    0.0005819000
  -0.0003269600   -0.0014626200    0.0005811100
   0.0003549700   -0.0013637700    0.0005811200
   0.0029185700    0.0022402300    0.0000020000
  -0.0063011400    0.0001544500    0.0063534400
   0.0008561500    0.0009165700    0.0003525600
   0.0027419800    0.0013858300    0.0000194300
   0.0029183800    0.0022395500    0.0000801000
  -0.0063008900    0.0001554100   -0.0062712800
   0.0008557800    0.0009154800   -0.0002704200
   0.0027416400    0.0013847800    0.0000627200
   0.0117049500    0.0005377500    0.0092210300
   0.0027948200   -0.0026029600   -0.0006661400
   0.0021389900   -0.0046055700    0.0000622500
   0.0009908200   -0.0037391900    0.0000682500
   0.0117040700    0.0005387600   -0.0091390200
   0.0027961400   -0.0026042700    0.0007482200
   0.0021383100   -0.0046048500    0.0000197700
   0.0009904200   -0.0037387500    0.0000137700
  -0.0032521800    0.0013384100    0.0000268300
   0.0014499700   -0.0031798300   -0.0045458300
  -0.0038004000   -0.0000276700   -0.0000686200
  -0.0031288400   -0.0006717200    0.0001540600
  -0.0032530500    0.0013382800    0.0000550600
   0.0014492200   -0.0031797800    0.0046277600
  -0.0038006600   -0.0000278300    0.0001505000
  -0.0031286000   -0.0006715800   -0.0000721800
  -0.0102528500   -0.0054728800   -0.0052170600
   0.0013146900   -0.0000298900    0.0006070600
   0.0010388000   -0.0014103100    0.0006100700
  -0.0015089200   -0.0015273100    0.0004513100
  -0.0102519200   -0.0054712700    0.0063795200
   0.0013148400   -0.0000306500    0.0005563700
   0.0010384800   -0.0014103800    0.0005534100
  -0.0015090000   -0.0015271700    0.0007121100
   0.0016440400   -0.0045839400   -0.0002344900
   0.0090342800   -0.0333172800   -0.0002349600
   0.0044479700   -0.0030123800   -0.0002342100
   0.0027174900   -0.0032954700   -0.0002342700
   0.0012034500   -0.0039962400   -0.0002352900
   0.0049746700   -0.0136418400   -0.0002344900
   0.0046135400   -0.0029344000   -0.0002355500
   0.0027348700   -0.0033107700   -0.0002355000
  -0.0129578400   -0.0007773500   -0.0002340900
  -0.0090480300   -0.0043888300   -0.0002352700
  -0.0060073700    0.0021284900   -0.0002344000
  -0.0056547600    0.0002144800   -0.0002346400
  -0.0090581700    0.0027752800   -0.0002355300
  -0.0057087100   -0.0028500400   -0.0002341500
  -0.0059916600    0.0022658200   -0.0002353800
  -0.0056825800    0.0001474700   -0.0002351200
   0.0027382000    0.0027501400   -0.0002351100
  -0.0074706900    0.0080046100   -0.0002351900
   0.0022198700    0.0066090700   -0.0002348100
   0.0015396800    0.0076852400   -0.0002346200
   0.0027882200    0.0019456600   -0.0002346900
  -0.0021798400   -0.0003412600   -0.0002346800
   0.0022511600    0.0066786300   -0.0002349000
   0.0018415700    0.0072667300   -0.0002350900
   0.0097304000   -0.0320294100   -0.0010206100
  -0.0036496300   -0.0058190700   -0.0002542400
  -0.0033891400   -0.0036535100   -0.0002307800
  -0.0014129700   -0.0040220800   -0.0002645500
   0.0097301800   -0.0320294800    0.0005507400
  -0.0036491300   -0.0058194500   -0.0002154700
  -0.0033898000   -0.0036543600   -0.0002389800
  -0.0014132300   -0.0040224900   -0.0002052300
   0.0122777200    0.0005802900   -0.0013989000
   0.0035346900    0.0019063400   -0.0002630900
   0.0050141200    0.0014408100   -0.0002529000
   0.0067469000    0.0051482900   -0.0001124800
   0.0122777900    0.0005797700    0.0009293500
   0.0035347200    0.0019064400   -0.0002066800
   0.0050149900    0.0014406400   -0.0002168300
   0.0067471700    0.0051484000   -0.0003572200
  -0.0028797900    0.0092668400    0.0002290000
  -0.0043480500    0.0052126300   -0.0002304300
  -0.0049028800    0.0068377400   -0.0005133900
  -0.0016987400    0.0046032000    0.0003729300
  -0.0028797300    0.0092671800   -0.0006987600
  -0.0043479600    0.0052127100   -0.0002392800
  -0.0049033400    0.0068387000    0.0000437000
  -0.0016990700    0.0046030600   -0.0008426900

1    
  0.0000000000000000   0.0000000000000000   0.0100000000000000
  -0.0012062800   -0.0033228500   -0.3168873600
   0.0033744500   -0.0004992800    0.0001848700
   0.0033656400   -0.0005011900    0.0000424100
   0.0033703600   -0.0004958600   -0.0005769000
   0.0033580000   -0.0005101800    0.0479776800
   0.0033752900   -0.0004997700   -0.0002145200
   0.0033659000   -0.0005011300    0.0000409100
   0.0033711000   -0.0004957800    0.0005721400
  -0.0012423400    0.0031687000   -0.0012016400
  -0.0012475800    0.0031569400   -0.0004236500
  -0.0012486100    0.0031663000    0.0000474000
  -0.0012532600    0.0031742400   -0.0013220700
  -0.0012470600    0.0031697900    0.0015252200
  -0.0012494900    0.0031645700    0.0008500600
  -0.0012483600    0.0031659700    0.0000371200
  -0.0012544700    0.0031712000    0.0015248000
  -0.0021215000   -0.0026615300   -0.0012016200
  -0.0021153000   -0.0026647200    0.0000473300
  -0.0021169500   -0.0026754400   -0.0013214500
  -0.0021129600   -0.0026553100   -0.0004239600
  -0.0021222100   -0.0026628000    0.0015251100
  -0.0021149800   -0.0026637900    0.0000371300
  -0.0021129200   -0.0026776700    0.0015241200
  -0.0021133900   -0.0026629200    0.0008502800
   0.0000152400   -0.0000011100   -0.0005113200
   0.0001109200    0.0000211900   -0.0046101900
   0.0000010600    0.0000041300    0.0004976300
  -0.0000016100    0.0000014600    0.0005846800
   0.0000099500    0.0000022100    0.0025696900
  -0.0000198400   -0.0000108800    0.0016464200
   0.0000010400    0.0000039100    0.0006628900
  -0.0000010300    0.0000013900    0.0005761900
   0.0020981900    0.0027543000    0.0000472600
  -0.0070561100   -0.0127957200    0.0078531500
   0.0028268100    0.0041557100   -0.0001732900
   0.0020904100    0.0026502700    0.0000447300
   0.0021406500    0.0025747100    0.0000468600
   0.0112511200    0.0180173400    0.0079330200
   0.0014117200    0.0011966200   -0.0001760000
   0.0021442800    0.0026772700    0.0000459200
   0.0141455100   -0.0033115700    0.0078805100
   0.0019048200   -0.0031791900   -0.0001819700
   0.0013197400   -0.0032514300    0.0000471500
   0.0013652500   -0.0032551400    0.0000451000
  -0.0115079900   -0.0030265500    0.0079068100
   0.0006215900   -0.0031578900   -0.0001674200
   0.0011785800   -0.0030792500    0.0000469200
   0.0011360500   -0.0030732700    0.0000454400
  -0.0034953600    0.0004406400    0.0000711400
  -0.0066404700    0.0039673100    0.0020449100
  -0.0034977100    0.0005530500    0.0000567500
  -0.0033450900    0.0003831000    0.0000545800
  -0.0032263700    0.0005636700    0.0000699300
  -0.0001293900   -0.0029626000    0.0020795800
  -0.0032262600    0.0004566800    0.0000577000
  -0.0033976200    0.0006122300    0.0000562900
   0.0062272300    0.0079436200    0.0035988600
   0.0000874300   -0.0000453900    0.0005911200
  -0.0000484300    0.0001192800    0.0005819200
  -0.0008793200   -0.0023948200    0.0004029900
  -0.0061980500   -0.0078562200    0.0035814600
  -0.0000778000    0.0000411500    0.0005914400
   0.0000487200   -0.0001256700    0.0005826900
   0.0008802300    0.0024052300    0.0004034400
   0.0035121400   -0.0046695700   -0.0004325000
   0.0038807900   -0.0043769800    0.0359581200
   0.0035196500   -0.0046803700    0.0009481500
   0.0035233700   -0.0046699200   -0.0001914700
   0.0035128900   -0.0046730500    0.0000971300
   0.0036007700   -0.0045780900   -0.0130469400
   0.0035206500   -0.0046799000   -0.0013911900
   0.0035238400   -0.0046707500   -0.0002789100
  -0.0058141600   -0.0006910400    0.0095887100
  -0.0058355500   -0.0007341500   -0.0015330100
  -0.0058079400   -0.0007168700   -0.0003945400
  -0.0058071000   -0.0007160000   -0.0001409000
  -0.0058308600   -0.0007170100   -0.0114525200
  -0.0058022800   -0.0007105400    0.0000841900
  -0.0058084100   -0.0007164500   -0.0000679000
  -0.0058077300   -0.0007155700   -0.0003297100
   0.0022767000    0.0053829900   -0.0002788100
   0.0022696700    0.0054448800    0.0045258400
   0.0022813400    0.0053817900   -0.0001520800
   0.0022947500    0.0053827800   -0.0002410200
   0.0022785200    0.0053850000   -0.0001476300
   0.0023031100    0.0053786200   -0.0047711900
   0.0022814500    0.0053825800   -0.0003198500
   0.0022933100    0.0053862900   -0.0001997900
   0.0457869400    0.0228565000    0.1056675300
  -0.0024829700   -0.0052992600   -0.0002682300
  -0.0023541600   -0.0054432400   -0.0002334000
  -0.0023499400   -0.0047294300   -0.0002812200
  -0.0464119300   -0.0311732500    0.1000590800
  -0.0021103400   -0.0054650200   -0.0002642700
  -0.0022131700   -0.0053263100   -0.0002332900
  -0.0022278400   -0.0060560000   -0.0002820900
   0.0009265700   -0.0006666100    0.0004565800
   0.0060926400    0.0008623100   -0.0002458300
   0.0058668000    0.0007163500   -0.0002329300
   0.0033606200    0.0070824800    0.0007037800
   0.0106788900    0.0020774800    0.0004677800
   0.0055173200    0.0005709500   -0.0002505600
   0.0057446400    0.0007119200   -0.0002329500
   0.0082522700   -0.0057019400    0.0007026000
  -0.0017587800    0.0004958000   -0.0003401900
  -0.0035013800    0.0047617800   -0.0002311700
  -0.0039485300    0.0050897400   -0.0002431400
  -0.0020192500    0.0045747800   -0.0002111300
  -0.0052519800    0.0088352600   -0.0003447900
  -0.0035541600    0.0045811600   -0.0002306900
  -0.0030902500    0.0042737200   -0.0002476200
  -0.0050320800    0.0047549300   -0.0002144300

1    
  0.0000000000000000   0.0000000000000000  -0.0100000000000000
  -0.0012017200   -0.0033189900    0.3169897000
   0.0033746500   -0.0004994900   -0.0001027600
   0.0033659200   -0.0005014100    0.0000403800
   0.0033704200   -0.0004962100    0.0006594600
   0.0033581300   -0.0005104500   -0.0478956900
   0.0033753200   -0.0005000600    0.0002965900
   0.0033662100   -0.0005013700    0.0000404600
   0.0033710700   -0.0004963600   -0.0004905400
  -0.0012421000    0.0031689200    0.0012838700
  -0.0012473900    0.0031571700    0.0005052800
  -0.0012485400    0.0031664800    0.0000348000
  -0.0012529200    0.0031742800    0.0014040300
  -0.0012464700    0.0031701400   -0.0014434700
  -0.0012492100    0.0031646500   -0.0007678100
  -0.0012482400    0.0031660600    0.0000445200
  -0.0012543600    0.0031713600   -0.0014428500
  -0.0021219300   -0.0026614500    0.0012840300
  -0.0021156300   -0.0026646700    0.0000346500
  -0.0021174000   -0.0026755500    0.0014039900
  -0.0021134000   -0.0026551900    0.0005052700
  -0.0021228500   -0.0026626400   -0.0014437500
  -0.0021152400   -0.0026636400    0.0000446200
  -0.0021133000   -0.0026777300   -0.0014429300
  -0.0021137400   -0.0026627000   -0.0007678800
   0.0000154700   -0.0000010300    0.0016744200
   0.0001088000    0.0000210200    0.0057719300
   0.0000010000    0.0000040600    0.0006657200
  -0.0000015400    0.0000014900    0.0005785500
   0.0000094900    0.0000021800   -0.0014074500
  -0.0000198100   -0.0000108800   -0.0004828000
   0.0000010100    0.0000038200    0.0004991100
  -0.0000009500    0.0000015200    0.0005858600
   0.0021409700    0.0025752600    0.0000350200
   0.0112508700    0.0180167100   -0.0078513500
   0.0014124900    0.0011977300    0.0002578700
   0.0021450600    0.0026781700    0.0000359800
   0.0020981000    0.0027533300    0.0000346200
  -0.0070557900   -0.0127949800   -0.0077710300
   0.0028266800    0.0041541600    0.0002552800
   0.0020905400    0.0026490900    0.0000372100
  -0.0115073400   -0.0030278700   -0.0078248400
   0.0006204000   -0.0031569800    0.0002493200
   0.0011787700   -0.0030801300    0.0000348700
   0.0011360400   -0.0030738200    0.0000363100
   0.0141443100   -0.0033106300   -0.0077989200
   0.0019057600   -0.0031808500    0.0002636200
   0.0013185700   -0.0032509700    0.0000347000
   0.0013645200   -0.0032549100    0.0000367500
  -0.0032256700    0.0005639800    0.0000117500
  -0.0001289300   -0.0029623500   -0.0019979100
  -0.0032261300    0.0004571400    0.0000239200
  -0.0033977500    0.0006124400    0.0000253500
  -0.0034962500    0.0004406900    0.0000105300
  -0.0066419300    0.0039674400   -0.0019632500
  -0.0034978000    0.0005533400    0.0000249500
  -0.0033448600    0.0003835300    0.0000271300
  -0.0061980700   -0.0078566100   -0.0024184600
  -0.0000778400    0.0000417400    0.0005717300
   0.0000489400   -0.0001257100    0.0005805000
   0.0008801400    0.0024049600    0.0007598400
   0.0062257700    0.0079427700   -0.0024353500
   0.0000876100   -0.0000463200    0.0005721700
  -0.0000488300    0.0001190300    0.0005814100
  -0.0008794700   -0.0023947400    0.0007602100
   0.0035119500   -0.0046692300   -0.0000366400
   0.0038809400   -0.0043761700   -0.0364288700
   0.0035196000   -0.0046803800   -0.0014167100
   0.0035233600   -0.0046695700   -0.0002773900
   0.0035125900   -0.0046728700   -0.0005678900
   0.0036007500   -0.0045778000    0.0125777700
   0.0035206800   -0.0046799500    0.0009198500
   0.0035239600   -0.0046705600   -0.0001921400
  -0.0058138500   -0.0006912400   -0.0100578100
  -0.0058356600   -0.0007340300    0.0010614400
  -0.0058079400   -0.0007169500   -0.0000745200
  -0.0058069400   -0.0007160100   -0.0003286700
  -0.0058306200   -0.0007169300    0.0109817200
  -0.0058023900   -0.0007106200   -0.0005525200
  -0.0058084700   -0.0007166900   -0.0004029500
  -0.0058078000   -0.0007155600   -0.0001406400
   0.0022768400    0.0053826000   -0.0001915800
   0.0022694900    0.0054448900   -0.0049966900
   0.0022811200    0.0053817000   -0.0003176900
   0.0022947500    0.0053825600   -0.0002286200
   0.0022780800    0.0053849900   -0.0003219000
   0.0023031500    0.0053786500    0.0043021100
   0.0022813200    0.0053825400   -0.0001503100
   0.0022933900    0.0053862900   -0.0002704900
  -0.0464101000   -0.0311726200   -0.1005259600
  -0.0021109000   -0.0054645500   -0.0002057400
  -0.0022127400   -0.0053255500   -0.0002366500
  -0.0022276500   -0.0060557600   -0.0001876300
   0.0457887600    0.0228567200   -0.1061405400
  -0.0024824700   -0.0052996200   -0.0002016300
  -0.0023548800   -0.0054439900   -0.0002365200
  -0.0023502100   -0.0047298200   -0.0001889400
   0.0106784200    0.0020778100   -0.0009365000
   0.0055172400    0.0005706000   -0.0002194500
   0.0057436700    0.0007120400   -0.0002370800
   0.0082519600   -0.0057022500   -0.0011726000
   0.0009262000   -0.0006677700   -0.0009277700
   0.0060926300    0.0008622300   -0.0002240500
   0.0058674100    0.0007160200   -0.0002369200
   0.0033607100    0.0070824700   -0.0011736800
  -0.0052517400    0.0088348100   -0.0001246400
  -0.0035542500    0.0045808700   -0.0002394000
  -0.0030897600    0.0042729000   -0.0002224100
  -0.0050318500    0.0047551100   -0.0002555700
  -0.0017586500    0.0004957100   -0.0001302900
  -0.0035013000    0.0047616400   -0.0002386500
  -0.0039488700    0.0050905800   -0.0002267400
  -0.0020195100    0.0045747300   -0.0002587700

25   
  0.0093421376665749  -0.0000000000024266   0.0035671366414483
   0.0077885500   -0.0002682900   -0.0003448300
   0.0327807400    0.0021333700   -0.0018417900
   0.0037201100    0.0000455900    0.0000112000
   0.0025845300   -0.0014017600    0.0000424000
   0.0111186500   -0.0004578000    0.0007440400
   0.0034180200    0.0001017300    0.0004233900
   0.0037603800    0.0000786400    0.0000701700
   0.0025113900   -0.0013821400    0.0000392400
   0.0046225400   -0.0146127500   -0.0017904800
   0.0013290200    0.0032179800    0.0000110200
  -0.0008192500    0.0007501500   -0.0003515700
  -0.0007341400    0.0039528400    0.0000421100
  -0.0057703900    0.0021169800    0.0004197700
   0.0014096800    0.0031742400    0.0000703100
   0.0000725600   -0.0006267300    0.0007544600
  -0.0007047600    0.0039309300    0.0000393300
  -0.0010801700   -0.0042958800    0.0000115800
  -0.0019866000   -0.0003039300   -0.0003499800
  -0.0023517900    0.0098760600   -0.0018002200
  -0.0007889200   -0.0038468400    0.0000418700
  -0.0010866200   -0.0043370000    0.0000696800
  -0.0009004700    0.0010291300    0.0007527600
  -0.0057734600    0.0010893600    0.0004188300
  -0.0008467600   -0.0039383200    0.0000394000
  -0.3377947400    0.0044140800   -0.0321075600
   0.0037598900    0.0000842700    0.0005946900
   0.0005159700   -0.0019620200    0.0005953800
   0.0003666100    0.0018699100    0.0005953500
  -0.0145788700    0.0000309900    0.0120019500
   0.0048017800    0.0001848500    0.0005528800
   0.0008592700   -0.0024651600    0.0005521300
   0.0005360900    0.0022709900    0.0005521100
   0.0038427100   -0.0128825400    0.0046259500
   0.0037302300    0.0038530800    0.0001627800
   0.0027008400   -0.0007956100   -0.0015530800
   0.0027435600    0.0041657600   -0.0000292800
  -0.0003346100   -0.0048365600   -0.0023879300
   0.0037506100    0.0038229400   -0.0000803300
   0.0026085800   -0.0006495600    0.0015092400
   0.0027618100    0.0041235200    0.0001182400
   0.0136362600   -0.0020945600   -0.0081018600
   0.0067965100   -0.0041767700    0.0023356900
   0.0015845400   -0.0040331300    0.0000411400
   0.0006158800   -0.0020361300   -0.0000347100
   0.0224636600   -0.0024758000    0.0102950600
   0.0069764700   -0.0041725400   -0.0023828400
   0.0015388200   -0.0040280000    0.0000477000
   0.0005782500   -0.0020377300    0.0001171400
  -0.0034673800    0.0139682900    0.0069312400
  -0.0008784400    0.0005092900    0.0001215500
  -0.0028536200   -0.0003371600   -0.0000043400
  -0.0023061600    0.0027899100   -0.0008422800
  -0.0082867200    0.0063320100   -0.0046778100
  -0.0008531500    0.0005454800   -0.0000329000
  -0.0028365100   -0.0003039200    0.0000865900
  -0.0023878800    0.0026355000    0.0007970900
   0.0023675100   -0.0028424100    0.0001371200
   0.0028229800    0.0031517400    0.0014181500
  -0.0030307100   -0.0002990600    0.0002038900
   0.0007743600   -0.0000051500    0.0005814200
   0.0027049300   -0.0033724300    0.0010336100
   0.0021890300    0.0031225200   -0.0002472900
  -0.0027374000    0.0002689100    0.0009668800
   0.0007743700   -0.0000049600    0.0005819400
   0.1114655000   -0.0558623300    0.0077659800
  -0.0013704400   -0.0059462200   -0.0002654400
   0.0032143500   -0.0013548200   -0.0002764700
   0.0032548300   -0.0063685400   -0.0002449300
   0.0099304600   -0.0085724700   -0.0029268100
  -0.0023488400   -0.0068809500   -0.0001684200
   0.0037505200   -0.0020655300   -0.0001838700
   0.0031007300   -0.0064335800   -0.0002236300
   0.1194670400    0.0356044100    0.0082161100
  -0.0114539900    0.0004303700   -0.0002795800
  -0.0061047100    0.0012325000   -0.0002448600
  -0.0058743200   -0.0034126500   -0.0002651500
   0.0095112200   -0.0052364500   -0.0028724300
  -0.0101608800    0.0005394400   -0.0001805800
  -0.0061315300    0.0013011000   -0.0002237100
  -0.0057391900   -0.0041302400   -0.0001682800
   0.0439344900    0.0194586300    0.0078998200
  -0.0011511400    0.0054843800   -0.0002458400
   0.0010438900    0.0075767900   -0.0002655900
   0.0011957100    0.0029981400   -0.0002773800
   0.0136920300    0.0090262600   -0.0028927300
  -0.0013571600    0.0055981700   -0.0002227400
   0.0004397400    0.0077153700   -0.0001677900
   0.0013941700    0.0033502100   -0.0001829800
  -0.0094293000   -0.0000963500   -0.0021515900
  -0.0094586000   -0.0095168900   -0.0103874400
  -0.0028692600   -0.0055010900   -0.0002975800
  -0.0011215100   -0.0052960800   -0.0002267800
  -0.0120910300    0.0015288700    0.0021858200
  -0.0087439300   -0.0099842400    0.0100586400
  -0.0028460100   -0.0056879300   -0.0001748000
  -0.0011255400   -0.0052830500   -0.0002425300
   0.0046579000    0.0040438200    0.0062577100
   0.0023542400   -0.0009048200   -0.0001106400
   0.0083074300    0.0093395300    0.0014610200
   0.0048954400   -0.0008397300   -0.0002327800
   0.0047067200    0.0048803600   -0.0065883600
   0.0025017000   -0.0007921500   -0.0003617100
   0.0082325200    0.0061934800   -0.0014199000
   0.0048861800   -0.0008493000   -0.0002365600
  -0.0065835800    0.0061855900   -0.0002997800
  -0.0070613200    0.0010261900    0.0007425300
  -0.0000837500   -0.0003770200    0.0036130000
  -0.0048372700    0.0057460200   -0.0002442400
  -0.0067537800    0.0062566800   -0.0001722800
  -0.0043010500    0.0025269400   -0.0007041000
  -0.0008426200   -0.0007518100   -0.0039426500
  -0.0048242200    0.0057425700   -0.0002250400

25   
 -0.0093421376665749   0.0000000000024266  -0.0035671366414483
  -0.0010732500   -0.0007261600    0.0004353000
  -0.0255595200   -0.0031250400    0.0018607000
   0.0030115700   -0.0010522500    0.0000710500
   0.0041498800    0.0003937100    0.0000401200
  -0.0044315500   -0.0005330200   -0.0006753300
   0.0033000800   -0.0010876800   -0.0003360900
   0.0029711800   -0.0010852300    0.0000119500
   0.0042244300    0.0003745700    0.0000427600
  -0.0070600300    0.0210430300    0.0019148100
  -0.0038382600    0.0031188500    0.0000709100
  -0.0016765600    0.0055803700    0.0004280800
  -0.0017676000    0.0023726600    0.0000398900
   0.0033122600    0.0042125000   -0.0003397200
  -0.0039190100    0.0031631800    0.0000119500
  -0.0025642900    0.0069566800   -0.0006640800
  -0.0017974400    0.0023946000    0.0000428100
  -0.0031520300   -0.0010330700    0.0000714700
  -0.0022662000   -0.0050501800    0.0004298000
  -0.0019283000   -0.0153298700    0.0019042800
  -0.0034457400   -0.0014894300    0.0000398000
  -0.0031460100   -0.0009932200    0.0000113400
  -0.0033611300   -0.0064003900   -0.0006660400
   0.0015549200   -0.0064253900   -0.0003408000
  -0.0033877900   -0.0013991100    0.0000428500
   0.3415947000    0.0044139200    0.0332750600
  -0.0037658700   -0.0000811300    0.0005673300
  -0.0005102100    0.0019561600    0.0005680100
  -0.0003735600   -0.0018828300    0.0005679500
   0.0145887700    0.0000314200   -0.0108396400
  -0.0048072200   -0.0001808700    0.0006106600
  -0.0008538300    0.0024592800    0.0006101800
  -0.0005442200   -0.0022877500    0.0006101200
   0.0004060200    0.0180635000   -0.0044991200
   0.0004981200    0.0014687700   -0.0000814200
   0.0015412800    0.0061207300    0.0016355300
   0.0014841000    0.0011654800    0.0001116700
   0.0045360000    0.0101992400    0.0024452100
   0.0004779500    0.0015009600    0.0001629700
   0.0016351500    0.0059683900   -0.0014246400
   0.0014654400    0.0012055900   -0.0000364700
  -0.0112534900   -0.0042746500    0.0083368400
  -0.0042879300   -0.0021554500   -0.0022421600
   0.0009197200   -0.0023031800    0.0000410000
   0.0018884900   -0.0043092000    0.0001175400
  -0.0203760100   -0.0038939500   -0.0104388000
  -0.0044594300   -0.0021627900    0.0024496200
   0.0009635300   -0.0023069900    0.0000341100
   0.0019252000   -0.0043070600   -0.0000360700
  -0.0033848500   -0.0129563800   -0.0068200900
  -0.0058574800    0.0004974500   -0.0000398200
  -0.0038790300    0.0013343700    0.0000862900
  -0.0044369900   -0.0018025800    0.0009288000
   0.0014240000   -0.0054429800    0.0047825400
  -0.0058849900    0.0004604400    0.0001146900
  -0.0038959400    0.0013013100   -0.0000049500
  -0.0043533500   -0.0016467100   -0.0007193900
  -0.0023514900    0.0028624300    0.0010243200
  -0.0028469600   -0.0031308900   -0.0002483500
   0.0030323700    0.0002780500    0.0009608600
  -0.0007754300   -0.0000049200    0.0005814400
  -0.0026973500    0.0034014800    0.0001315600
  -0.0022138000   -0.0031022000    0.0014043400
   0.0027417200   -0.0002797200    0.0001952000
  -0.0007754700   -0.0000047400    0.0005819400
  -0.1002995300    0.0424364800   -0.0086301900
   0.0084279900   -0.0033911500   -0.0002042800
   0.0038232100   -0.0079803400   -0.0001907300
   0.0037984700   -0.0029678200   -0.0002240500
  -0.0028141700   -0.0008115700    0.0023950600
   0.0094082900   -0.0024532800   -0.0003019300
   0.0032887700   -0.0072688500   -0.0002885900
   0.0039553700   -0.0029043300   -0.0002470400
  -0.1383549900   -0.0407419100   -0.0081523600
  -0.0001688400   -0.0018533100   -0.0001935800
  -0.0055157900   -0.0026596600   -0.0002238300
  -0.0057364400    0.0020141100   -0.0002043500
  -0.0212899700    0.0037834400    0.0024542700
  -0.0014511400   -0.0019656600   -0.0002858600
  -0.0054903000   -0.0027289900   -0.0002472000
  -0.0058775400    0.0027412200   -0.0003017000
  -0.0396543200   -0.0094049600   -0.0085060600
   0.0057314100    0.0052783000   -0.0002246900
   0.0035249000    0.0032021000   -0.0002048600
   0.0033826100    0.0077897600   -0.0001915500
  -0.0091708500    0.0017799200    0.0024314900
   0.0059377400    0.0051632400   -0.0002464000
   0.0041327400    0.0030636700   -0.0003011500
   0.0031814700    0.0074389400   -0.0002877500
   0.0048765200   -0.0107099100    0.0016911300
   0.0048757400   -0.0012872900    0.0098684100
  -0.0017024000   -0.0052577600   -0.0001724500
  -0.0034552700   -0.0054634700   -0.0002426000
   0.0075678200   -0.0123548700   -0.0026724800
   0.0041777300   -0.0008237500   -0.0104776100
  -0.0017266700   -0.0050762600   -0.0002949900
  -0.0034517700   -0.0054769300   -0.0002277000
   0.0069068300   -0.0026094500   -0.0067051100
   0.0092729800    0.0023296100   -0.0003583300
   0.0032856200   -0.0079100100   -0.0019286400
   0.0067234200    0.0022781400   -0.0002370300
   0.0068556200   -0.0034624100    0.0060941900
   0.0091251300    0.0022170200   -0.0001088900
   0.0033660900   -0.0047873800    0.0009543900
   0.0067333200    0.0022882100   -0.0002332600
  -0.0004649700    0.0031578100   -0.0001698000
   0.0000941600    0.0083336800   -0.0012338200
  -0.0069504500    0.0097406900   -0.0041006100
  -0.0022056600    0.0036074400   -0.0002256500
  -0.0002921400    0.0030859700   -0.0002975900
  -0.0026522900    0.0068345400    0.0002567900
  -0.0061964500    0.0101242500    0.0034909600
  -0.0022193000    0.0036106900   -0.0002446800

65   
  0.0100000000000000  -0.0000000000025975   0.0000000000000000
  -0.0012436500   -0.0009966000    0.0000411600
   0.1145729400    0.0581904000    0.0000410200
   0.0027164500   -0.0019452700    0.0000412800
   0.0039329600    0.0007558300    0.0000412400
  -0.0022447600   -0.0010643000    0.0000412000
   0.0073142800    0.0000977700    0.0000410200
   0.0025573500   -0.0022274700    0.0000410400
   0.0040339200    0.0007946800    0.0000409900
  -0.0066918900    0.0118671300    0.0000411800
  -0.0040125900    0.0020337800    0.0000409200
   0.0003318700    0.0064336400    0.0000409700
  -0.0029895300    0.0031596200    0.0000410700
  -0.0013153900    0.0052843200    0.0000409700
  -0.0045093100    0.0021715700    0.0000411300
   0.0007953900    0.0003519000    0.0000411300
  -0.0030134300    0.0032556000    0.0000410300
  -0.0032096200   -0.0020595300    0.0000411800
   0.0003909200   -0.0042231100    0.0000411100
  -0.0092296700   -0.0148816600    0.0000410700
  -0.0044817200    0.0007456500    0.0000408500
  -0.0032540600   -0.0020521500    0.0000408400
   0.0011109400   -0.0035178000    0.0000408800
   0.0006166600   -0.0066643000    0.0000408400
  -0.0039674400    0.0008448200    0.0000412400
   0.1107875700   -0.0527331600    0.0005864800
  -0.0052441700   -0.0000824800    0.0005811200
  -0.0003234300    0.0020737600    0.0005815900
  -0.0002894100   -0.0020629200    0.0005815900
   0.0067932500   -0.0007366400    0.0005812900
  -0.0062943500    0.0000014600    0.0005816700
   0.0002510300    0.0014891300    0.0005812400
  -0.0004543400   -0.0022141900    0.0005812200
   0.0311795200    0.0027175900    0.0000348100
   0.0000657000    0.0029090600    0.0000252100
   0.0013699200    0.0056302800    0.0006496100
   0.0018122400   -0.0010163300    0.0002051300
   0.0311795900    0.0027168700    0.0000465900
   0.0000658300    0.0029093700    0.0000568200
   0.0013697300    0.0056294300   -0.0005675700
   0.0018120600   -0.0010168700   -0.0001230400
  -0.0075196700   -0.0017174300    0.0036648900
  -0.0088631800   -0.0023218300   -0.0042789500
   0.0014810700   -0.0031821400   -0.0002295500
   0.0012240900   -0.0034191800    0.0000085000
  -0.0075202100   -0.0017166400   -0.0035824300
  -0.0088625900   -0.0023227000    0.0043609700
   0.0014805300   -0.0031816900    0.0003115300
   0.0012237900   -0.0034189400    0.0000734400
   0.0083925600    0.0065099300    0.0017835600
  -0.0065616100   -0.0003893500    0.0000673900
  -0.0027384000    0.0024557000   -0.0003905300
  -0.0058289000   -0.0030155300    0.0015354100
   0.0083926100    0.0065103400   -0.0017014900
  -0.0065622000   -0.0003893400    0.0000144200
  -0.0027384900    0.0024556300    0.0004723700
  -0.0058288400   -0.0030154200   -0.0014536400
  -0.0033691500    0.0018130900    0.0008233700
  -0.0023548200   -0.0104271300   -0.0032681700
   0.0032439000   -0.0014503100    0.0016344200
  -0.0013972700    0.0014352100    0.0005629000
  -0.0033695600    0.0018129000    0.0003400400
  -0.0023544000   -0.0104270600    0.0044315400
   0.0032436500   -0.0014501400   -0.0004709300
  -0.0013973700    0.0014353200    0.0006004900
  -0.3104210100   -0.0066299100   -0.0002386800
   0.0091260400   -0.0046037900   -0.0002350000
   0.0038928400   -0.0076766100   -0.0002345000
   0.0032886900   -0.0015226300   -0.0002347000
  -0.0181303900   -0.0029671800   -0.0002350200
   0.0094159400   -0.0046289500   -0.0002346500
   0.0034083200   -0.0072120800   -0.0002352600
   0.0033157200   -0.0013048900   -0.0002351300
   0.0363532100    0.0011367200   -0.0002345700
   0.0047010400   -0.0031498300   -0.0002353200
  -0.0061708100   -0.0017746200   -0.0002346400
  -0.0054019200    0.0004043600   -0.0002348100
  -0.0043004100    0.0024455900   -0.0002347000
   0.0012845600   -0.0041958500   -0.0002346400
  -0.0058188700   -0.0010904300   -0.0002351300
  -0.0050708800    0.0001542100   -0.0002350300
  -0.0131639000   -0.0296840700   -0.0002361400
   0.0062656600    0.0063307000   -0.0002350100
   0.0027928600    0.0020609700   -0.0002349100
   0.0053181400    0.0084054000   -0.0002348000
  -0.0028291200   -0.0015813800   -0.0002341100
   0.0064734500    0.0065092700   -0.0002347900
  -0.0002071100    0.0033433200   -0.0002349300
   0.0050155000    0.0073531900   -0.0002349400
   0.0047577200   -0.0081547900    0.0002522000
   0.0192985900    0.0130292000    0.0281667700
  -0.0017488500   -0.0033088900    0.0001588000
  -0.0027768800   -0.0067325900   -0.0002342100
   0.0047576000   -0.0081549100   -0.0007218800
   0.0192989700    0.0130287800   -0.0286368900
  -0.0017492600   -0.0033095300   -0.0006286100
  -0.0027770400   -0.0067328600   -0.0002355300
   0.0089532200   -0.0028631700   -0.0032112500
   0.0105541700    0.0048172400   -0.0009044200
   0.0020322600   -0.0029349800    0.0016935500
   0.0077858000    0.0006296500   -0.0002407500
   0.0089533800   -0.0028636600    0.0027415300
   0.0105542200    0.0048175900    0.0004348200
   0.0020327000   -0.0029352200   -0.0021633300
   0.0077859600    0.0006296900   -0.0002290200
   0.0002807200    0.0042186700   -0.0001951100
  -0.0138562600    0.0082281500    0.0009547100
  -0.0047050800    0.0145547800   -0.0086193100
  -0.0019977200    0.0008802500    0.0000483300
   0.0002807500    0.0042189300   -0.0002748000
  -0.0138561200    0.0082283600   -0.0014243600
  -0.0047053900    0.0145554600    0.0081497000
  -0.0019979300    0.0008801500   -0.0005181900

65   
 -0.0100000000000000   0.0000000000025975   0.0000000000000000
   0.0079788400   -0.0000100300    0.0000411900
  -0.1024999100   -0.0547226900    0.0000413100
   0.0040101900    0.0009440400    0.0000413000
   0.0028077300   -0.0017523200    0.0000412900
   0.0089800300    0.0000589600    0.0000410300
  -0.0005400400   -0.0010507900    0.0000411500
   0.0041702200    0.0012274000    0.0000409100
   0.0027086900   -0.0017903700    0.0000409900
   0.0041448600   -0.0054657000    0.0000410800
   0.0015168500    0.0042955400    0.0000409900
  -0.0027944300   -0.0001248100    0.0000410900
   0.0004997400    0.0031750800    0.0000410600
  -0.0011931800    0.0010503700    0.0000410800
   0.0020140400    0.0041561600    0.0000412000
  -0.0032515100    0.0059110000    0.0000409700
   0.0005232700    0.0030781300    0.0000411000
  -0.0010255300   -0.0032777900    0.0000412300
  -0.0046255600   -0.0011017600    0.0000410100
   0.0051205400    0.0096655900    0.0000413300
   0.0002428300   -0.0060679800    0.0000408100
  -0.0009818400   -0.0032858700    0.0000408400
  -0.0053503800   -0.0018047300    0.0000410600
  -0.0048746500    0.0013373400    0.0000408500
  -0.0002643000   -0.0061704900    0.0000411400
  -0.1159004100    0.0574278500    0.0005763200
   0.0052427800    0.0000785300    0.0005811800
   0.0003284300   -0.0020794800    0.0005816100
   0.0002925700    0.0020757700    0.0005816100
  -0.0068488700    0.0007672400    0.0005812300
   0.0062905300   -0.0000027100    0.0005817200
  -0.0002430300   -0.0014977400    0.0005812200
   0.0004607600    0.0022313600    0.0005812100
  -0.0269344900    0.0031449400   -0.0006511700
   0.0041697200    0.0024215400    0.0000564000
   0.0028624700   -0.0002907700   -0.0005603700
   0.0024214400    0.0063559200   -0.0001237100
  -0.0269346200    0.0031446700    0.0007338100
   0.0041699100    0.0024220700    0.0000256700
   0.0028621900   -0.0002918700    0.0006425000
   0.0024211200    0.0063550100    0.0002057800
   0.0100259800   -0.0046553300   -0.0035883200
   0.0113502400   -0.0040263100    0.0043481000
   0.0010137400   -0.0031540800    0.0003108400
   0.0012824400   -0.0029110800    0.0000737000
   0.0100250500   -0.0046544900    0.0036697000
   0.0113512700   -0.0040272000   -0.0042662800
   0.0010132400   -0.0031536500   -0.0002288600
   0.0012821100   -0.0029107600    0.0000082600
  -0.0151267300   -0.0055313900   -0.0017084000
  -0.0001746800    0.0013843800    0.0000145600
  -0.0039788600   -0.0014467400    0.0004685600
  -0.0008914400    0.0040474400   -0.0014770600
  -0.0151280400   -0.0055320500    0.0017900000
  -0.0001754500    0.0013843200    0.0000672900
  -0.0039790100   -0.0014468800   -0.0003867800
  -0.0008912500    0.0040476100    0.0015589700
   0.0033638900   -0.0018251600    0.0003429000
   0.0023581200    0.0104588600    0.0044518000
  -0.0032972800    0.0014409000   -0.0004856100
   0.0014055900   -0.0014295400    0.0006000200
   0.0033632200   -0.0018254200    0.0008205200
   0.0023579700    0.0104577800   -0.0032883700
  -0.0032974800    0.0014405600    0.0016489300
   0.0014055000   -0.0014293500    0.0005634000
   0.3172662600   -0.0136101200   -0.0002284300
  -0.0020840900   -0.0047402600   -0.0002352300
   0.0031466000   -0.0016773600   -0.0002343800
   0.0037629500   -0.0078281900   -0.0002344500
   0.0251971000   -0.0064746700   -0.0002351800
  -0.0023733200   -0.0047173700   -0.0002346900
   0.0036280000   -0.0021369600   -0.0002354400
   0.0037375500   -0.0080490700   -0.0002353100
  -0.0482920100   -0.0022914000   -0.0002344400
  -0.0162977900    0.0017286700   -0.0002353900
  -0.0054407100    0.0003555400   -0.0002345900
  -0.0062205400   -0.0018384600   -0.0002347400
  -0.0072865700   -0.0038421000   -0.0002358500
  -0.0128932400    0.0027526000   -0.0002342200
  -0.0057908500   -0.0003252100   -0.0002352200
  -0.0065560500   -0.0015873600   -0.0002350100
   0.0176881200    0.0404248600   -0.0002339200
  -0.0016939700    0.0044509300   -0.0002351400
   0.0017552800    0.0087069000   -0.0002348600
  -0.0007676700    0.0023400500   -0.0002348000
   0.0073874800    0.0123290700   -0.0002354400
  -0.0019009500    0.0042733200   -0.0002346500
   0.0047381800    0.0074361500   -0.0002348900
  -0.0004619700    0.0034093300   -0.0002350600
  -0.0093423300   -0.0025976000   -0.0007249800
  -0.0237757700   -0.0236336300   -0.0285800800
  -0.0028162000   -0.0074630000   -0.0006307300
  -0.0018032500   -0.0040461500   -0.0002353300
  -0.0093423600   -0.0025978900    0.0002550800
  -0.0237755300   -0.0236337300    0.0281106600
  -0.0028167200   -0.0074636800    0.0001610000
  -0.0018034600   -0.0040464700   -0.0002344800
   0.0026823300    0.0042952200    0.0027181600
   0.0010496200   -0.0033923400    0.0004348700
   0.0095805800    0.0044993800   -0.0021687600
   0.0038194000    0.0007954700   -0.0002284400
   0.0026824600    0.0042946900   -0.0031880200
   0.0010496100   -0.0033923300   -0.0009048200
   0.0095814700    0.0044995000    0.0016989900
   0.0038195900    0.0007956000   -0.0002413700
  -0.0073218600    0.0051323400   -0.0002738000
   0.0068302500    0.0011070600   -0.0014284200
  -0.0022891900   -0.0053129600    0.0082766600
  -0.0050550600    0.0084526100   -0.0005133100
  -0.0073219300    0.0051326500   -0.0001958600
   0.0068303000    0.0011070700    0.0009584900
  -0.0022896100   -0.0053122500   -0.0087466300
  -0.0050553400    0.0084525000    0.0000435900

65   
 -0.0049999999977505   0.0086602540391432   0.0000000000000000
   0.0062516900   -0.0000095900    0.0000411700
   0.0004746300    0.0296765600    0.0000409600
   0.0010099000   -0.0029881300    0.0000412800
   0.0042651900   -0.0018233300    0.0000412500
   0.0076194000   -0.0000623200    0.0000410600
   0.0071908500    0.0115374300    0.0000410100
   0.0010074700   -0.0029715200    0.0000409600
   0.0041352100   -0.0018748400    0.0000410300
   0.0055830600   -0.0044874100    0.0000412300
  -0.0011594200    0.0028871300    0.0000409900
   0.0037118000   -0.0079159400    0.0000410400
  -0.0014840600    0.0034740600    0.0000410400
   0.0011417600    0.0019028000    0.0000411500
  -0.0010719800    0.0028550000    0.0000411700
   0.0007910700   -0.0017834700    0.0000410500
  -0.0014389000    0.0034172700    0.0000410700
  -0.0010887600   -0.0059670900    0.0000412000
  -0.0041815900   -0.0051819800    0.0000410200
  -0.0047679700    0.0111251200    0.0000412400
  -0.0005027300   -0.0012194400    0.0000408600
  -0.0010142400   -0.0059271500    0.0000408300
  -0.0048562700   -0.0062645900    0.0000409900
  -0.0093449300    0.0030167900    0.0000409200
  -0.0007121100   -0.0009783200    0.0000411700
  -0.1061476200    0.1029778300    0.0005751100
   0.0014424300    0.0007437000    0.0005811700
   0.0032250900   -0.0050953600    0.0005815800
  -0.0014336000   -0.0011912800    0.0005815900
  -0.0070084900    0.0149957100    0.0005811100
   0.0011001200    0.0007172000    0.0005817000
   0.0022911300   -0.0040624700    0.0005812300
  -0.0014096200   -0.0012108900    0.0005812500
  -0.0149660300    0.0716425600   -0.0454386700
   0.0030667700    0.0041513600    0.0001273000
   0.0037342600   -0.0018044600   -0.0005011100
   0.0010575700    0.0014382100    0.0000624800
  -0.0149663600    0.0716414000    0.0455195600
   0.0030669300    0.0041516900   -0.0000452500
   0.0037340200   -0.0018053500    0.0005832600
   0.0010573300    0.0014375500    0.0000196000
   0.0111263300   -0.0014023200   -0.0048290400
   0.0001276300   -0.0014385300   -0.0023978300
   0.0017113800   -0.0060586500    0.0003255400
   0.0017716700   -0.0043844000    0.0001026300
   0.0111261400   -0.0014016400    0.0049106600
   0.0001283300   -0.0014393300    0.0024798000
   0.0017109400   -0.0060582400   -0.0002435600
   0.0017714300   -0.0043841500   -0.0000206800
  -0.0093740000   -0.0071950700   -0.0044534100
  -0.0025118900   -0.0000244800    0.0001059800
   0.0006350500   -0.0001464400    0.0006032000
  -0.0049572500    0.0007024800   -0.0007887800
  -0.0093749700   -0.0071954600    0.0045350100
  -0.0025125300   -0.0000244800   -0.0000241500
   0.0006349200   -0.0001465900   -0.0005213400
  -0.0049570500    0.0007026400    0.0008706800
   0.0031220500   -0.0023822100    0.0003758400
  -0.0015179300    0.0022029300    0.0006981800
  -0.0064961900   -0.0051338700    0.0005060500
   0.0016874900   -0.0001620700    0.0005949100
   0.0031214800   -0.0023824500    0.0007875800
  -0.0015179000    0.0022024400    0.0004653300
  -0.0064962900   -0.0051339200    0.0006572700
   0.0016874300   -0.0001619700    0.0005685000
   0.1682166300   -0.3073707300   -0.0002255300
   0.0007757500   -0.0065008200   -0.0002351200
   0.0007439800   -0.0000882900   -0.0002345400
   0.0063728700   -0.0029445200   -0.0002345500
   0.0159130700   -0.0541438100   -0.0002350400
   0.0006092300   -0.0070924700   -0.0002346900
   0.0013798200   -0.0006255600   -0.0002353900
   0.0065495500   -0.0029846200   -0.0002352100
  -0.0436859600   -0.0228545900   -0.0002336700
  -0.0063829000   -0.0034004900   -0.0002353300
  -0.0065772500    0.0045062700   -0.0002346100
  -0.0053212200    0.0022487000   -0.0002348300
  -0.0040012100   -0.0116947300   -0.0002360400
  -0.0075718500   -0.0031678300   -0.0002344000
  -0.0071312600    0.0036029700   -0.0002351800
  -0.0055729200    0.0026924000   -0.0002350100
  -0.0023347400    0.0518280000   -0.0002344700
   0.0013885000    0.0053420700   -0.0002350900
  -0.0076032000    0.0117566900   -0.0002348200
   0.0034176600    0.0056188700   -0.0002347300
  -0.0010387500    0.0052030600   -0.0002356500
   0.0013058300    0.0056786500   -0.0002347100
  -0.0030550900    0.0104910800   -0.0002348600
   0.0036263000    0.0061448700   -0.0002350100
  -0.0071888500   -0.0027261100   -0.0011227000
  -0.0015686300   -0.0093473400    0.0064269000
  -0.0010469300   -0.0010412100   -0.0003219200
  -0.0037181100   -0.0039231300   -0.0002522700
  -0.0071890000   -0.0027263400    0.0006528300
  -0.0015684400   -0.0093475800   -0.0068965100
  -0.0010474200   -0.0010418400   -0.0001479900
  -0.0037182900   -0.0039234400   -0.0002175000
   0.0014226100    0.0056284700    0.0025928600
   0.0059491500    0.0019168400   -0.0001684200
   0.0087666700    0.0297114400   -0.0118822100
   0.0052625800   -0.0005930000   -0.0002387500
   0.0014227400    0.0056280200   -0.0030627200
   0.0059491700    0.0019169800   -0.0003012800
   0.0087672600    0.0297115800    0.0114125400
   0.0052628000   -0.0005928700   -0.0002310600
  -0.0058216700    0.0078884300   -0.0002812100
   0.0047657100    0.0076477600   -0.0009274400
   0.0057002400    0.0012954800    0.0035645700
  -0.0075586400    0.0032607000   -0.0003995600
  -0.0058217600    0.0078887200   -0.0001884500
   0.0047657300    0.0076478200    0.0004575400
   0.0056999300    0.0012961400   -0.0040345300
  -0.0075588900    0.0032606200   -0.0000701700

65   
  0.0049999999977505  -0.0086602540391432   0.0000000000000000
   0.0004879700   -0.0009890400    0.0000412100
   0.0057412100   -0.0311999700    0.0000413700
   0.0057264500    0.0019816500    0.0000413900
   0.0024625500    0.0008205300    0.0000413100
  -0.0008795900   -0.0009358500    0.0000411400
  -0.0004533000   -0.0125148700    0.0000411700
   0.0057306300    0.0019674100    0.0000408900
   0.0025961600    0.0008735100    0.0000409400
  -0.0080967200    0.0108777800    0.0000410800
  -0.0013354600    0.0034478300    0.0000409300
  -0.0062199000    0.0143265700    0.0000411300
  -0.0010209500    0.0028576600    0.0000410700
  -0.0036276600    0.0044300100    0.0000408800
  -0.0014238700    0.0034795700    0.0000411700
  -0.0032325800    0.0080588600    0.0000409500
  -0.0010664700    0.0029151800    0.0000410900
  -0.0031420200    0.0006403400    0.0000412700
  -0.0000664600   -0.0001548600    0.0000410800
   0.0004961500   -0.0164321300    0.0000412500
  -0.0037351700   -0.0041256000    0.0000407800
  -0.0032187000    0.0005987600    0.0000408200
   0.0006027000    0.0009259500    0.0000409800
   0.0050942700   -0.0083434900    0.0000406900
  -0.0035212900   -0.0043697200    0.0000412400
   0.0983707000   -0.0976499700    0.0005876100
  -0.0014323300   -0.0007454200    0.0005811100
  -0.0032429000    0.0051190100    0.0005816700
   0.0014285300    0.0011886100    0.0005816100
   0.0070064200   -0.0149825100    0.0005814000
  -0.0010878100   -0.0007171600    0.0005817400
  -0.0022858000    0.0040609900    0.0005812100
   0.0014045300    0.0012073700    0.0005812000
   0.0188903500   -0.0670125900    0.0473907500
   0.0011670600    0.0011781500   -0.0000454800
   0.0004988100    0.0071430100    0.0005868400
   0.0031756300    0.0039005100    0.0000196700
   0.0188904200   -0.0670122800   -0.0473075300
   0.0011671800    0.0011785900    0.0001275600
   0.0004986200    0.0071422200   -0.0005048100
   0.0031753800    0.0038998800    0.0000624300
  -0.0086045600   -0.0049329800    0.0049223700
   0.0024066500   -0.0049082400    0.0024940300
   0.0008010600   -0.0002716500   -0.0002496800
   0.0007257400   -0.0019510000   -0.0000206800
  -0.0086056800   -0.0049322600   -0.0048401200
   0.0024073500   -0.0049090200   -0.0024120800
   0.0008005500   -0.0002712400    0.0003316800
   0.0007255400   -0.0019508500    0.0001026500
   0.0026125200    0.0081534400    0.0045144600
  -0.0042160300    0.0010286900   -0.0000241600
  -0.0073838400    0.0011467900   -0.0005342600
  -0.0017824200    0.0002897200    0.0008733600
   0.0026123500    0.0081535800   -0.0044323400
  -0.0042166200    0.0010286700    0.0001060200
  -0.0073839600    0.0011467100    0.0006160700
  -0.0017824300    0.0002898100   -0.0007915500
  -0.0031177000    0.0023844000    0.0007898300
   0.0015091000   -0.0021613100    0.0004797000
   0.0065043500    0.0050899700    0.0006460800
  -0.0016933800    0.0001566600    0.0005683200
  -0.0031182300    0.0023842400    0.0003736000
   0.0015093400   -0.0021619300    0.0006836200
   0.0065039500    0.0050898600    0.0005174300
  -0.0016934500    0.0001568400    0.0005951100
  -0.1517344700    0.2945980300   -0.0002428500
   0.0062625500   -0.0028431600   -0.0002351300
   0.0063129600   -0.0092663000   -0.0002342200
   0.0006752100   -0.0064024800   -0.0002345100
  -0.0087880000    0.0446378600   -0.0002351500
   0.0064274500   -0.0022520700   -0.0002346100
   0.0056656000   -0.0087200700   -0.0002353900
   0.0004985600   -0.0063641600   -0.0002353000
   0.0319490600    0.0213983300   -0.0002352200
  -0.0052554300    0.0019953700   -0.0002354900
  -0.0050513800   -0.0059541600   -0.0002344800
  -0.0062889600   -0.0036679200   -0.0002347500
  -0.0076379200    0.0102141600   -0.0002346000
  -0.0040607700    0.0017525900   -0.0002343400
  -0.0044855200   -0.0050315700   -0.0002352900
  -0.0060400400   -0.0041092400   -0.0002349700
   0.0066732300   -0.0407104100   -0.0002355900
   0.0031751400    0.0054279900   -0.0002351000
   0.0122690600   -0.0010179300   -0.0002349400
   0.0011613200    0.0051592700   -0.0002348000
   0.0055847700    0.0055785900   -0.0002338700
   0.0032580300    0.0050906800   -0.0002346600
   0.0076121800    0.0002781600   -0.0002349500
   0.0009521200    0.0046338500   -0.0002350200
   0.0026087500   -0.0080449800    0.0006501800
  -0.0030568600   -0.0014902300   -0.0069519300
  -0.0035408700   -0.0097220900   -0.0001481400
  -0.0008482800   -0.0068465400   -0.0002167200
   0.0026085600   -0.0080451000   -0.0011198400
  -0.0030562200   -0.0014906700    0.0064820100
  -0.0035414700   -0.0097228700   -0.0003214700
  -0.0008484400   -0.0068468400   -0.0002530300
   0.0101879100   -0.0042020200   -0.0030782800
   0.0056565900   -0.0004977700   -0.0003014300
   0.0027043200   -0.0283199200    0.0116490000
   0.0063594000    0.0020226200   -0.0002309500
   0.0101881000   -0.0042027400    0.0026085800
   0.0056566300   -0.0004977300   -0.0001683900
   0.0027052100   -0.0283201800   -0.0121188500
   0.0063595800    0.0020228300   -0.0002387700
  -0.0012293700    0.0014524600   -0.0001873400
  -0.0117450800    0.0017051600    0.0004544200
  -0.0127132500    0.0080891500   -0.0040485300
   0.0005278100    0.0061004000   -0.0000680300
  -0.0012294900    0.0014526800   -0.0002825600
  -0.0117449800    0.0017052500   -0.0009240700
  -0.0127137200    0.0080900000    0.0035789400
   0.0005275200    0.0061003300   -0.0004017900

65   
  0.0000000000000000   0.0000000000000000   0.0100000000000000
   0.0033707000   -0.0005000200   -0.0001569200
   0.0030532300   -0.0007663900    0.0362360000
   0.0033677700   -0.0004993100    0.0012235400
   0.0033664800   -0.0005008800    0.0000841800
   0.0033668500   -0.0004997400    0.0003734200
   0.0033273900   -0.0005299500   -0.0127730400
   0.0033695300   -0.0004965000   -0.0011145200
   0.0033679700   -0.0005004200   -0.0000034900
  -0.0012618200    0.0031856500   -0.0012561100
  -0.0012504500    0.0031670200   -0.0001184100
  -0.0012689000    0.0031968700    0.0098633000
  -0.0012497500    0.0031659200    0.0001347900
  -0.0012430800    0.0031547700    0.0003591300
  -0.0012497300    0.0031668400    0.0002086700
  -0.0012134500    0.0031247100   -0.0111750100
  -0.0012499100    0.0031662500   -0.0000528700
  -0.0021162900   -0.0026662100    0.0001237600
  -0.0021186700   -0.0026684900   -0.0000022400
  -0.0021305100   -0.0026823200    0.0048022000
  -0.0021150400   -0.0026664100    0.0000346900
  -0.0021169900   -0.0026670700   -0.0000439000
  -0.0021174600   -0.0026638200    0.0001281500
  -0.0021122200   -0.0026519300   -0.0044955900
  -0.0021162700   -0.0026678500    0.0000765600
   0.0003240000   -0.0002971000    0.0235705100
   0.0000001800    0.0000005800    0.0004955000
  -0.0000029800    0.0000021500    0.0004611000
   0.0000007500    0.0000004700    0.0005517300
   0.0000631100   -0.0000294200   -0.0068821200
   0.0000041800    0.0000007200    0.0007687400
   0.0000037200   -0.0000061900    0.0007284300
   0.0000008300    0.0000004900    0.0006133800
   0.0027250600   -0.0461346800    0.1060368300
   0.0021131700    0.0026839300    0.0000428500
   0.0021474000    0.0026166600   -0.0000028700
   0.0021359600    0.0027779000    0.0000095100
   0.0016417500    0.0470380100    0.1002441300
   0.0021212300    0.0026485200    0.0000433800
   0.0020865300    0.0027143200   -0.0000081200
   0.0020980900    0.0025573900    0.0000103700
  -0.0006914200   -0.0033911400    0.0007569600
   0.0027710100   -0.0038972200    0.0010020300
   0.0006433900   -0.0028516900    0.0000263000
   0.0012640300   -0.0031944700    0.0000426700
   0.0032017300   -0.0029439100    0.0007192000
  -0.0002566100   -0.0024380100    0.0009562400
   0.0018545700   -0.0034802100    0.0000284900
   0.0012385800   -0.0031389100    0.0000431400
  -0.0030131900    0.0001654100   -0.0000480300
  -0.0033981000    0.0004761100    0.0000446600
  -0.0031749700    0.0009290600    0.0000281900
  -0.0028268200    0.0001079700    0.0000674600
  -0.0037302100    0.0008274800   -0.0000854700
  -0.0033348500    0.0005242400    0.0000453400
  -0.0035572400    0.0000705300    0.0000329000
  -0.0039048100    0.0008901000    0.0000585900
  -0.0000674300    0.0001141800    0.0005791400
   0.0007846700    0.0022419600    0.0013074400
   0.0040529400    0.0102824400    0.0007716900
  -0.0000093000   -0.0000044400    0.0005823800
   0.0000685000   -0.0001165600    0.0005767800
  -0.0007870000   -0.0022285700    0.0012796900
  -0.0040526300   -0.0102475700    0.0007846000
   0.0000110600    0.0000029700    0.0005822400
   0.0032573600    0.0005049800   -0.3499938100
   0.0035196700   -0.0046751000   -0.0002496400
   0.0035235100   -0.0046735900   -0.0004033900
   0.0035211000   -0.0046731300    0.0002038000
   0.0035280000   -0.0047981900    0.0978071300
   0.0035198400   -0.0046723700   -0.0001853700
   0.0035199500   -0.0046703900   -0.0000531800
   0.0035192600   -0.0046742400   -0.0006639200
  -0.0057515900   -0.0007168400   -0.0010155500
  -0.0058194900   -0.0007145500    0.0004394500
  -0.0058077200   -0.0007150800   -0.0005088600
  -0.0058084400   -0.0007117200   -0.0002631300
  -0.0058833500   -0.0007416300    0.0004523400
  -0.0058042300   -0.0007129100   -0.0010095200
  -0.0058041600   -0.0007102400    0.0000387500
  -0.0058084000   -0.0007135200   -0.0002027500
   0.0023001800    0.0053276500   -0.0010159000
   0.0022849100    0.0053864800   -0.0002634600
   0.0022983700    0.0053863000    0.0004400400
   0.0022853100    0.0053874900   -0.0005090300
   0.0022948500    0.0054666900    0.0004527100
   0.0022846500    0.0053846800   -0.0002024200
   0.0022732800    0.0053860700   -0.0010100700
   0.0022843400    0.0053857800    0.0000389600
  -0.0016853900   -0.0058090900   -0.0001552500
   0.0075806000    0.0025396900    0.0005103600
  -0.0021548600   -0.0087392700   -0.0002084300
  -0.0022763300   -0.0053866000   -0.0002342800
  -0.0028919300   -0.0049591100   -0.0001612600
  -0.0120870600   -0.0132757400    0.0007312900
  -0.0024134500   -0.0020427500   -0.0002046600
  -0.0022967000   -0.0053841600   -0.0002350000
   0.0057201300    0.0003098000   -0.0002183500
   0.0049206700    0.0006585900   -0.0001567100
   0.0125018300   -0.0359390200    0.0006861200
   0.0057892600    0.0007228400   -0.0002345900
   0.0058939200    0.0011206800   -0.0001948000
   0.0066931600    0.0007633600   -0.0001598400
  -0.0008758800    0.0373110300    0.0005563500
   0.0058249000    0.0007038200   -0.0002345900
  -0.0034836200    0.0046415500   -0.0002326600
  -0.0023250000    0.0045627700   -0.0002202100
  -0.0119747200    0.0041921900   -0.0001967700
  -0.0032419000    0.0046451400   -0.0002365600
  -0.0035623500    0.0047046300   -0.0002336600
  -0.0047076900    0.0047822900   -0.0002215200
   0.0049207200    0.0051568200   -0.0001556800
  -0.0038037800    0.0047037300   -0.0002347300

65   
  0.0000000000000000   0.0000000000000000  -0.0100000000000000
   0.0033705400   -0.0005000100    0.0002392900
   0.0030534300   -0.0007657800   -0.0361538800
   0.0033677100   -0.0004997800   -0.0011408700
   0.0033662500   -0.0005012900   -0.0000015900
   0.0033669000   -0.0004997700   -0.0002912000
   0.0033274500   -0.0005301600    0.0128554400
   0.0033700900   -0.0004962000    0.0011963700
   0.0033678000   -0.0005008300    0.0000854200
  -0.0012605700    0.0031841000    0.0013384100
  -0.0012500000    0.0031670200    0.0002003100
  -0.0012689000    0.0031966800   -0.0097813600
  -0.0012492800    0.0031657200   -0.0000526900
  -0.0012433000    0.0031555100   -0.0002771300
  -0.0012493400    0.0031669400   -0.0001263100
  -0.0012130700    0.0031244700    0.0112572700
  -0.0012494500    0.0031659900    0.0001350300
  -0.0021164700   -0.0026660300   -0.0000412600
  -0.0021188700   -0.0026683500    0.0000844000
  -0.0021306500   -0.0026818100   -0.0047198400
  -0.0021153000   -0.0026660600    0.0000469200
  -0.0021172600   -0.0026671200    0.0001255200
  -0.0021175800   -0.0026634600   -0.0000462200
  -0.0021127400   -0.0026518700    0.0045773000
  -0.0021165300   -0.0026675500    0.0000059000
   0.0003139100   -0.0002865100   -0.0224073200
   0.0000001400    0.0000008400    0.0006667000
  -0.0000029400    0.0000019000    0.0007022200
   0.0000008700    0.0000005400    0.0006115500
   0.0000601800   -0.0000281100    0.0080446800
   0.0000040800    0.0000009400    0.0003947700
   0.0000037200   -0.0000064500    0.0004339400
   0.0000010900    0.0000006300    0.0005490000
   0.0016420100    0.0470399800   -0.1001649900
   0.0021209600    0.0026478200    0.0000386700
   0.0020870900    0.0027151700    0.0000901300
   0.0020987300    0.0025580700    0.0000717200
   0.0027253700   -0.0461334000   -0.1059518400
   0.0021132600    0.0026842700    0.0000392100
   0.0021473500    0.0026151600    0.0000850700
   0.0021359600    0.0027768500    0.0000725700
   0.0032027000   -0.0029449300   -0.0006380400
  -0.0002575700   -0.0024371200   -0.0008742400
   0.0018547400   -0.0034809500    0.0000535600
   0.0012385800   -0.0031392100    0.0000387400
  -0.0006921600   -0.0033902200   -0.0006741900
   0.0027719600   -0.0038984200   -0.0009201200
   0.0006422700   -0.0028512200    0.0000556300
   0.0012633900   -0.0031941800    0.0000393700
  -0.0037296200    0.0008277000    0.0001669200
  -0.0033341100    0.0005246000    0.0000365700
  -0.0035568400    0.0000708800    0.0000488800
  -0.0039046300    0.0008901900    0.0000232100
  -0.0030140600    0.0001653200    0.0001302800
  -0.0033989700    0.0004763100    0.0000371100
  -0.0031748100    0.0009292100    0.0000536900
  -0.0028263500    0.0001083700    0.0000144400
   0.0000692300   -0.0001162300    0.0005866700
  -0.0007869800   -0.0022281400   -0.0001162900
  -0.0040527100   -0.0102478700    0.0003785800
   0.0000109800    0.0000027800    0.0005811800
  -0.0000679300    0.0001140200    0.0005842700
   0.0007849500    0.0022412300   -0.0001440300
   0.0040523800    0.0102822800    0.0003920000
  -0.0000095100   -0.0000043200    0.0005810400
   0.0032675800    0.0004911100    0.3495243000
   0.0035194900   -0.0046750600   -0.0002206400
   0.0035234500   -0.0046734300   -0.0000654200
   0.0035212900   -0.0046728600   -0.0006728900
   0.0035278200   -0.0047979000   -0.0982767300
   0.0035196400   -0.0046723900   -0.0002838900
   0.0035200300   -0.0046703000   -0.0004175600
   0.0035192700   -0.0046742300    0.0001934500
  -0.0057526100   -0.0007189500    0.0005466000
  -0.0058195700   -0.0007145700   -0.0009103500
  -0.0058078000   -0.0007148800    0.0000396800
  -0.0058083400   -0.0007116900   -0.0002064300
  -0.0058814200   -0.0007410000   -0.0009229300
  -0.0058043000   -0.0007129800    0.0005408600
  -0.0058042200   -0.0007101300   -0.0005091200
  -0.0058084900   -0.0007134300   -0.0002672500
   0.0023019600    0.0053284500    0.0005457700
   0.0022848700    0.0053864700   -0.0002068000
   0.0022983300    0.0053863800   -0.0009098100
   0.0022853200    0.0053873500    0.0000394300
   0.0022942500    0.0054652500   -0.0009221600
   0.0022845600    0.0053847000   -0.0002669000
   0.0022730900    0.0053862600    0.0005402800
   0.0022843300    0.0053858800   -0.0005089500
  -0.0028921300   -0.0049587800   -0.0003085500
  -0.0120875000   -0.0132754900   -0.0012010500
  -0.0024131000   -0.0020420500   -0.0002658800
  -0.0022965400   -0.0053837900   -0.0002347500
  -0.0016856800   -0.0058091600   -0.0003144800
   0.0075807900    0.0025393300   -0.0009801300
  -0.0021553900   -0.0087399000   -0.0002605400
  -0.0022765100   -0.0053868800   -0.0002355000
   0.0058936500    0.0011214100   -0.0002739100
   0.0066931000    0.0007630100   -0.0003098000
  -0.0008763500    0.0373109900   -0.0010262200
   0.0058246500    0.0007036500   -0.0002352200
   0.0057200900    0.0003094800   -0.0002524900
   0.0049206600    0.0006587100   -0.0003131900
   0.0125026400   -0.0359386300   -0.0011557600
   0.0057893900    0.0007228400   -0.0002351500
  -0.0035625200    0.0047043600   -0.0002359900
  -0.0047076500    0.0047821300   -0.0002484000
   0.0049213800    0.0051560600   -0.0003141400
  -0.0038034900    0.0047039600   -0.0002350500
  -0.0034837700    0.0046418800   -0.0002372500
  -0.0023247600    0.0045628100   -0.0002494400
  -0.0119749000    0.0041928100   -0.0002729700
  -0.0032421600    0.0046451100   -0.0002332100
