# Tetrahedron method
       -3.6311620486        0.0000000000        0.0000000000        0.0000000000        0.0000000000        0.0000000000        0.0000000000        0.0000000000        0.0000000000        0.0000000000        0.0000000000        0.0000000000        0.0000000000        0.0000000000        0.0000000000
       -3.4322778926        0.0000000000        0.0000000000        0.0000000000        0.0000000000        0.0000000000        0.0000000000        0.0000000000        0.0000000000        0.0000000000        0.0000000000        0.0000000000        0.0000000000        0.0000000000        0.0000000000
       -3.2333937366        0.0000000000        0.0000000000        0.0000000000        0.0000000000        0.0000000000        0.0000000000        0.0000000000        0.0000000000        0.0000000000        0.0000000000        0.0000000000        0.0000000000        0.0000000000        0.0000000000
       -3.0345095806        0.0000000000        0.0000000000        0.0000000000        0.0000000000        0.0000000000        0.0000000000        0.0000000000        0.0000000000        0.0000000000        0.0000000000        0.0000000000        0.0000000000        0.0000000000        0.0000000000
       -2.8356254246        0.0000000000        0.0000000000        0.0000000000        0.0000000000        0.0000000000        0.0000000000        0.0000000000        0.0000000000        0.0000000000        0.0000000000        0.0000000000        0.0000000000        0.0000000000        0.0000000000
       -2.6367412686        0.0000000000        0.0000000000        0.0000000000        0.0000000000        0.0000000000        0.0000000000        0.0000000000        0.0000000000        0.0000000000        0.0000000000        0.0000000000        0.0000000000        0.0000000000        0.0000000000
       -2.4378571126        0.0000000000        0.0000000000        0.0000000000        0.0000000000        0.0000000000        0.0000000000        0.0000000000        0.0000000000        0.0000000000        0.0000000000        0.0000000000        0.0000000000        0.0000000000        0.0000000000
       -2.2389729567        0.0000000000        0.0000000000        0.0000000000        0.0000000000        0.0000000000        0.0000000000        0.0000000000        0.0000000000        0.0000000000        0.0000000000        0.0000000000        0.0000000000        0.0000000000        0.0000000000
       -2.0400888007        0.0000000000        0.0000000000        0.0000000000        0.0000000000        0.0000000000        0.0000000000        0.0000000000        0.0000000000        0.0000000000        0.0000000000        0.0000000000        0.0000000000        0.0000000000        0.0000000000
       -1.8412046447        0.0000000000        0.0000000000        0.0000000000        0.0000000000        0.0000000000        0.0000000000        0.0000000000        0.0000000000        0.0000000000        0.0000000000        0.0000000000        0.0000000000        0.0000000000        0.0000000000
       -1.6423204887        0.0000000000        0.0000000000        0.0000000000        0.0000000000        0.0000000000        0.0000000000        0.0000000000        0.0000000000        0.0000000000        0.0000000000        0.0000000000        0.0000000000        0.0000000000        0.0000000000
       -1.4434363327        0.0000000000        0.0000000000        0.0000000000        0.0000000000        0.0000000000        0.0000000000        0.0000000000        0.0000000000        0.0000000000        0.0000000000        0.0000000000        0.0000000000        0.0000000000        0.0000000000
       -1.2445521767        0.0000000000        0.0000000000        0.0000000000        0.0000000000        0.0000000000        0.0000000000        0.0000000000        0.0000000000        0.0000000000        0.0000000000        0.0000000000        0.0000000000        0.0000000000        0.0000000000
       -1.0456680208        0.0000000000        0.0000000000        0.0000000000        0.0000000000        0.0000000000        0.0000000000        0.0000000000        0.0000000000        0.0000000000        0.0000000000        0.0000000000        0.0000000000        0.0000000000        0.0000000000
       -0.8467838648        0.0000000000        0.0000000000        0.0000000000        0.0000000000        0.0000000000        0.0000000000        0.0000000000        0.0000000000        0.0000000000        0.0000000000        0.0000000000        0.0000000000        0.0000000000        0.0000000000
       -0.6478997088        0.0000000000        0.0000000000        0.0000000000        0.0000000000        0.0000000000        0.0000000000        0.0000000000        0.0000000000        0.0000000000        0.0000000000        0.0000000000        0.0000000000        0.0000000000        0.0000000000
       -0.4490155528        0.0000000000        0.0000000000        0.0000000000        0.0000000000        0.0000000000        0.0000000000        0.0000000000        0.0000000000        0.0000000000        0.0000000000        0.0000000000        0.0000000000        0.0000000000        0.0000000000
       -0.2501313968        0.0000303070        0.0000306964        0.0000305597        0.0000304125        0.0000304733        0.0000303796        0.0000307098        0.0000304128        0.0000609880        0.0000608914        0.0000614224        0.0000607973        0.0000613041        0.0000612009
       -0.0512472408        0.0000461785        0.0000469821        0.0000467309        0.0000464013        0.0000465159        0.0000463164        0.0000470506        0.0000464044        0.0000931302        0.0000929455        0.0000940694        0.0000927117        0.0000938109        0.0000936289
        0.1476369151        0.0000730547        0.0000744023        0.0000740245        0.0000733595        0.0000736304        0.0000732928        0.0000745561        0.0000733607        0.0001474447        0.0001471950        0.0001490995        0.0001467576        0.0001486353        0.0001483483
        0.3465210711        0.0001864073        0.0001866139        0.0001866719        0.0001851089        0.0001864580        0.0001863403        0.0001868959        0.0001851080        0.0003735311        0.0003734666        0.0003739531        0.0003732212        0.0003738268        0.0003739014
        0.5454052271        0.0005395514        0.0005383532        0.0005388362        0.0005349341        0.0005389975        0.0005394442        0.0005383010        0.0005349304        0.0010797503        0.0010799855        0.0010781238        0.0010803903        0.0010785209        0.0010789470
        0.7442893831        0.0008873971        0.0008887233        0.0008887788        0.0008790306        0.0008878346        0.0008878412        0.0008892286        0.0008790292        0.0017749079        0.0017751234        0.0017769716        0.0017743425        0.0017762406        0.0017764171
        0.9431735391        0.0013808942        0.0013802435        0.0013813142        0.0013627044        0.0013803473        0.0013813474        0.0013807670        0.0013627025        0.0027581230        0.0027593545        0.0027582323        0.0027588726        0.0027577712        0.0027590594
        1.1420576951        0.0019273647        0.0019256458        0.0019270113        0.0018940972        0.0019263497        0.0019275650        0.0019261120        0.0018941050        0.0038466839        0.0038480128        0.0038454568        0.0038479313        0.0038453899        0.0038468265
        1.3409418511        0.0025425632        0.0025420148        0.0025433558        0.0024897779        0.0025419374        0.0025432948        0.0025426177        0.0024898104        0.0050714985        0.0050730564        0.0050719237        0.0050723930        0.0050712885        0.0050728606
        1.5398260070        0.0032345037        0.0032332800        0.0032355296        0.0031538865        0.0032333906        0.0032357588        0.0032341270        0.0031538915        0.0064453366        0.0064483193        0.0064456989        0.0064472322        0.0064448382        0.0064473219
        1.7387101630        0.0040411276        0.0040396431        0.0040418526        0.0039221353        0.0040396071        0.0040424001        0.0040406800        0.0039220983        0.0080446352        0.0080477818        0.0080451222        0.0080466657        0.0080440286        0.0080468075
        1.9375943190        0.0049467206        0.0049433424        0.0049458435        0.0047751615        0.0049438707        0.0049472450        0.0049449847        0.0047751173        0.0098301494        0.0098335244        0.0098290363        0.0098327386        0.0098280633        0.0098317811
        2.1364784750        0.0059782520        0.0059722764        0.0059762457        0.0057361418        0.0059743192        0.0059787068        0.0059737372        0.0057361786        0.0118543240        0.0118589999        0.0118507132        0.0118587005        0.0118499919        0.0118553517
        2.3353626310        0.0071829721        0.0071772812        0.0071809641        0.0068450799        0.0071792291        0.0071830866        0.0071788327        0.0068451161        0.0142046628        0.0142086947        0.0142018513        0.0142086086        0.0142009104        0.0142057413
        2.5342467870        0.0085997627        0.0085914753        0.0085948279        0.0081231994        0.0085929523        0.0085987555        0.0085943085        0.0081232271        0.0169277684        0.0169322997        0.0169235140        0.0169328653        0.0169225688        0.0169282087
        2.7331309429        0.0103957522        0.0103861943        0.0103892629        0.0097086642        0.0103863315        0.0103969129        0.0103880042        0.0097087583        0.0203120161        0.0203191672        0.0203073593        0.0203204872        0.0203051795        0.0203129657
        2.9320150989        0.0139487091        0.0139523007        0.0140014180        0.0127561994        0.0139963632        0.0139651923        0.0139408500        0.0127562668        0.0266945225        0.0267061864        0.0266800594        0.0266922136        0.0266913090        0.0266973231
        3.1308992549        0.0148338479        0.0148581056        0.0148388977        0.0135477562        0.0148372208        0.0148686767        0.0148250193        0.0135477303        0.0286413639        0.0286552959        0.0286389345        0.0286528332        0.0286425371        0.0286401687
        3.3297834109        0.0156171833        0.0156209353        0.0156150267        0.0141934576        0.0156143862        0.0156351225        0.0156036136        0.0141934343        0.0304397648        0.0304513173        0.0304298431        0.0304521308        0.0304325488        0.0304362259
        3.5286675669        0.0165949169        0.0165937192        0.0165960535        0.0148732015        0.0165963704        0.0166036567        0.0165844566        0.0148731578        0.0326449797        0.0326469965        0.0326343019        0.0326494245        0.0326343393        0.0326424907
        3.7275517229        0.0189301334        0.0189178569        0.0188890871        0.0158806998        0.0188896483        0.0189201073        0.0189268638        0.0158806148        0.0374339488        0.0375358989        0.0375089505        0.0375108392        0.0375342707        0.0374335953
        3.9264358788        0.0188545152        0.0188451185        0.0188281181        0.0159624647        0.0188268992        0.0188545177        0.0188462201        0.0159622573        0.0375001131        0.0375452422        0.0375318246        0.0375454583        0.0375328447        0.0374986434
        4.1253200348        0.0184202703        0.0184077408        0.0184173057        0.0161649783        0.0184207298        0.0184078542        0.0184171708        0.0161644445        0.0368345740        0.0368225494        0.0368295327        0.0368328382        0.0368229485        0.0368303207
        4.3242041908        0.0183478721        0.0183294471        0.0183352788        0.0165155555        0.0183357725        0.0183280345        0.0183498772        0.0165139268        0.0368439209        0.0368399111        0.0368514549        0.0368429196        0.0368480280        0.0368419007
        4.5230883468        0.0183081646        0.0183082884        0.0183014040        0.0170473029        0.0183083709        0.0183066263        0.0183026815        0.0170475842        0.0369239280        0.0369208893        0.0369144126        0.0369249522        0.0369245315        0.0369102209
        4.7219725028        0.0201202068        0.0201158829        0.0200494238        0.0201055460        0.0200571646        0.0201115898        0.0201162559        0.0201059322        0.0407927936        0.0408646283        0.0409485253        0.0409560579        0.0408734056        0.0407771953
        4.9208566588        0.0231045897        0.0231380453        0.0231168546        0.0239669573        0.0231171453        0.0231272456        0.0231160403        0.0239667969        0.0467626102        0.0467504969        0.0467650255        0.0467427158        0.0467815925        0.0467530260
        5.1197408148        0.0412712329        0.0412048274        0.0407767384        0.0355807610        0.0407494998        0.0412039250        0.0412962291        0.0355780482        0.0752548203        0.0754166500        0.0755127277        0.0754848559        0.0754170151        0.0752795121
        5.3186249707        0.0511576732        0.0511857055        0.0512208014        0.0408935735        0.0511903884        0.0512268741        0.0511573134        0.0408903342        0.0881304609        0.0881467456        0.0879524507        0.0879914985        0.0881039993        0.0881175719
        5.5175091267        0.0587577201        0.0588267240        0.0584620413        0.0452439066        0.0584860819        0.0588394043        0.0587199671        0.0452487355        0.0995711168        0.0998747652        0.1001506106        0.1002071170        0.0998027663        0.0995978407
        5.7163932827        0.0573356224        0.0573773181        0.0573768561        0.0445860664        0.0573911347        0.0573488330        0.0573513707        0.0445825813        0.1006949487        0.1005549883        0.1006778644        0.1006198509        0.1006357606        0.1006610678
        5.9152774387        0.0636625677        0.0633957495        0.0633568365        0.0469593924        0.0633271329        0.0634353984        0.0636543106        0.0469632460        0.1122595668        0.1121621487        0.1124711344        0.1125022438        0.1120936292        0.1123134702
        6.1141615947        0.0642620249        0.0642169241        0.0641530496        0.0469020186        0.0641346672        0.0642275889        0.0642668959        0.0469026080        0.1153374907        0.1154274272        0.1155644491        0.1155501590        0.1154215634        0.1153588786
        6.3130457507        0.0682031792        0.0683152666        0.0685736166        0.0483370539        0.0686030337        0.0682653372        0.0682226045        0.0483392111        0.1256156117        0.1252556149        0.1248731897        0.1248637496        0.1253152398        0.1255701607
        6.5119299066        0.0698193961        0.0698677726        0.0704094185        0.0498754051        0.0704018001        0.0698591199        0.0698350254        0.0498732517        0.1276122581        0.1267499089        0.1262189777        0.1261942745        0.1267454193        0.1276351006
        6.7108140626        0.0724438772        0.0724064670        0.0724419830        0.0528297562        0.0724539271        0.0723959745        0.0724444033        0.0528304488        0.1287276400        0.1286680531        0.1287336323        0.1287154142        0.1286917048        0.1287214198
        6.9096982186        0.0769027895        0.0768974276        0.0769259200        0.0584230656        0.0769020474        0.0768825935        0.0769424783        0.0584232315        0.1308330233        0.1308270118        0.1307900867        0.1307625801        0.1308407053        0.1308465129
        7.1085823746        0.0945060842        0.0944887131        0.0944957960        0.0728431620        0.0945135155        0.0944995912        0.0944735682        0.0728453001        0.1384203868        0.1384506139        0.1383713190        0.1384267709        0.1383760659        0.1384506531
        7.3074665306        0.1092644201        0.1093086870        0.1092097476        0.0826881046        0.1092453372        0.1092773246        0.1092591207        0.0826887554        0.1545935385        0.1545827281        0.1545838407        0.1545799300        0.1546511387        0.1545318245
        7.5063506866        0.1142410181        0.1145186191        0.1144849167        0.1016724009        0.1144560402        0.1145988466        0.1141872164        0.1016740924        0.1745706724        0.1742566150        0.1738486687        0.1739505037        0.1741832960        0.1745594473
        7.7052348425        0.1176818008        0.1175750958        0.1179286460        0.1166633091        0.1178661263        0.1175163518        0.1177967691        0.1166674066        0.1985788055        0.1992484099        0.1992108959        0.1991741141        0.1991123545        0.1987702082
        7.9041189985        0.1178555709        0.1179736821        0.1180922632        0.1042608452        0.1180862004        0.1179554980        0.1178455424        0.1042460510        0.1857594286        0.1857431302        0.1856098099        0.1855260745        0.1858007578        0.1857189192
        8.1030031545        0.1167408628        0.1166949344        0.1167845484        0.0942232338        0.1167664300        0.1167176361        0.1167683999        0.0942411764        0.1753220919        0.1755149841        0.1754307646        0.1754674184        0.1754545183        0.1753953842
        8.3018873105        0.1112527223        0.1110405964        0.1112048184        0.0883397575        0.1112203727        0.1112034145        0.1110709948        0.0883360595        0.1610465155        0.1612396438        0.1609473426        0.1611674772        0.1610136343        0.1610578284
        8.5007714665        0.1157728719        0.1158310569        0.1159965654        0.0847387627        0.1160193172        0.1157249801        0.1158611300        0.0847418490        0.1579904472        0.1574948411        0.1576804417        0.1576498477        0.1576140453        0.1579451428
        8.6996556225        0.1094241830        0.1094075908        0.1092897919        0.0705443868        0.1093985748        0.1093429576        0.1093836292        0.0705496411        0.1393907628        0.1393483663        0.1393323794        0.1394289386        0.1393654452        0.1393110434
        8.8985397784        0.1026036356        0.1025866195        0.1026098797        0.0708013407        0.1025912266        0.1025904846        0.1026228144        0.0708035275        0.1282691544        0.1282369165        0.1281741960        0.1282622067        0.1281852341        0.1282538390
        9.0974239344        0.1681286836        0.1695201838        0.1762284782        0.0852620230        0.1763603309        0.1694106389        0.1680137200        0.0852746629        0.2050174192        0.1828423374        0.1835146798        0.1835242291        0.1828249930        0.2049988026
        9.2963080904        0.1183233430        0.1181915188        0.1182585891        0.0764001363        0.1182611099        0.1181688225        0.1183393357        0.0763878623        0.1308930408        0.1309368449        0.1308055080        0.1308687783        0.1307883224        0.1309305646
        9.4951922464        0.1254144623        0.1254170999        0.1253832015        0.0909847379        0.1254187986        0.1253480913        0.1254450139        0.0909600001        0.1407000511        0.1406647823        0.1407333693        0.1406754260        0.1407019539        0.1407224669
        9.6940764024        0.1483269815        0.1482298972        0.1481045512        0.1220325874        0.1482122942        0.1481448464        0.1482396745        0.1220033286        0.1758750237        0.1757276592        0.1760923323        0.1760087328        0.1758419073        0.1757999912
        9.8929605584        0.1403809051        0.1394209782        0.1396364262        0.1172518742        0.1396889989        0.1395380230        0.1402442862        0.1172441520        0.1636161925        0.1637396967        0.1636107182        0.1636911064        0.1637875842        0.1634698796
       10.0918447144        0.1326249830        0.1327812329        0.1324991804        0.0974380676        0.1325063620        0.1328746565        0.1325184270        0.0974398314        0.1427260919        0.1427633215        0.1426685989        0.1426758176        0.1427714937        0.1427028141
       10.2907288703        0.1571829131        0.1570464739        0.1571986471        0.0939616588        0.1571913017        0.1570958894        0.1571773041        0.0939395973        0.1500555953        0.1499992783        0.1498179671        0.1499179315        0.1498741943        0.1500656516
       10.4896130263        0.1891909429        0.1890435557        0.1887657199        0.1065693113        0.1888280068        0.1891416325        0.1890802971        0.1065711844        0.1555180662        0.1557458545        0.1553653115        0.1554224763        0.1556574396        0.1555947830
       10.6884971823        0.1636613863        0.1638269017        0.1641792698        0.0947874928        0.1643235409        0.1639013935        0.1634303571        0.0948056122        0.1282996620        0.1281755169        0.1282508715        0.1284712232        0.1279859847        0.1282521556
       10.8873813383        0.1651958919        0.1666327705        0.1666578098        0.1941659545        0.1665853238        0.1665962422        0.1653362154        0.1942246928        0.1363110107        0.1358395075        0.1361133472        0.1360868766        0.1359745346        0.1363284754
       11.0862654943        0.2043878189        0.2048747219        0.2045215245        0.2551939821        0.2045400046        0.2046811971        0.2045877492        0.2552363654        0.1680369245        0.1677819004        0.1679246041        0.1679928396        0.1678240518        0.1680090303
       11.2851496503        0.2855249767        0.2859571625        0.2919526700        0.2189902983        0.2924010383        0.2861395744        0.2851263472        0.2189913514        0.2372526822        0.2406235758        0.2396583604        0.2394245352        0.2406050478        0.2375520381
       11.4840338062        0.1658809254        0.1660028773        0.1660206717        0.1974434889        0.1661228289        0.1658883761        0.1659949822        0.1973888254        0.1402358783        0.1400458404        0.1401345052        0.1402094015        0.1400790534        0.1401346197
       11.6829179622        0.1649922640        0.1645934423        0.1649161741        0.2158851511        0.1648555500        0.1646604281        0.1649567181        0.2158719845        0.1526585540        0.1526430634        0.1527619988        0.1527802096        0.1527285215        0.1526059213
       11.8818021182        0.1370568425        0.1368122751        0.1370455298        0.1880843094        0.1368696483        0.1371589855        0.1369782053        0.1881390599        0.1183621321        0.1182842142        0.1184376454        0.1184222786        0.1181989121        0.1184926503
       12.0806862742        0.1333759900        0.1337542421        0.1338941616        0.1759924607        0.1340059642        0.1334471501        0.1336934285        0.1760041941        0.1197496640        0.1195853785        0.1199428845        0.1197467747        0.1197211773        0.1197386441
       12.2795704302        0.1356993727        0.1353350197        0.1353081559        0.1534701150        0.1353971702        0.1358152876        0.1351789742        0.1534020046        0.1356812792        0.1357500716        0.1354176227        0.1355162793        0.1356988541        0.1355783754
       12.4784545862        0.1065777208        0.1066995315        0.1067829162        0.1170300872        0.1067303791        0.1066407016        0.1066174947        0.1170267835        0.1289476654        0.1289761763        0.1289705330        0.1288984525        0.1290451230        0.1289683217
       12.6773387421        0.1224477042        0.1221662902        0.1223119467        0.1297521502        0.1222237388        0.1222980023        0.1224067245        0.1297792468        0.1655670896        0.1655325787        0.1656057151        0.1655309497        0.1654954939        0.1656538205
       12.8762228981        0.1590721991        0.1582203953        0.1577317104        0.1440006874        0.1578494812        0.1582708870        0.1590010214        0.1440293010        0.1956874141        0.1964763883        0.1948146447        0.1949988080        0.1964516409        0.1955846492
       13.0751070541        0.1282429691        0.1279160922        0.1280082292        0.1360824510        0.1280742052        0.1280101627        0.1281122704        0.1360788562        0.1387915982        0.1387345458        0.1386124681        0.1387102812        0.1386335743        0.1387638653
       13.2739912101        0.1589830565        0.1591638466        0.1588493675        0.1697436464        0.1589938083        0.1590142955        0.1590449594        0.1696666407        0.1531952231        0.1526776085        0.1529651441        0.1529726884        0.1526773700        0.1532530963
       13.4728753661        0.1221370549        0.1220422254        0.1222061588        0.1574075232        0.1221060749        0.1221529884        0.1221560493        0.1573700086        0.1279186318        0.1279103673        0.1279759115        0.1279475241        0.1279755065        0.1278848061
       13.6717595221        0.1275335145        0.1277600258        0.1274908011        0.2100288838        0.1273589726        0.1278390891        0.1276975959        0.2099334790        0.1512486127        0.1512416121        0.1513160560        0.1512213539        0.1512963012        0.1512545780
       13.8706436781        0.1018581080        0.1017227246        0.1014211177        0.1886991256        0.1015679584        0.1016606575        0.1018074127        0.1888363262        0.1261407128        0.1261855575        0.1259415711        0.1259736505        0.1262272191        0.1260854799
       14.0695278340        0.0757010553        0.0756469180        0.0754494929        0.1691329514        0.0757219213        0.0754933496        0.0755655733        0.1690593302        0.1098401158        0.1098278671        0.1098316229        0.1098690178        0.1098934438        0.1097866074
       14.2684119900        0.0768773908        0.0767672956        0.0769033296        0.2487308093        0.0767570473        0.0769028885        0.0768984900        0.2494170665        0.1251089715        0.1248496687        0.1252057146        0.1251013510        0.1248620607        0.1251051269
       14.4672961460        0.0752151467        0.0752184951        0.0751404624        0.2563543330        0.0752439612        0.0751475972        0.0751880718        0.2563354417        0.1328332034        0.1327962373        0.1328719477        0.1328243902        0.1328576569        0.1328382852
       14.6661803020        0.0723322276        0.0725273205        0.0726692018        0.1019164698        0.0724401113        0.0725647780        0.0725703078        0.1019752343        0.1153458444        0.1154566396        0.1153705001        0.1153842323        0.1153849351        0.1153642491
       14.8650644580        0.0505532621        0.0504162377        0.0506327881        0.0590490223        0.0505448079        0.0504634985        0.0505958872        0.0590558964        0.0888887357        0.0886371356        0.0888424793        0.0888581127        0.0885992627        0.0889141588
       15.0639486140        0.0435236559        0.0435057130        0.0434542386        0.0444237475        0.0435030760        0.0434842379        0.0435033722        0.0444230571        0.0855239196        0.0854683219        0.0854943925        0.0854959042        0.0855067573        0.0854768014
       15.2628327699        0.0387382330        0.0389277792        0.0387716112        0.0372928743        0.0387878315        0.0388976498        0.0387596144        0.0372935875        0.0857812643        0.0856508880        0.0858402369        0.0858648287        0.0856990638        0.0857168839
       15.4617169259        0.0506561783        0.0500509496        0.0511732172        0.0482623306        0.0511977401        0.0500209346        0.0506637471        0.0482613814        0.0901148202        0.0896659370        0.0903787569        0.0903451974        0.0896806413        0.0901896745
       15.6606010819        0.0459003214        0.0459005025        0.0458957603        0.0436803570        0.0459155047        0.0458608944        0.0459290888        0.0436824853        0.0842054536        0.0842114283        0.0842142323        0.0841513576        0.0842503843        0.0842112405
       15.8594852379        0.0636475976        0.0635641875        0.0635234694        0.0629966426        0.0634891415        0.0635476359        0.0637044671        0.0629904861        0.1101529846        0.1103158206        0.1105877272        0.1105435568        0.1102913838        0.1102569401
       16.0583693939        0.0413324220        0.0413024337        0.0413517434        0.0436377457        0.0413193273        0.0413269691        0.0413340231        0.0436377949        0.0812939138        0.0814138248        0.0813008022        0.0813326096        0.0813690613        0.0813070208
       16.2572535499        0.0303490743        0.0303469925        0.0303699619        0.0353959750        0.0303474358        0.0303731842        0.0303430008        0.0353945041        0.0627094922        0.0626493561        0.0626332839        0.0626580972        0.0626559353        0.0626931221
       16.4561377058        0.0308153179        0.0307057272        0.0306685530        0.0354221520        0.0306793877        0.0307907600        0.0307138340        0.0354307594        0.0768951233        0.0770826976        0.0765984445        0.0768497706        0.0767873204        0.0768807864
       16.6550218618        0.0346749972        0.0346711353        0.0346796983        0.0330761785        0.0346571071        0.0346966681        0.0346709047        0.0330761706        0.1013123529        0.1013341217        0.1012568410        0.1012867384        0.1012823755        0.1013297044
       16.8539060178        0.0449227434        0.0449312984        0.0449388756        0.0365285308        0.0449617017        0.0449148459        0.0449199976        0.0365328285        0.1570537132        0.1569227041        0.1570601693        0.1570453632        0.1569596059        0.1570135362
       17.0527901738        0.0994294656        0.0997367719        0.1000076383        0.0946612284        0.1000322790        0.0997213347        0.0994222807        0.0946622181        0.3792763811        0.3778855105        0.3765889213        0.3766391875        0.3779162207        0.3792525089
       17.2516743298        0.0338815624        0.0339023943        0.0339142091        0.0205834612        0.0339294902        0.0338924679        0.0338792015        0.0205828520        0.1235389529        0.1234405948        0.1233882092        0.1233980901        0.1234210898        0.1235364454
       17.4505584858        0.0320358947        0.0319940998        0.0319982395        0.0171713853        0.0320088853        0.0319957091        0.0320142961        0.0171735518        0.1187198125        0.1187329950        0.1188454447        0.1188677866        0.1187230583        0.1186791582
       17.6494426418        0.0477803122        0.0476556212        0.0477411344        0.0254228328        0.0477356369        0.0476583730        0.0477784320        0.0254226116        0.1779002067        0.1775647230        0.1775503484        0.1774578065        0.1776008999        0.1779415238
       17.8483267977        0.0469938099        0.0469647709        0.0471966728        0.0203994441        0.0471794517        0.0469667157        0.0470068393        0.0203986906        0.1559670503        0.1552508196        0.1553947314        0.1553620804        0.1552096519        0.1560389607
       18.0472109537        0.0419723342        0.0419373625        0.0419601708        0.0191991929        0.0419651745        0.0419345677        0.0419704955        0.0191991381        0.1342414556        0.1341937610        0.1342143576        0.1341878454        0.1342216506        0.1342408511
       18.2460951097        0.0296508281        0.0296560602        0.0296552294        0.0159718666        0.0296533040        0.0296538764        0.0296549401        0.0159719659        0.1076988134        0.1076943587        0.1076978362        0.1076995224        0.1076949358        0.1076961691
       18.4449792657        0.0213589355        0.0213617400        0.0213807854        0.0134113199        0.0213779195        0.0213642891        0.0213590980        0.0134114329        0.1021044778        0.1021165522        0.1020911723        0.1020987188        0.1021044263        0.1021086435
       18.6438634217        0.0116577648        0.0116557074        0.0116549548        0.0095705512        0.0116575966        0.0116550097        0.0116558368        0.0095705842        0.1044146924        0.1044437979        0.1044150794        0.1044284997        0.1044111439        0.1044337865
       18.8427475777        0.0135562366        0.0135587542        0.0135603064        0.0117476199        0.0135591791        0.0135581703        0.0135579069        0.0117477537        0.1373845272        0.1374346217        0.1374274412        0.1373963320        0.1374133046        0.1374369717
       19.0416317336        0.0145221035        0.0145350213        0.0145025480        0.0137090039        0.0145042141        0.0145327236        0.0145234382        0.0137103208        0.1822399385        0.1823466069        0.1823753541        0.1822798017        0.1822182068        0.1824753212
       19.2405158896        0.0145601710        0.0145582248        0.0145560381        0.0159731329        0.0145543296        0.0145608820        0.0145558028        0.0159681792        0.2256184612        0.2254536398        0.2255333643        0.2254492340        0.2255628256        0.2254228640
       19.4394000456        0.0191566554        0.0191673221        0.0191426355        0.0281982295        0.0191412377        0.0191551277        0.0191632961        0.0281731892        0.3626708467        0.3619267869        0.3629601940        0.3619600655        0.3629830528        0.3623732817
       19.6382842016        0.0232041152        0.0232511255        0.0231951749        0.0342176693        0.0232058810        0.0232239959        0.0232261635        0.0342443756        0.4088857070        0.4079803372        0.4087696386        0.4083196543        0.4085438757        0.4089720498
       19.8371683576        0.0227498331        0.0227541238        0.0227514568        0.0306687748        0.0227507355        0.0227525994        0.0227524427        0.0306693399        0.3436091958        0.3433560712        0.3434642875        0.3435385996        0.3435273308        0.3433613925
       20.0360525136        0.0206588413        0.0206568111        0.0205785840        0.0274808163        0.0205777275        0.0206563644        0.0206641309        0.0274793068        0.3344268093        0.3342532571        0.3341079967        0.3340700247        0.3343613663        0.3343155021
       20.2349366695        0.0185076408        0.0185159846        0.0185263026        0.0257792838        0.0185187614        0.0185187204        0.0185092593        0.0257760561        0.2536967624        0.2534176955        0.2536000196        0.2532540809        0.2538100432        0.2536465786
       20.4338208255        0.0163324077        0.0163321103        0.0163332915        0.0287191788        0.0163305588        0.0163314358        0.0163357569        0.0287189101        0.1985424004        0.1985626763        0.1985829681        0.1986205366        0.1984982499        0.1985674979
       20.6327049815        0.0141036007        0.0141416684        0.0141264389        0.0472223013        0.0141291440        0.0141332594        0.0141087295        0.0472211281        0.1899944005        0.1901019552        0.1897351267        0.1898391247        0.1899507566        0.1900302538
       20.8315891375        0.0066531894        0.0066536078        0.0066527093        0.0068696480        0.0066540560        0.0066530732        0.0066523749        0.0068696298        0.0464851678        0.0464318340        0.0464385491        0.0464426359        0.0464393732        0.0464734315
       21.0304732935        0.0029392947        0.0029389369        0.0029388217        0.0000779691        0.0029392133        0.0029391541        0.0029386857        0.0000779677        0.0109481838        0.0109417692        0.0109433353        0.0109455156        0.0109471553        0.0109406119
       21.2293574495        0.0000000000        0.0000000000        0.0000000000        0.0000000000        0.0000000000        0.0000000000        0.0000000000        0.0000000000        0.0000000000        0.0000000000        0.0000000000        0.0000000000        0.0000000000        0.0000000000
       21.4282416055        0.0000000000        0.0000000000        0.0000000000        0.0000000000        0.0000000000        0.0000000000        0.0000000000        0.0000000000        0.0000000000        0.0000000000        0.0000000000        0.0000000000        0.0000000000        0.0000000000
       21.6271257614        0.0000000000        0.0000000000        0.0000000000        0.0000000000        0.0000000000        0.0000000000        0.0000000000        0.0000000000        0.0000000000        0.0000000000        0.0000000000        0.0000000000        0.0000000000        0.0000000000
       21.8260099174        0.0000000000        0.0000000000        0.0000000000        0.0000000000        0.0000000000        0.0000000000        0.0000000000        0.0000000000        0.0000000000        0.0000000000        0.0000000000        0.0000000000        0.0000000000        0.0000000000
       22.0248940734        0.0000000000        0.0000000000        0.0000000000        0.0000000000        0.0000000000        0.0000000000        0.0000000000        0.0000000000        0.0000000000        0.0000000000        0.0000000000        0.0000000000        0.0000000000        0.0000000000
       22.2237782294        0.0000000000        0.0000000000        0.0000000000        0.0000000000        0.0000000000        0.0000000000        0.0000000000        0.0000000000        0.0000000000        0.0000000000        0.0000000000        0.0000000000        0.0000000000        0.0000000000
       22.4226623854        0.0000000000        0.0000000000        0.0000000000        0.0000000000        0.0000000000        0.0000000000        0.0000000000        0.0000000000        0.0000000000        0.0000000000        0.0000000000        0.0000000000        0.0000000000        0.0000000000
       22.6215465414        0.0000000000        0.0000000000        0.0000000000        0.0000000000        0.0000000000        0.0000000000        0.0000000000        0.0000000000        0.0000000000        0.0000000000        0.0000000000        0.0000000000        0.0000000000        0.0000000000
       22.8204306973        0.0000000000        0.0000000000        0.0000000000        0.0000000000        0.0000000000        0.0000000000        0.0000000000        0.0000000000        0.0000000000        0.0000000000        0.0000000000        0.0000000000        0.0000000000        0.0000000000
       23.0193148533        0.0000000000        0.0000000000        0.0000000000        0.0000000000        0.0000000000        0.0000000000        0.0000000000        0.0000000000        0.0000000000        0.0000000000        0.0000000000        0.0000000000        0.0000000000        0.0000000000
       23.2181990093        0.0000000000        0.0000000000        0.0000000000        0.0000000000        0.0000000000        0.0000000000        0.0000000000        0.0000000000        0.0000000000        0.0000000000        0.0000000000        0.0000000000        0.0000000000        0.0000000000
       23.4170831653        0.0000000000        0.0000000000        0.0000000000        0.0000000000        0.0000000000        0.0000000000        0.0000000000        0.0000000000        0.0000000000        0.0000000000        0.0000000000        0.0000000000        0.0000000000        0.0000000000
       23.6159673213        0.0000000000        0.0000000000        0.0000000000        0.0000000000        0.0000000000        0.0000000000        0.0000000000        0.0000000000        0.0000000000        0.0000000000        0.0000000000        0.0000000000        0.0000000000        0.0000000000
       23.8148514773        0.0000000000        0.0000000000        0.0000000000        0.0000000000        0.0000000000        0.0000000000        0.0000000000        0.0000000000        0.0000000000        0.0000000000        0.0000000000        0.0000000000        0.0000000000        0.0000000000
       24.0137356332        0.0000000000        0.0000000000        0.0000000000        0.0000000000        0.0000000000        0.0000000000        0.0000000000        0.0000000000        0.0000000000        0.0000000000        0.0000000000        0.0000000000        0.0000000000        0.0000000000
       24.2126197892        0.0000000000        0.0000000000        0.0000000000        0.0000000000        0.0000000000        0.0000000000        0.0000000000        0.0000000000        0.0000000000        0.0000000000        0.0000000000        0.0000000000        0.0000000000        0.0000000000
       24.4115039452        0.0000000000        0.0000000000        0.0000000000        0.0000000000        0.0000000000        0.0000000000        0.0000000000        0.0000000000        0.0000000000        0.0000000000        0.0000000000        0.0000000000        0.0000000000        0.0000000000
       24.6103881012        0.0000000000        0.0000000000        0.0000000000        0.0000000000        0.0000000000        0.0000000000        0.0000000000        0.0000000000        0.0000000000        0.0000000000        0.0000000000        0.0000000000        0.0000000000        0.0000000000
       24.8092722572        0.1091451394        0.1091026984        0.1091375531        0.0003652722        0.1091230377        0.1091550122        0.1091073667        0.0003652754        0.0538499744        0.0538643715        0.0538418545        0.0538611666        0.0538406712        0.0538543524
       25.0081564132        0.2645258691        0.2646339289        0.2646231316        0.0028649206        0.2645859728        0.2646043460        0.2645921495        0.0028649236        0.1183877911        0.1184039420        0.1183907933        0.1183641603        0.1184101549        0.1184084607
       25.2070405691        0.6949408941        0.6955015834        0.6943336280        0.2510917340        0.6956104139        0.6942075914        0.6949804122        0.2510800279        0.2590726329        0.2586886029        0.2589456645        0.2588633216        0.2590606497        0.2587719094
       25.4059247251        0.8924607350        0.8910518992        0.8938806333        0.1681308419        0.8913445659        0.8942142587        0.8918828097        0.1681245663        0.2785115048        0.2794568403        0.2786348271        0.2789372480        0.2783022487        0.2793416873
       25.6048088811        0.5401677978        0.5400941528        0.5395663820        0.1258467675        0.5400617650        0.5401400070        0.5397199406        0.1258646361        0.1746862946        0.1747244482        0.1746241348        0.1747446139        0.1747090279        0.1745721622
       25.8036930371        0.3257249009        0.3258994190        0.3259231876        0.0859409656        0.3259492523        0.3260936395        0.3258058782        0.0859813813        0.1096406690        0.1096054890        0.1095494065        0.1095529736        0.1096357519        0.1095846660
       26.0025771931        0.3272261657        0.3292785352        0.3285099363        0.3523593759        0.3279313020        0.3282536903        0.3289514908        0.3525028036        0.1307763256        0.1309563639        0.1311952656        0.1308189381        0.1310493218        0.1310704400
       26.2014613491        0.2160498076        0.2156140487        0.2158691742        0.2564140463        0.2158156634        0.2156026280        0.2160483162        0.2564763442        0.0780391698        0.0780897882        0.0780076228        0.0779948022        0.0780897545        0.0780772186
       26.4003455051        0.1095368334        0.1092645106        0.1095355283        0.1856039910        0.1094239780        0.1095220872        0.1094036011        0.1855195667        0.0464346989        0.0464572301        0.0463993991        0.0464601845        0.0463715754        0.0464313268
       26.5992296610        0.3437593088        0.3447626231        0.3444784006        0.9370370160        0.3446405718        0.3437750191        0.3446091797        0.9372235917        0.1517292727        0.1515565098        0.1514560405        0.1510869216        0.1516498946        0.1520516882
       26.7981138170        0.4612253257        0.4601736143        0.4605529303        1.2428971558        0.4605370134        0.4611680102        0.4602490526        1.2428329944        0.1838309406        0.1835432481        0.1834387156        0.1838192622        0.1834846703        0.1834936790
       26.9969979730        0.6327325336        0.6356332526        0.6356800332        0.6104402011        0.6352843423        0.6345184462        0.6336027447        0.6110720647        0.1842169358        0.1845995029        0.1845864334        0.1844234394        0.1846084787        0.1842456633
       27.1958821290        0.4462081403        0.4468431125        0.4470334669        0.2481522485        0.4468446425        0.4469274278        0.4462992802        0.2481704398        0.1196892651        0.1195837933        0.1197079414        0.1196919442        0.1196207676        0.1196669152
       27.3947662850        0.0240856320        0.0241049664        0.0240267979        0.0373963647        0.0240473233        0.0241368875        0.0240434336        0.0374028734        0.0117059604        0.0117675748        0.0117417140        0.0117351377        0.0117364071        0.0117442665
       27.5936504410        0.2461765826        0.2461275941        0.2442390261        0.3006795894        0.2457247177        0.2449822658        0.2456540865        0.3006441173        0.0494995172        0.0493284769        0.0494500497        0.0493337314        0.0495698563        0.0493808063
       27.7925345969        0.2374664373        0.2373872267        0.2374708454        0.2890095094        0.2373869567        0.2375397526        0.2374322479        0.2890149574        0.0435160836        0.0435371740        0.0435194462        0.0435279112        0.0435126864        0.0435330967
       27.9914187529        0.2376672104        0.2379044918        0.2377703566        0.2642754268        0.2376781132        0.2377022296        0.2379028223        0.2642734778        0.0467168513        0.0466929122        0.0466973247        0.0467049961        0.0467041370        0.0466924296
       28.1903029089        0.2535222273        0.2532468158        0.2534961204        0.2607988466        0.2533597756        0.2535876595        0.2533159951        0.2608045822        0.0503338795        0.0503588851        0.0503249372        0.0503537775        0.0503213921        0.0503431585
       28.3891870649        0.2066306662        0.2064726686        0.2065471270        0.2587455628        0.2065603762        0.2066269758        0.2064653104        0.2587434875        0.0433711284        0.0433703112        0.0433518635        0.0433784919        0.0433559631        0.0433598932
       28.5880712209        0.1939811149        0.1939801880        0.1940406254        0.2681363239        0.1939696485        0.1940304682        0.1940034842        0.2681362435        0.0408367849        0.0408319623        0.0408422385        0.0408190265        0.0408521540        0.0408389355
       28.7869553769        0.2630939741        0.2633410420        0.2632584124        0.3695627592        0.2632789169        0.2631081379        0.2633070449        0.3695670772        0.0440818471        0.0441065738        0.0440933206        0.0440830181        0.0440986027        0.0441016197
       28.9858395328        0.1524175841        0.1523300633        0.1525267687        0.2366186368        0.1524438534        0.1524649703        0.1523679924        0.2366288723        0.0396445968        0.0396410292        0.0396361701        0.0396431771        0.0396332318        0.0396440254
       29.1847236888        0.1828193435        0.1833038366        0.1825964891        0.2850651912        0.1827248226        0.1828353773        0.1831269547        0.2851390590        0.0472157619        0.0472426788        0.0471027474        0.0470764394        0.0472708602        0.0472216039
       29.3836078448        0.1212465626        0.1213616610        0.1213555103        0.2117405039        0.1214093984        0.1212669019        0.1212718705        0.2117701300        0.0394626289        0.0394661046        0.0394733703        0.0394605596        0.0394605680        0.0394676595
       29.5824920008        0.0907584447        0.0906112541        0.0907293795        0.1739443695        0.0906695561        0.0906889304        0.0907286300        0.1739248717        0.0347457482        0.0347448821        0.0347275004        0.0347425767        0.0347356734        0.0347341838
       29.7813761568        0.0704725395        0.0704879463        0.0702222081        0.1305800708        0.0701543990        0.0705657183        0.0704132929        0.1305614398        0.0292682817        0.0292630289        0.0292685213        0.0292642203        0.0292618392        0.0292718943
       29.9802603128        0.0631714067        0.0631467153        0.0629215280        0.0994985199        0.0629298466        0.0631483951        0.0631654068        0.0995045458        0.0263184631        0.0263221016        0.0263042999        0.0263051184        0.0263181367        0.0263199009
       30.1791444688        0.0545649983        0.0545592701        0.0545669094        0.0930715834        0.0545635044        0.0545702526        0.0545586077        0.0930712966        0.0251732533        0.0251714765        0.0251941347        0.0251820313        0.0251818808        0.0251749703
       30.3780286247        0.0510033226        0.0509908535        0.0509477194        0.1000673677        0.0509605873        0.0509984171        0.0509918598        0.1000675983        0.0263006785        0.0263008958        0.0262891485        0.0262957580        0.0262943231        0.0263006371
       30.5769127807        0.0459772105        0.0460931340        0.0460242170        0.0962769585        0.0460283011        0.0460912088        0.0459758416        0.0962792388        0.0254145763        0.0255268361        0.0255134577        0.0255154911        0.0255227300        0.0254162931
       30.7757969367        0.0406020847        0.0405777883        0.0405995647        0.0629492763        0.0406061800        0.0405750565        0.0406063868        0.0629490787        0.0204728694        0.0204741972        0.0204499662        0.0204583699        0.0204661924        0.0204722438
       30.9746810927        0.0385803664        0.0386014445        0.0385873326        0.0247702946        0.0385905084        0.0385942548        0.0385839614        0.0247703907        0.0151491406        0.0151503569        0.0151469774        0.0151514355        0.0151478419        0.0151472860
       31.1735652487        0.0371506673        0.0371452681        0.0371536149        0.0213046524        0.0371543240        0.0371443169        0.0371511019        0.0213044737        0.0147894654        0.0147883814        0.0147862207        0.0147897501        0.0147862091        0.0147879056
       31.3724494047        0.0356755233        0.0356903337        0.0356805173        0.0187812829        0.0356832637        0.0356904922        0.0356727874        0.0187811786        0.0144387851        0.0144434702        0.0144388730        0.0144415943        0.0144418433        0.0144377688
       31.5713335606        0.0348893089        0.0348765958        0.0348862828        0.0175714825        0.0348869333        0.0348780043        0.0348871830        0.0175713446        0.0144010374        0.0143987277        0.0143966702        0.0143989366        0.0143971295        0.0144000507
       31.7702177166        0.0336210700        0.0336065153        0.0336252598        0.0168146945        0.0336273762        0.0336093647        0.0336161547        0.0168146765        0.0142091337        0.0142049097        0.0142026610        0.0142044093        0.0142034728        0.0142087623
       31.9691018726        0.0335146285        0.0335312951        0.0335611107        0.0172350304        0.0335625419        0.0335367220        0.0335084077        0.0172353376        0.0145397316        0.0145437165        0.0145316717        0.0145340667        0.0145416375        0.0145399791
       32.1679860286        0.0309745171        0.0309568810        0.0310005191        0.0159805200        0.0309999988        0.0309581249        0.0309736882        0.0159804658        0.0136987544        0.0136923960        0.0136889491        0.0136894084        0.0136921076        0.0136981933
       32.3668701846        0.0307292710        0.0307191040        0.0307601032        0.0161200076        0.0307578551        0.0307209965        0.0307288309        0.0161197062        0.0139234057        0.0139198902        0.0139126026        0.0139124164        0.0139199055        0.0139231642
       32.5657543406        0.0409346658        0.0401896404        0.0401976950        0.0204169619        0.0401917018        0.0401804213        0.0409453486        0.0204112825        0.0189242833        0.0187221988        0.0189621449        0.0189551340        0.0187244434        0.0189172535
       32.7646384965        0.0323897911        0.0328391482        0.0327516408        0.0194907198        0.0327516557        0.0328458044        0.0323827937        0.0194903697        0.0155819555        0.0156581829        0.0155723488        0.0155735264        0.0156568831        0.0155817517
       32.9635226525        0.0000000000        0.0000000000        0.0000000000        0.0000000000        0.0000000000        0.0000000000        0.0000000000        0.0000000000        0.0000000000        0.0000000000        0.0000000000        0.0000000000        0.0000000000        0.0000000000
       33.1624068085        0.0000000000        0.0000000000        0.0000000000        0.0000000000        0.0000000000        0.0000000000        0.0000000000        0.0000000000        0.0000000000        0.0000000000        0.0000000000        0.0000000000        0.0000000000        0.0000000000
       33.3612909645        0.0000000000        0.0000000000        0.0000000000        0.0000000000        0.0000000000        0.0000000000        0.0000000000        0.0000000000        0.0000000000        0.0000000000        0.0000000000        0.0000000000        0.0000000000        0.0000000000
       33.5601751205        0.0000000000        0.0000000000        0.0000000000        0.0000000000        0.0000000000        0.0000000000        0.0000000000        0.0000000000        0.0000000000        0.0000000000        0.0000000000        0.0000000000        0.0000000000        0.0000000000
       33.7590592765        0.0000000000        0.0000000000        0.0000000000        0.0000000000        0.0000000000        0.0000000000        0.0000000000        0.0000000000        0.0000000000        0.0000000000        0.0000000000        0.0000000000        0.0000000000        0.0000000000
       33.9579434325        0.0000000000        0.0000000000        0.0000000000        0.0000000000        0.0000000000        0.0000000000        0.0000000000        0.0000000000        0.0000000000        0.0000000000        0.0000000000        0.0000000000        0.0000000000        0.0000000000
       34.1568275884        0.0000000000        0.0000000000        0.0000000000        0.0000000000        0.0000000000        0.0000000000        0.0000000000        0.0000000000        0.0000000000        0.0000000000        0.0000000000        0.0000000000        0.0000000000        0.0000000000
       34.3557117444        0.0000000000        0.0000000000        0.0000000000        0.0000000000        0.0000000000        0.0000000000        0.0000000000        0.0000000000        0.0000000000        0.0000000000        0.0000000000        0.0000000000        0.0000000000        0.0000000000
       34.5545959004        0.0000000000        0.0000000000        0.0000000000        0.0000000000        0.0000000000        0.0000000000        0.0000000000        0.0000000000        0.0000000000        0.0000000000        0.0000000000        0.0000000000        0.0000000000        0.0000000000
       34.7534800564        0.0000000000        0.0000000000        0.0000000000        0.0000000000        0.0000000000        0.0000000000        0.0000000000        0.0000000000        0.0000000000        0.0000000000        0.0000000000        0.0000000000        0.0000000000        0.0000000000
       34.9523642124        0.0000000000        0.0000000000        0.0000000000        0.0000000000        0.0000000000        0.0000000000        0.0000000000        0.0000000000        0.0000000000        0.0000000000        0.0000000000        0.0000000000        0.0000000000        0.0000000000
       35.1512483684        0.0000000000        0.0000000000        0.0000000000        0.0000000000        0.0000000000        0.0000000000        0.0000000000        0.0000000000        0.0000000000        0.0000000000        0.0000000000        0.0000000000        0.0000000000        0.0000000000
       35.3501325243        0.0000000000        0.0000000000        0.0000000000        0.0000000000        0.0000000000        0.0000000000        0.0000000000        0.0000000000        0.0000000000        0.0000000000        0.0000000000        0.0000000000        0.0000000000        0.0000000000
       35.5490166803        0.0000000000        0.0000000000        0.0000000000        0.0000000000        0.0000000000        0.0000000000        0.0000000000        0.0000000000        0.0000000000        0.0000000000        0.0000000000        0.0000000000        0.0000000000        0.0000000000
       35.7479008363        0.0000000000        0.0000000000        0.0000000000        0.0000000000        0.0000000000        0.0000000000        0.0000000000        0.0000000000        0.0000000000        0.0000000000        0.0000000000        0.0000000000        0.0000000000        0.0000000000
       35.9467849923        0.0000000000        0.0000000000        0.0000000000        0.0000000000        0.0000000000        0.0000000000        0.0000000000        0.0000000000        0.0000000000        0.0000000000        0.0000000000        0.0000000000        0.0000000000        0.0000000000
       36.1456691483        0.0000000000        0.0000000000        0.0000000000        0.0000000000        0.0000000000        0.0000000000        0.0000000000        0.0000000000        0.0000000000        0.0000000000        0.0000000000        0.0000000000        0.0000000000        0.0000000000
