232  
8    

1    
  0.0000000000000000   0.0070710678118655   0.0070710678118655
  -0.0000000000   -0.0468882600   -0.0468882600
  -0.0000000000   -0.0000202100   -0.0000202100
  -0.0000080000   -0.0001307500   -0.0000136500
   0.0000080000   -0.0000136500   -0.0001307500
  -0.0000080000   -0.0000136500   -0.0001307500
   0.0000080000   -0.0001307500   -0.0000136500
  -0.0000000000   -0.0000048100   -0.0000048100
  -0.0000000000    0.0001153200    0.0001153200
  -0.0000000000    0.0022259900    0.0022259900
  -0.0000000000    0.0022326100    0.0022326100
  -0.0000009600    0.0000568400    0.0000551800
   0.0000009600    0.0000551800    0.0000568400
  -0.0000009600    0.0000551800    0.0000568400
   0.0000009600    0.0000568400    0.0000551800
  -0.0000000000   -0.0000461900   -0.0000461900
  -0.0000000000   -0.0000444400   -0.0000444400
   0.0010939300   -0.0002440100    0.0011265400
  -0.0000137300   -0.0000831000    0.0000672800
   0.0011050400   -0.0002448100    0.0011373300
  -0.0000138800   -0.0000857400    0.0000685000
   0.0000204500   -0.0000959200    0.0000320800
  -0.0000297800    0.0000231200   -0.0000111800
   0.0000206200   -0.0000956300    0.0000341500
  -0.0000290500    0.0000231300   -0.0000158300
   0.0000138800    0.0000685000   -0.0000857400
  -0.0011050400    0.0011373300   -0.0002448100
  -0.0010939300    0.0011265400   -0.0002440100
   0.0000137300    0.0000672800   -0.0000831000
  -0.0000206200    0.0000341500   -0.0000956300
   0.0000290500   -0.0000158300    0.0000231300
   0.0000297800   -0.0000111800    0.0000231200
  -0.0000204500    0.0000320800   -0.0000959200
   0.0010785400    0.0013470700   -0.0016572300
   0.0016041300    0.0010097200   -0.0013364200
   0.0013382400    0.0016055900   -0.0010676800
   0.0013365200    0.0014730200   -0.0011993200
   0.0013373500    0.0013692500   -0.0013068000
   0.0013366000    0.0013136900   -0.0013573700
   0.0012836500    0.0013078800   -0.0013078900
   0.0013921400    0.0013685100   -0.0013661300
   0.0053217800    0.0063349500    0.0063349500
  -0.0038624200   -0.0036403900   -0.0036403900
  -0.0036097100   -0.0038756800   -0.0036566800
  -0.0038515900   -0.0038901000   -0.0038738900
  -0.0036097100   -0.0036566800   -0.0038756800
  -0.0038515900   -0.0038738900   -0.0038901000
  -0.0038933400   -0.0039147100   -0.0039147100
  -0.0039047100   -0.0038774800   -0.0038774800
  -0.0038843000    0.0041138000    0.0041138000
  -0.0126577700    0.0137397100    0.0137397100
  -0.0041433600    0.0040963900    0.0038720400
  -0.0039006000    0.0038761400    0.0038602400
  -0.0041433600    0.0038720400    0.0040963900
  -0.0039006000    0.0038602400    0.0038761400
  -0.0038418300    0.0038758000    0.0038758000
  -0.0038587800    0.0038332100    0.0038332100
   0.0038919900   -0.0038886700    0.0038435800
   0.0038602400   -0.0039064900    0.0038593500
   0.0039091000   -0.0028644700    0.0049626700
   0.0038740900   -0.0039110800    0.0038380600
   0.0038752400   -0.0039171900    0.0038304500
   0.0038736000   -0.0038458800    0.0039075300
   0.0039022000   -0.0039414800    0.0038908400
   0.0038483600   -0.0038588700    0.0038080600
   0.0010785400   -0.0016572300    0.0013470700
   0.0016041300   -0.0013364200    0.0010097200
   0.0013373500   -0.0013068000    0.0013692500
   0.0013366000   -0.0013573700    0.0013136900
   0.0013382400   -0.0010676800    0.0016055900
   0.0013365200   -0.0011993200    0.0014730200
   0.0012836500   -0.0013078900    0.0013078800
   0.0013921400   -0.0013661300    0.0013685100
  -0.0016073200    0.0012562300    0.0012562300
  -0.0013762500    0.0014081700    0.0014081700
  -0.0012528700    0.0015209600    0.0012853600
  -0.0012994700    0.0012974700    0.0012763600
  -0.0012528700    0.0012853600    0.0015209600
  -0.0012994700    0.0012763600    0.0012974700
  -0.0012299500    0.0013686500    0.0013686500
  -0.0013229600    0.0013265300    0.0013265300
  -0.0012942100   -0.0012625600   -0.0012625600
  -0.0010663300   -0.0014236400   -0.0014236400
  -0.0014245700   -0.0013829100   -0.0011589400
  -0.0013744000   -0.0013988500   -0.0013753900
  -0.0014245700   -0.0011589400   -0.0013829100
  -0.0013744000   -0.0013753900   -0.0013988500
  -0.0013507100   -0.0013454600   -0.0013454600
  -0.0014434100   -0.0013078700   -0.0013078700
  -0.0039022000   -0.0039414800    0.0038908400
  -0.0038483600   -0.0038588700    0.0038080600
  -0.0038740900   -0.0039110800    0.0038380600
  -0.0039091000   -0.0028644700    0.0049626700
  -0.0038736000   -0.0038458800    0.0039075300
  -0.0038752400   -0.0039171900    0.0038304500
  -0.0038919900   -0.0038886700    0.0038435800
  -0.0038602400   -0.0039064900    0.0038593500
   0.0010939300    0.0011265400   -0.0002440100
  -0.0000137300    0.0000672800   -0.0000831000
   0.0000204500    0.0000320800   -0.0000959200
  -0.0000297800   -0.0000111800    0.0000231200
   0.0011050400    0.0011373300   -0.0002448100
  -0.0000138800    0.0000685000   -0.0000857400
   0.0000206200    0.0000341500   -0.0000956300
  -0.0000290500   -0.0000158300    0.0000231300
   0.0000138800   -0.0000857400    0.0000685000
  -0.0011050400   -0.0002448100    0.0011373300
  -0.0000206200   -0.0000956300    0.0000341500
   0.0000290500    0.0000231300   -0.0000158300
  -0.0010939300   -0.0002440100    0.0011265400
   0.0000137300   -0.0000831000    0.0000672800
   0.0000297800    0.0000231200   -0.0000111800
  -0.0000204500   -0.0000959200    0.0000320800
   0.0000097400    0.0000449600    0.0000449600
  -0.0000123100    0.0000439800    0.0000439800
  -0.0000000000    0.0000314500    0.0000395900
  -0.0000000000    0.0000183000    0.0000181300
  -0.0000000000    0.0000395900    0.0000314500
  -0.0000000000    0.0000181300    0.0000183000
   0.0000123100    0.0000439800    0.0000439800
  -0.0000097400    0.0000449600    0.0000449600
   0.0038919900    0.0038435800   -0.0038886700
   0.0038602400    0.0038593500   -0.0039064900
   0.0038752400    0.0038304500   -0.0039171900
   0.0038736000    0.0039075300   -0.0038458800
   0.0039091000    0.0049626700   -0.0028644700
   0.0038740900    0.0038380600   -0.0039110800
   0.0039022000    0.0038908400   -0.0039414800
   0.0038483600    0.0038080600   -0.0038588700
   0.0012299500    0.0013686500    0.0013686500
   0.0013229600    0.0013265300    0.0013265300
   0.0012994700    0.0012974700    0.0012763600
   0.0012528700    0.0015209600    0.0012853600
   0.0012994700    0.0012763600    0.0012974700
   0.0012528700    0.0012853600    0.0015209600
   0.0016073200    0.0012562300    0.0012562300
   0.0013762500    0.0014081700    0.0014081700
   0.0013507100   -0.0013454600   -0.0013454600
   0.0014434100   -0.0013078700   -0.0013078700
   0.0013744000   -0.0013988500   -0.0013753900
   0.0014245700   -0.0013829100   -0.0011589400
   0.0013744000   -0.0013753900   -0.0013988500
   0.0014245700   -0.0011589400   -0.0013829100
   0.0012942100   -0.0012625600   -0.0012625600
   0.0010663300   -0.0014236400   -0.0014236400
  -0.0012836500    0.0013078800   -0.0013078900
  -0.0013921400    0.0013685100   -0.0013661300
  -0.0013365200    0.0014730200   -0.0011993200
  -0.0013382400    0.0016055900   -0.0010676800
  -0.0013366000    0.0013136900   -0.0013573700
  -0.0013373500    0.0013692500   -0.0013068000
  -0.0010785400    0.0013470700   -0.0016572300
  -0.0016041300    0.0010097200   -0.0013364200
  -0.0039022000    0.0038908400   -0.0039414800
  -0.0038483600    0.0038080600   -0.0038588700
  -0.0038736000    0.0039075300   -0.0038458800
  -0.0038752400    0.0038304500   -0.0039171900
  -0.0038740900    0.0038380600   -0.0039110800
  -0.0039091000    0.0049626700   -0.0028644700
  -0.0038919900    0.0038435800   -0.0038886700
  -0.0038602400    0.0038593500   -0.0039064900
   0.0038933400   -0.0039147100   -0.0039147100
   0.0039047100   -0.0038774800   -0.0038774800
   0.0038515900   -0.0038901000   -0.0038738900
   0.0036097100   -0.0038756800   -0.0036566800
   0.0038515900   -0.0038738900   -0.0038901000
   0.0036097100   -0.0036566800   -0.0038756800
  -0.0053217800    0.0063349500    0.0063349500
   0.0038624200   -0.0036403900   -0.0036403900
   0.0038418300    0.0038758000    0.0038758000
   0.0038587800    0.0038332100    0.0038332100
   0.0039006000    0.0038761400    0.0038602400
   0.0041433600    0.0040963900    0.0038720400
   0.0039006000    0.0038602400    0.0038761400
   0.0041433600    0.0038720400    0.0040963900
   0.0038843000    0.0041138000    0.0041138000
   0.0126577700    0.0137397100    0.0137397100
  -0.0012836500   -0.0013078900    0.0013078800
  -0.0013921400   -0.0013661300    0.0013685100
  -0.0013366000   -0.0013573700    0.0013136900
  -0.0013373500   -0.0013068000    0.0013692500
  -0.0013365200   -0.0011993200    0.0014730200
  -0.0013382400   -0.0010676800    0.0016055900
  -0.0010785400   -0.0016572300    0.0013470700
  -0.0016041300   -0.0013364200    0.0010097200
   0.0161150900   -0.0000011500   -0.0000011500
   0.0161187100    0.0005219900    0.0005219900
   0.0158145000    0.0000241100   -0.0003498100
   0.0164024500   -0.0003479400    0.0000240900
   0.0158145000   -0.0003498100    0.0000241100
   0.0164024500    0.0000240900   -0.0003479400
   0.0161138500    0.0000536100    0.0000536100
   0.0161129900   -0.0000370200   -0.0000370200
   0.0000167700    0.0161349200   -0.0000177800
   0.0003501600    0.0162652000   -0.0003450300
  -0.0000000000    0.0125720000    0.0005250200
  -0.0000000000    0.0165546500   -0.0003204200
  -0.0000000000    0.0159646500    0.0003767800
  -0.0000000000    0.0157508500    0.0000475700
  -0.0003501600    0.0162652000   -0.0003450300
  -0.0000167700    0.0161349200   -0.0000177800
  -0.0000204400   -0.0000192100   -0.0160896700
  -0.0003472900   -0.0003412100   -0.0159641500
  -0.0000000000   -0.0003314900   -0.0156576800
  -0.0000000000    0.0005075500   -0.0196796400
  -0.0000000000    0.0000482400   -0.0164780900
  -0.0000000000    0.0003688500   -0.0162526900
   0.0003472900   -0.0003412100   -0.0159641500
   0.0000204400   -0.0000192100   -0.0160896700
   0.0000167700   -0.0000177800    0.0161349200
   0.0003501600   -0.0003450300    0.0162652000
  -0.0000000000    0.0003767800    0.0159646500
  -0.0000000000    0.0000475700    0.0157508500
  -0.0000000000    0.0005250200    0.0125720000
  -0.0000000000   -0.0003204200    0.0165546500
  -0.0003501600   -0.0003450300    0.0162652000
  -0.0000167700   -0.0000177800    0.0161349200
  -0.0000204400   -0.0160896700   -0.0000192100
  -0.0003472900   -0.0159641500   -0.0003412100
  -0.0000000000   -0.0164780900    0.0000482400
  -0.0000000000   -0.0162526900    0.0003688500
  -0.0000000000   -0.0156576800   -0.0003314900
  -0.0000000000   -0.0196796400    0.0005075500
   0.0003472900   -0.0159641500   -0.0003412100
   0.0000204400   -0.0160896700   -0.0000192100
  -0.0161129900   -0.0000370200   -0.0000370200
  -0.0161138500    0.0000536100    0.0000536100
  -0.0158145000    0.0000241100   -0.0003498100
  -0.0164024500   -0.0003479400    0.0000240900
  -0.0158145000   -0.0003498100    0.0000241100
  -0.0164024500    0.0000240900   -0.0003479400
  -0.0161187100    0.0005219900    0.0005219900
  -0.0161150900   -0.0000011500   -0.0000011500

9    
  0.0070710678118655   0.0000000000000000   0.0070710678118655
  -0.0002470700    0.0011026700    0.0011356300
  -0.0002411900    0.0010942000    0.0011281300
  -0.0000744000    0.0000000300    0.0000567100
  -0.0000711400   -0.0000013600    0.0000554100
  -0.0001073900    0.0000108600    0.0000447300
  -0.0001081100    0.0000114900    0.0000443200
   0.0000232700   -0.0000293300   -0.0000140800
   0.0000231100   -0.0000300800   -0.0000129500
  -0.0914391300    0.0048622400   -0.0550116400
  -0.0001945100    0.0001740900    0.0001004200
   0.0001547700    0.0001224600    0.0002782100
  -0.0000532800   -0.0000882500   -0.0001327800
   0.0001105600    0.0001642600    0.0000316200
  -0.0000973700   -0.0000398900    0.0000213500
   0.0000235500    0.0000391700   -0.0000540600
   0.0000411100   -0.0000987400    0.0000530000
   0.0006578000   -0.0008290400   -0.0000334600
   0.0000605800   -0.0000334700   -0.0000096200
   0.0000600300   -0.0000317400   -0.0000084500
   0.0006640600   -0.0008300600   -0.0000386900
   0.0000063900    0.0000285500    0.0000162200
   0.0000129500    0.0000771800   -0.0000524800
   0.0000138600    0.0000763300   -0.0000523700
   0.0000063300    0.0000282400    0.0000185800
   0.0012873400    0.0000729000    0.0014240200
   0.0000020900    0.0000353600    0.0000578500
   0.0012840100    0.0000728800    0.0014111500
   0.0000068700    0.0000359300    0.0000566200
   0.0000199600    0.0000068700   -0.0000723000
   0.0000136300   -0.0000312400    0.0000119800
   0.0000183500    0.0000098300   -0.0000724300
   0.0000135100   -0.0000354900    0.0000123400
   0.0206390300   -0.0062732100    0.0081219400
   0.0014099500    0.0012882200   -0.0013706100
   0.0015626600    0.0014175800   -0.0011637200
   0.0014081000    0.0012121900   -0.0013834400
   0.0013534600    0.0013054000   -0.0013340100
   0.0014138500    0.0013460700   -0.0014122500
   0.0012762400    0.0012515900   -0.0012600400
   0.0012515700    0.0012858200   -0.0012909100
  -0.0029233200   -0.0035698300   -0.0021620000
  -0.0040719700   -0.0037589900   -0.0037862200
  -0.0039146900   -0.0038939700   -0.0040044400
  -0.0039801100   -0.0038422000   -0.0038284300
  -0.0038401400   -0.0039262600   -0.0038286200
  -0.0041132900   -0.0038663000   -0.0037565200
  -0.0038208700   -0.0038268200   -0.0038635800
  -0.0038726000   -0.0038590900   -0.0038879900
   0.0035543900    0.0082914700    0.0096827900
  -0.0038153700    0.0039229900    0.0038968300
  -0.0036813800    0.0038984900    0.0038931500
  -0.0038907300    0.0039863100    0.0038959900
  -0.0038111900    0.0038082100    0.0039386400
  -0.0038173600    0.0038340400    0.0039025600
  -0.0038680100    0.0038848000    0.0038483200
  -0.0038855300    0.0038975500    0.0038666300
   0.0021796100   -0.0031560700    0.0035564200
   0.0039141000   -0.0038815700    0.0039482800
   0.0039366500   -0.0038799200    0.0036441300
   0.0039971900   -0.0039178400    0.0041014500
   0.0039009800   -0.0038179300    0.0038094000
   0.0038855400   -0.0038212200    0.0037770700
   0.0038934200   -0.0038910600    0.0039157100
   0.0039555500   -0.0039106600    0.0039074800
   0.0095334200    0.0023984600   -0.0005160700
   0.0014023300   -0.0014236900    0.0013414700
   0.0013506100   -0.0013057000    0.0013424600
   0.0014106800   -0.0014456500    0.0013195300
   0.0013899600   -0.0013394900    0.0013737000
   0.0012291600   -0.0013356700    0.0013901700
   0.0013201400   -0.0012806600    0.0012725900
   0.0013404400   -0.0013197500    0.0013160000
  -0.0001469400    0.0009160000    0.0006056800
  -0.0013911000    0.0014530000    0.0014655300
  -0.0013828200    0.0012237900    0.0012219600
  -0.0013212600    0.0016683700    0.0012661600
  -0.0013682100    0.0013714500    0.0013095500
  -0.0016248700    0.0013178600    0.0016995100
  -0.0012766100    0.0012443100    0.0013042500
  -0.0012438200    0.0012182100    0.0012703300
   0.0015448200   -0.0002902400   -0.0006057200
  -0.0013022800   -0.0013993400   -0.0013890200
  -0.0010448200   -0.0012664000   -0.0014945200
  -0.0013034000   -0.0013049700   -0.0013289500
  -0.0013404400   -0.0015199400   -0.0013167300
  -0.0012923100   -0.0014167400   -0.0014586500
  -0.0013631400   -0.0013338600   -0.0012768600
  -0.0013224200   -0.0013124600   -0.0012581900
  -0.0039689100   -0.0037935800    0.0038195300
  -0.0035415700   -0.0037964200    0.0037944600
  -0.0040148700   -0.0039098400    0.0039766400
  -0.0039584200   -0.0037519600    0.0036337600
  -0.0039049200   -0.0039052200    0.0039493100
  -0.0039217700   -0.0039880000    0.0038908300
  -0.0044882400   -0.0040042100    0.0044002900
  -0.0037849500   -0.0038026400    0.0038688000
   0.0002058100   -0.0002475800    0.0000800100
   0.0000376900    0.0000411900   -0.0000141200
   0.0000336000    0.0000006900    0.0000328500
  -0.0000292600    0.0000271900    0.0000606800
   0.0000411600    0.0000397000   -0.0000127300
   0.0002122600   -0.0002451200    0.0000799900
  -0.0000320400    0.0000317700    0.0000615800
   0.0000344500    0.0000010000    0.0000330100
   0.0008326000    0.0005104300    0.0002866500
  -0.0000163100    0.0000387200   -0.0000158800
  -0.0000242500   -0.0000565100   -0.0000720000
   0.0000407400    0.0000073300   -0.0000164000
   0.0008394100    0.0005062000    0.0002806700
  -0.0000175100    0.0000370200   -0.0000120900
  -0.0000244300   -0.0000568000   -0.0000745200
   0.0000377400    0.0000077200   -0.0000181600
   0.0001985600    0.0000023600    0.0003091900
  -0.0000406500   -0.0000014700   -0.0001058000
  -0.0001382400    0.0000520800    0.0004604600
  -0.0001393500   -0.0000527000    0.0000088900
  -0.0001391200   -0.0000513100    0.0000080500
  -0.0001402300    0.0000524800    0.0004661500
  -0.0000408700   -0.0000016300   -0.0001057700
   0.0001936700    0.0000010200    0.0003066500
   0.0032671000    0.0037479700   -0.0033482900
   0.0039638400    0.0039509900   -0.0038813400
   0.0038474500    0.0038470900   -0.0038041000
   0.0038326500    0.0037635800   -0.0038569400
   0.0037351100    0.0038373700   -0.0037759200
   0.0037879700    0.0040021700   -0.0041085400
   0.0037801700    0.0039587400   -0.0039301300
   0.0042109900    0.0039525200   -0.0039590300
   0.0013115100    0.0013413300    0.0013995100
   0.0013516900    0.0013621100    0.0014152300
   0.0013298600    0.0011507900    0.0013610900
   0.0013822700    0.0012556300    0.0012148000
   0.0016315100    0.0014083900    0.0011738200
   0.0013677200    0.0013679200    0.0013435600
   0.0042074600    0.0023719300    0.0020688200
   0.0013724000    0.0012752200    0.0012883300
   0.0013971300   -0.0014303100   -0.0013742300
   0.0014273800   -0.0014534600   -0.0014016600
   0.0013016600   -0.0012973800   -0.0013590300
   0.0010583900   -0.0013615000   -0.0009826200
   0.0012906300   -0.0014489600   -0.0014546800
   0.0013523000   -0.0010001300   -0.0014075600
   0.0025352800   -0.0017587800   -0.0020634900
   0.0012836000   -0.0012218200   -0.0012114700
  -0.0013557200    0.0013930600   -0.0014013800
  -0.0013284000    0.0013526800   -0.0013578800
  -0.0012851500    0.0013302300   -0.0012999500
  -0.0014454100    0.0013383600   -0.0012854000
  -0.0013215100    0.0013661300   -0.0013318900
  -0.0012653000    0.0012312600   -0.0013568400
   0.0068665500    0.0050597500   -0.0031497100
  -0.0012706600    0.0012474600   -0.0013305400
  -0.0038610300    0.0038596600   -0.0038314500
  -0.0037961900    0.0038428300   -0.0038428300
  -0.0038515600    0.0039348200   -0.0039407600
  -0.0038672400    0.0039287000   -0.0039733100
  -0.0038057600    0.0038767200   -0.0041022200
  -0.0037565500    0.0038288900   -0.0036474300
  -0.0055558300    0.0045931200   -0.0042031200
  -0.0038375300    0.0038708400   -0.0038001600
   0.0038848200   -0.0038659600   -0.0039023200
   0.0038668400   -0.0038527600   -0.0038816100
   0.0039445900   -0.0039430000   -0.0038105100
   0.0039324000   -0.0039192300   -0.0038479100
   0.0040748100   -0.0038552500   -0.0038552800
   0.0038592000   -0.0037657800   -0.0038557000
   0.0109905000    0.0002045300    0.0016179100
   0.0039367100   -0.0038290100   -0.0038555100
   0.0039330300    0.0039224700    0.0038865000
   0.0038784400    0.0038935100    0.0038628400
   0.0039094500    0.0038295800    0.0039214200
   0.0036410700    0.0038832400    0.0039903800
   0.0038388600    0.0038566500    0.0037455800
   0.0037692600    0.0039071200    0.0039253700
   0.0048967400    0.0041274300    0.0055259700
   0.0036781400    0.0039914100    0.0039661200
  -0.0013975400   -0.0014256500    0.0014180200
  -0.0014182100   -0.0013845300    0.0013802300
  -0.0013206200   -0.0013665600    0.0013403000
  -0.0012599600   -0.0013280800    0.0012656100
  -0.0011069700   -0.0012517500    0.0015156100
  -0.0012688400   -0.0014650400    0.0012935800
   0.0170983100   -0.0085465900    0.0104876200
  -0.0012637400   -0.0013864600    0.0013030800
   0.0152910700   -0.0014624000   -0.0015003400
   0.0165049700    0.0006149200    0.0005755300
   0.0176159400   -0.0019432300    0.0015431700
   0.0161593800   -0.0000279400   -0.0000999800
   0.0148235000   -0.0000827000   -0.0003360800
   0.0160813700   -0.0001138700   -0.0000122300
   0.0161748900    0.0001347000   -0.0000605800
   0.0161070300    0.0000770100   -0.0001103600
   0.0000837200    0.0162073900   -0.0000686500
   0.0000684800    0.0160930400   -0.0002011800
   0.0020960600    0.0140173600    0.0068066500
   0.0000743800    0.0161886500   -0.0000217800
   0.0002979200    0.0165300300    0.0001039700
  -0.0000695300    0.0161049800    0.0000449300
   0.0001700900    0.0161768100   -0.0000054600
  -0.0000603100    0.0158972800   -0.0000108700
   0.0001755000   -0.0000075200   -0.0158939900
  -0.0001459800    0.0001145100   -0.0162509300
   0.0021165500   -0.0007431100   -0.0152358600
   0.0000730000    0.0000490600   -0.0158358600
   0.0002983600   -0.0001806400   -0.0157117200
  -0.0000704700    0.0000324100   -0.0162889900
   0.0001750200    0.0000639100   -0.0159506100
   0.0000614200   -0.0002037300   -0.0159694600
   0.0001689200    0.0000611200    0.0162836600
   0.0000613500   -0.0001998200    0.0162492900
   0.0002951700   -0.0001853800    0.0165120000
  -0.0000656100    0.0000341600    0.0159464200
   0.0021068400   -0.0007271800    0.0169726300
   0.0000720100    0.0000505700    0.0163947400
   0.0001781700   -0.0000034600    0.0163375500
  -0.0001378300    0.0001093700    0.0159737200
   0.0001698200   -0.0160558800   -0.0000043300
  -0.0000600600   -0.0163373400   -0.0000153200
   0.0002952400   -0.0157009000    0.0001087000
  -0.0000662200   -0.0161285000    0.0000392600
   0.0021267300   -0.0182396700    0.0070458500
   0.0000710000   -0.0160415500   -0.0000189700
   0.0000966900   -0.0160330300   -0.0000617500
   0.0000682100   -0.0161328800   -0.0001959200
  -0.0160593800    0.0001305300   -0.0000611100
  -0.0161242500    0.0000804500   -0.0001131000
  -0.0174075000   -0.0000827300   -0.0003135800
  -0.0161499800   -0.0001118700   -0.0000159900
  -0.0146102900   -0.0019521100    0.0015373300
  -0.0160695000   -0.0000278500   -0.0000981700
  -0.0169512600   -0.0014529000   -0.0014967000
  -0.0157318100    0.0006103000    0.0005737300

33   
  0.0070710678118655   0.0070710678118655   0.0000000000000000
  -0.0000842800   -0.0000842800   -0.0001843600
   0.0002300600   -0.0000960100    0.0000404100
  -0.0000960100    0.0002300600    0.0000404100
   0.0000298400    0.0000298400    0.0001081300
   0.0000737100    0.0000737100   -0.0000414300
  -0.0000792900   -0.0000213900   -0.0000012000
  -0.0000213900   -0.0000792900   -0.0000012000
  -0.0000088200   -0.0000088200    0.0000917700
   0.0079667300   -0.0015603400    0.0034744100
   0.0000885400   -0.0000141400   -0.0000681200
   0.0001017600   -0.0000155300    0.0002116300
  -0.0000005700   -0.0000557500   -0.0000536500
   0.0000817300   -0.0000678000   -0.0000947500
   0.0000338100    0.0000173700    0.0000504100
  -0.0001097600    0.0000308200   -0.0000377100
  -0.0000719500    0.0000562300   -0.0000613700
  -0.0015603400    0.0079667300    0.0034744100
  -0.0000155300    0.0001017600    0.0002116300
  -0.0000141400    0.0000885400   -0.0000681200
  -0.0000557500   -0.0000005700   -0.0000536500
  -0.0000678000    0.0000817300   -0.0000947500
   0.0000308200   -0.0001097600   -0.0000377100
   0.0000173700    0.0000338100    0.0000504100
   0.0000562300   -0.0000719500   -0.0000613700
   0.0055975500    0.0055975500    0.0112423700
   0.0000600200    0.0000710500    0.0000196000
   0.0000710500    0.0000600200    0.0000196000
   0.0000574600    0.0000574600   -0.0000380800
   0.0000246900    0.0000246900    0.0001417400
  -0.0000549300    0.0000597400   -0.0000269400
   0.0000597400   -0.0000549300   -0.0000269400
   0.0000270800    0.0000270800    0.0000669900
  -0.0640281900   -0.0640281900   -0.0111329700
   0.0012478000    0.0012786400   -0.0012879400
   0.0012786400    0.0012478000   -0.0012879400
   0.0012500300    0.0012500300   -0.0013149000
   0.0013697100    0.0013697100   -0.0012756600
   0.0013117600    0.0013062600   -0.0013348300
   0.0013062600    0.0013117600   -0.0013348300
   0.0013998200    0.0013998200   -0.0013862500
  -0.0008699200   -0.0008699200   -0.0002533400
  -0.0038377800   -0.0038782600   -0.0037414400
  -0.0038782600   -0.0038377800   -0.0037414400
  -0.0039088500   -0.0039088500   -0.0038984300
  -0.0039792000   -0.0039792000   -0.0039098800
  -0.0039062000   -0.0038684400   -0.0038774400
  -0.0038684400   -0.0039062000   -0.0038774400
  -0.0038755100   -0.0038755100   -0.0039177900
  -0.0041038700    0.0103125900    0.0052867100
  -0.0037605800    0.0039751700    0.0040205600
  -0.0039457900    0.0038632500    0.0038402100
  -0.0039398400    0.0038535300    0.0037455600
  -0.0039438700    0.0038278200    0.0039064600
  -0.0039990500    0.0038446100    0.0039278300
  -0.0038972400    0.0038503100    0.0039736300
  -0.0038518400    0.0038074400    0.0039093400
   0.0103125900   -0.0041038700    0.0052867100
   0.0038632500   -0.0039457900    0.0038402100
   0.0039751700   -0.0037605800    0.0040205600
   0.0038535300   -0.0039398400    0.0037455600
   0.0038278200   -0.0039438700    0.0039064600
   0.0038503100   -0.0038972400    0.0039736300
   0.0038446100   -0.0039990500    0.0039278300
   0.0038074400   -0.0038518400    0.0039093400
   0.0043607400    0.0030135100   -0.0023809100
   0.0013815800   -0.0012574500    0.0012858600
   0.0011419200   -0.0014206700    0.0012455500
   0.0011829700   -0.0012194700    0.0013900300
   0.0011613600   -0.0012426600    0.0012293100
   0.0012795700   -0.0012838200    0.0012949200
   0.0014440700   -0.0011418900    0.0009374300
   0.0012775500   -0.0013670500    0.0014192600
   0.0030135100    0.0043607400   -0.0023809100
  -0.0014206700    0.0011419200    0.0012455500
  -0.0012574500    0.0013815800    0.0012858600
  -0.0012194700    0.0011829700    0.0013900300
  -0.0012426600    0.0011613600    0.0012293100
  -0.0011418900    0.0014440700    0.0009374300
  -0.0012838200    0.0012795700    0.0012949200
  -0.0013670500    0.0012775500    0.0014192600
   0.0087652400    0.0087652400   -0.0031564400
  -0.0013353100   -0.0012279700   -0.0012425100
  -0.0012279700   -0.0013353100   -0.0012425100
  -0.0012549500   -0.0012549500   -0.0012866300
  -0.0008099200   -0.0008099200   -0.0012714800
  -0.0012542700   -0.0013096400   -0.0013576700
  -0.0013096400   -0.0012542700   -0.0013576700
  -0.0013880600   -0.0013880600   -0.0013987500
  -0.0038945400   -0.0038945400    0.0038528800
  -0.0044212500   -0.0034335300    0.0034721500
  -0.0034335300   -0.0044212500    0.0034721500
  -0.0036463500   -0.0036463500    0.0040982100
  -0.0039335100   -0.0039335100    0.0038872900
  -0.0039312300   -0.0037615900    0.0039047000
  -0.0037615900   -0.0039312300    0.0039047000
  -0.0040437400   -0.0040437400    0.0040113900
   0.0003070300    0.0003070300   -0.0014475100
   0.0000229900   -0.0002136800   -0.0000121400
  -0.0002136800    0.0000229900   -0.0000121400
  -0.0000298900   -0.0000298900   -0.0000959500
   0.0000656800    0.0000656800    0.0001760100
   0.0001225300    0.0000485700    0.0002113900
   0.0000485700    0.0001225300    0.0002113900
  -0.0000396000   -0.0000396000   -0.0001417200
   0.0008453200    0.0027684500   -0.0011560900
   0.0000214100    0.0000148900    0.0000481100
  -0.0000270500    0.0000647400    0.0000849800
  -0.0000714100   -0.0000032600   -0.0000644000
   0.0003808900   -0.0002518700   -0.0000639400
   0.0000842000   -0.0000973600   -0.0000720000
  -0.0000368300    0.0000526200   -0.0003091100
  -0.0000305600    0.0001228600    0.0000849900
   0.0027684500    0.0008453200   -0.0011560900
   0.0000647400   -0.0000270500    0.0000849800
   0.0000148900    0.0000214100    0.0000481100
  -0.0000032600   -0.0000714100   -0.0000644000
  -0.0002518700    0.0003808900   -0.0000639400
   0.0000526200   -0.0000368300   -0.0003091100
  -0.0000973600    0.0000842000   -0.0000720000
   0.0001228600   -0.0000305600    0.0000849900
   0.0049135900    0.0049135900   -0.0047621200
   0.0038734200    0.0039134500   -0.0039344000
   0.0039134500    0.0038734200   -0.0039344000
   0.0039568300    0.0039568300   -0.0039156500
   0.0043755200    0.0043755200   -0.0030328000
   0.0042009400    0.0032855800   -0.0042622800
   0.0032855800    0.0042009400   -0.0042622800
   0.0039860400    0.0039860400   -0.0039951300
   0.0012934700    0.0012934700    0.0012377700
   0.0012767000    0.0014363000    0.0015590100
   0.0014363000    0.0012767000    0.0015590100
   0.0013407000    0.0013407000    0.0015372300
   0.0015396100    0.0015396100    0.0014269900
   0.0012571600    0.0014555000    0.0013850400
   0.0014555000    0.0012571600    0.0013850400
   0.0014532300    0.0014532300    0.0012725700
   0.0012648500   -0.0013145300   -0.0012667600
   0.0014085700   -0.0014601700   -0.0014326900
   0.0014352100   -0.0011731900   -0.0014418300
   0.0013588400   -0.0013476400   -0.0012814200
   0.0014047900   -0.0013020700   -0.0015952500
   0.0015694800   -0.0001855500   -0.0013982100
   0.0015352200   -0.0013316400   -0.0012974500
   0.0013489900   -0.0012858600   -0.0013776200
  -0.0013145300    0.0012648500   -0.0012667600
  -0.0011731900    0.0014352100   -0.0014418300
  -0.0014601700    0.0014085700   -0.0014326900
  -0.0013476400    0.0013588400   -0.0012814200
  -0.0013020700    0.0014047900   -0.0015952500
  -0.0013316400    0.0015352200   -0.0012974500
  -0.0001855500    0.0015694800   -0.0013982100
  -0.0012858600    0.0013489900   -0.0013776200
  -0.0038808400    0.0038371100   -0.0038388400
  -0.0033958000    0.0040618300   -0.0039207100
  -0.0038634000    0.0038437000   -0.0038442700
  -0.0038364000    0.0038898100   -0.0038736400
  -0.0039006800    0.0041449300   -0.0029492900
  -0.0039565400    0.0049780200   -0.0028315100
  -0.0037873800    0.0039882000   -0.0039675800
  -0.0037594600    0.0038793300   -0.0038189500
   0.0038371100   -0.0038808400   -0.0038388400
   0.0038437000   -0.0038634000   -0.0038442700
   0.0040618300   -0.0033958000   -0.0039207100
   0.0038898100   -0.0038364000   -0.0038736400
   0.0041449300   -0.0039006800   -0.0029492900
   0.0039882000   -0.0037873800   -0.0039675800
   0.0049780200   -0.0039565400   -0.0028315100
   0.0038793300   -0.0037594600   -0.0038189500
   0.0038460500    0.0038460500    0.0038568400
   0.0038136900    0.0039029500    0.0038440800
   0.0039029500    0.0038136900    0.0038440800
   0.0039772500    0.0039772500    0.0035629900
   0.0039770700    0.0039770700    0.0041126300
   0.0033751100    0.0039094200    0.0035781800
   0.0039094200    0.0033751100    0.0035781800
   0.0039330400    0.0039330400    0.0038418900
  -0.0013040100   -0.0013040100    0.0013383500
  -0.0011695800   -0.0013050200    0.0012606200
  -0.0013050200   -0.0011695800    0.0012606200
  -0.0012546500   -0.0012546500    0.0013146100
  -0.0017154300   -0.0017154300   -0.0000890500
  -0.0005122000   -0.0016128700    0.0011159300
  -0.0016128700   -0.0005122000    0.0011159300
  -0.0012211000   -0.0012211000    0.0010910600
   0.0166515000    0.0022151000    0.0018965100
   0.0152011000   -0.0002176800    0.0003680600
   0.0159795900    0.0004620500   -0.0002896900
   0.0160884200   -0.0001402700    0.0002429900
   0.0171428400    0.0001473800   -0.0010830200
   0.0164573400    0.0000373300   -0.0000661400
   0.0161062100   -0.0000210200    0.0001833200
   0.0161580700   -0.0000566200    0.0000061000
   0.0022151000    0.0166515000    0.0018965100
   0.0004620500    0.0159795900   -0.0002896900
  -0.0002176800    0.0152011000    0.0003680600
  -0.0001402700    0.0160884200    0.0002429900
   0.0001473800    0.0171428400   -0.0010830200
  -0.0000210200    0.0161062100    0.0001833200
   0.0000373300    0.0164573400   -0.0000661400
  -0.0000566200    0.0161580700    0.0000061000
   0.0001608700    0.0001608700   -0.0161655500
   0.0009664400   -0.0012281400   -0.0161036000
  -0.0012281400    0.0009664400   -0.0161036000
  -0.0001684300   -0.0001684300   -0.0167137500
   0.0003491700    0.0003491700   -0.0166683300
   0.0001013800    0.0000058100   -0.0158695800
   0.0000058100    0.0001013800   -0.0158695800
  -0.0001136200   -0.0001136200   -0.0166839700
  -0.0013875200   -0.0013875200    0.0157378600
   0.0000876300   -0.0000835100    0.0160243000
  -0.0000835100    0.0000876300    0.0160243000
  -0.0000518800   -0.0000518800    0.0162674300
   0.0096610800    0.0096610800    0.0196009700
  -0.0003005700    0.0003268700    0.0159787700
   0.0003268700   -0.0003005700    0.0159787700
   0.0000652400    0.0000652400    0.0164175900
   0.0000962400   -0.0165166800    0.0000546100
  -0.0009604300   -0.0154150200    0.0010559800
  -0.0002175700   -0.0163259600   -0.0000248600
  -0.0000880600   -0.0159436900    0.0000467300
   0.0057837100   -0.0159841000   -0.0039311500
  -0.0002147500   -0.0166586200   -0.0001147500
   0.0001546100   -0.0162208200    0.0002609000
   0.0000308000   -0.0163095100    0.0001252800
  -0.0165166800    0.0000962400    0.0000546100
  -0.0163259600   -0.0002175700   -0.0000248600
  -0.0154150200   -0.0009604300    0.0010559800
  -0.0159436900   -0.0000880600    0.0000467300
  -0.0159841000    0.0057837100   -0.0039311500
  -0.0162208200    0.0001546100    0.0002609000
  -0.0166586200   -0.0002147500   -0.0001147500
  -0.0163095100    0.0000308000    0.0001252800

33   
 -0.0070710678118655  -0.0070710678118655   0.0000000000000000
   0.0000814900    0.0000814900    0.0001703100
  -0.0002274500    0.0000995600   -0.0000392000
   0.0000995600   -0.0002274500   -0.0000392000
  -0.0000290200   -0.0000290200   -0.0001078300
  -0.0000703900   -0.0000703900    0.0000382900
   0.0000804500    0.0000209200    0.0000005500
   0.0000209200    0.0000804500    0.0000005500
   0.0000081100    0.0000081100   -0.0000915600
  -0.0079608200    0.0016275600   -0.0035074900
  -0.0000887600    0.0000133100    0.0000682600
  -0.0001024700    0.0000151300   -0.0002098100
  -0.0000016400    0.0000559500    0.0000546400
  -0.0000835700    0.0000661200    0.0000945100
  -0.0000335700   -0.0000185500   -0.0000516100
   0.0001114500   -0.0000319200    0.0000376000
   0.0000722000   -0.0000552500    0.0000595700
   0.0016275600   -0.0079608200   -0.0035074900
   0.0000151300   -0.0001024700   -0.0002098100
   0.0000133100   -0.0000887600    0.0000682600
   0.0000559500   -0.0000016400    0.0000546400
   0.0000661200   -0.0000835700    0.0000945100
  -0.0000319200    0.0001114500    0.0000376000
  -0.0000185500   -0.0000335700   -0.0000516100
  -0.0000552500    0.0000722000    0.0000595700
  -0.0055528500   -0.0055528500   -0.0110308500
  -0.0000587300   -0.0000716600   -0.0000190900
  -0.0000716600   -0.0000587300   -0.0000190900
  -0.0000585100   -0.0000585100    0.0000383200
  -0.0000229200   -0.0000229200   -0.0001435700
   0.0000531300   -0.0000592700    0.0000272600
  -0.0000592700    0.0000531300    0.0000272600
  -0.0000263000   -0.0000263000   -0.0000660900
   0.0662456700    0.0662456700    0.0085632200
   0.0014278500    0.0013976100   -0.0013892200
   0.0013976100    0.0014278500   -0.0013892200
   0.0014260500    0.0014260500   -0.0013590500
   0.0013055500    0.0013055500   -0.0013977100
   0.0013630800    0.0013676900   -0.0013411900
   0.0013676900    0.0013630800   -0.0013411900
   0.0012719200    0.0012719200   -0.0012885400
  -0.0068801900   -0.0068801900   -0.0075412700
  -0.0039146100   -0.0038714800   -0.0040107700
  -0.0038714800   -0.0039146100   -0.0040107700
  -0.0038438100   -0.0038438100   -0.0038546400
  -0.0037723700   -0.0037723700   -0.0038429100
  -0.0038456700   -0.0038854600   -0.0038742300
  -0.0038854600   -0.0038456700   -0.0038742300
  -0.0038773900   -0.0038773900   -0.0038367300
  -0.0037170400   -0.0024254100    0.0025087200
  -0.0039924300    0.0037775400    0.0037294900
  -0.0038067700    0.0038900800    0.0039122300
  -0.0038123200    0.0039002600    0.0040072900
  -0.0038062100    0.0039266900    0.0038467400
  -0.0037529700    0.0039072600    0.0038255200
  -0.0038564500    0.0039037100    0.0037779500
  -0.0039016400    0.0039464300    0.0038434000
  -0.0024254100   -0.0037170400    0.0025087200
   0.0038900800   -0.0038067700    0.0039122300
   0.0037775400   -0.0039924300    0.0037294900
   0.0039002600   -0.0038123200    0.0040072900
   0.0039266900   -0.0038062100    0.0038467400
   0.0039037100   -0.0038564500    0.0037779500
   0.0039072600   -0.0037529700    0.0038255200
   0.0039464300   -0.0039016400    0.0038434000
  -0.0016962400   -0.0055583400    0.0049069200
   0.0012932700   -0.0014183700    0.0013924500
   0.0015327200   -0.0012547700    0.0014278200
   0.0014947900   -0.0014560800    0.0012841100
   0.0015165800   -0.0014360900    0.0014465900
   0.0013972400   -0.0013906500    0.0013833200
   0.0012298000   -0.0015367100    0.0017416900
   0.0013950300   -0.0013055200    0.0012561100
  -0.0055583400   -0.0016962400    0.0049069200
  -0.0012547700    0.0015327200    0.0014278200
  -0.0014183700    0.0012932700    0.0013924500
  -0.0014560800    0.0014947900    0.0012841100
  -0.0014360900    0.0015165800    0.0014465900
  -0.0015367100    0.0012298000    0.0017416900
  -0.0013906500    0.0013972400    0.0013833200
  -0.0013055200    0.0013950300    0.0012561100
  -0.0107373800   -0.0107373800    0.0004777200
  -0.0013391200   -0.0014478500   -0.0014336400
  -0.0014478500   -0.0013391200   -0.0014336400
  -0.0014202900   -0.0014202900   -0.0013888500
  -0.0018722500   -0.0018722500   -0.0014074700
  -0.0014238100   -0.0013636400   -0.0013191500
  -0.0013636400   -0.0014238100   -0.0013191500
  -0.0012842100   -0.0012842100   -0.0012768500
  -0.0038578600   -0.0038578600    0.0038986300
  -0.0033423000   -0.0043174500    0.0042810600
  -0.0043174500   -0.0033423000    0.0042810600
  -0.0041108100   -0.0041108100    0.0036510000
  -0.0038201300   -0.0038201300    0.0038705300
  -0.0038215700   -0.0039926000    0.0038476800
  -0.0039926000   -0.0038215700    0.0038476800
  -0.0037077700   -0.0037077700    0.0037400700
  -0.0003158900   -0.0003158900    0.0014791400
  -0.0000220000    0.0002126400    0.0000124500
   0.0002126400   -0.0000220000    0.0000124500
   0.0000300500    0.0000300500    0.0000965700
  -0.0000680500   -0.0000680500   -0.0001781300
  -0.0001212100   -0.0000500300   -0.0002130700
  -0.0000500300   -0.0001212100   -0.0002130700
   0.0000396900    0.0000396900    0.0001416500
  -0.0008424100   -0.0027671500    0.0011454700
  -0.0000198300   -0.0000149200   -0.0000499700
   0.0000290400   -0.0000656000   -0.0000861700
   0.0000715400    0.0000040000    0.0000646700
  -0.0003884100    0.0002563300    0.0000633500
  -0.0000854100    0.0000980100    0.0000744500
   0.0000370400   -0.0000512800    0.0003118400
   0.0000315800   -0.0001232700   -0.0000854000
  -0.0027671500   -0.0008424100    0.0011454700
  -0.0000656000    0.0000290400   -0.0000861700
  -0.0000149200   -0.0000198300   -0.0000499700
   0.0000040000    0.0000715400    0.0000646700
   0.0002563300   -0.0003884100    0.0000633500
  -0.0000512800    0.0000370400    0.0003118400
   0.0000980100   -0.0000854100    0.0000744500
  -0.0001232700    0.0000315800   -0.0000854000
   0.0028434500    0.0028434500   -0.0029983600
   0.0038810100    0.0038380900   -0.0038177600
   0.0038380900    0.0038810100   -0.0038177600
   0.0037946100    0.0037946100   -0.0038365500
   0.0033736500    0.0033736500   -0.0047255500
   0.0035502200    0.0044658200   -0.0034880200
   0.0044658200    0.0035502200   -0.0034880200
   0.0037652200    0.0037652200   -0.0037552600
   0.0013831200    0.0013831200    0.0014386700
   0.0014032100    0.0012355000    0.0011118500
   0.0012355000    0.0014032100    0.0011118500
   0.0013319800    0.0013319800    0.0011392500
   0.0011391400    0.0011391400    0.0012399900
   0.0014180600    0.0012202900    0.0012891800
   0.0012202900    0.0014180600    0.0012891800
   0.0012218600    0.0012218600    0.0014040100
   0.0014114000   -0.0013599200   -0.0014096200
   0.0012697900   -0.0012108900   -0.0012401700
   0.0012389100   -0.0015030500   -0.0012315900
   0.0013136800   -0.0013255900   -0.0013920400
   0.0012681300   -0.0013714600   -0.0010840800
   0.0011057000   -0.0024839500   -0.0012736200
   0.0011362900   -0.0013421800   -0.0013747400
   0.0013274900   -0.0013906900   -0.0012981900
  -0.0013599200    0.0014114000   -0.0014096200
  -0.0015030500    0.0012389100   -0.0012315900
  -0.0012108900    0.0012697900   -0.0012401700
  -0.0013255900    0.0013136800   -0.0013920400
  -0.0013714600    0.0012681300   -0.0010840800
  -0.0013421800    0.0011362900   -0.0013747400
  -0.0024839500    0.0011057000   -0.0012736200
  -0.0013906900    0.0013274900   -0.0012981900
  -0.0038722800    0.0039170000   -0.0039137700
  -0.0043541800    0.0036927700   -0.0038347100
  -0.0038886700    0.0039074900   -0.0039077900
  -0.0039178600    0.0038640400   -0.0038795600
  -0.0038474100    0.0036077800   -0.0047993900
  -0.0037858100    0.0027710400   -0.0049322600
  -0.0039636600    0.0037643700   -0.0037849000
  -0.0039930600    0.0038729600   -0.0039336400
   0.0039170000   -0.0038722800   -0.0039137700
   0.0039074900   -0.0038886700   -0.0039077900
   0.0036927700   -0.0043541800   -0.0038347100
   0.0038640400   -0.0039178600   -0.0038795600
   0.0036077800   -0.0038474100   -0.0047993900
   0.0037643700   -0.0039636600   -0.0037849000
   0.0027710400   -0.0037858100   -0.0049322600
   0.0038729600   -0.0039930600   -0.0039336400
   0.0039053900    0.0039053900    0.0038970600
   0.0039382500    0.0038487900    0.0039074300
   0.0038487900    0.0039382500    0.0039074300
   0.0037774500    0.0037774500    0.0041911900
   0.0037755300    0.0037755300    0.0036378200
   0.0043768700    0.0038421900    0.0041752100
   0.0038421900    0.0043768700    0.0041752100
   0.0038194100    0.0038194100    0.0039108300
  -0.0013710300   -0.0013710300    0.0013343300
  -0.0015014900   -0.0013682700    0.0014130400
  -0.0013682700   -0.0015014900    0.0014130400
  -0.0014209900   -0.0014209900    0.0013638400
  -0.0009540600   -0.0009540600    0.0027614800
  -0.0021644500   -0.0010658500    0.0015529100
  -0.0010658500   -0.0021644500    0.0015529100
  -0.0014561100   -0.0014561100    0.0015860100
   0.0155731000   -0.0022387000   -0.0018909500
   0.0170289200    0.0002257600   -0.0003554100
   0.0162463200   -0.0004658300    0.0002976600
   0.0161319900    0.0001420400   -0.0002454100
   0.0150650000   -0.0001527400    0.0011104500
   0.0157652300   -0.0000372000    0.0000669000
   0.0161192800    0.0000205700   -0.0001735000
   0.0160703000    0.0000553800   -0.0000096900
  -0.0022387000    0.0155731000   -0.0018909500
  -0.0004658300    0.0162463200    0.0002976600
   0.0002257600    0.0170289200   -0.0003554100
   0.0001420400    0.0161319900   -0.0002454100
  -0.0001527400    0.0150650000    0.0011104500
   0.0000205700    0.0161192800   -0.0001735000
  -0.0000372000    0.0157652300    0.0000669000
   0.0000553800    0.0160703000   -0.0000096900
  -0.0001648600   -0.0001648600   -0.0160641100
  -0.0009967000    0.0012349500   -0.0161235600
   0.0012349500   -0.0009967000   -0.0161235600
   0.0001699600    0.0001699600   -0.0155040000
  -0.0003528600   -0.0003528600   -0.0155545900
  -0.0001008700   -0.0000159900   -0.0163611800
  -0.0000159900   -0.0001008700   -0.0163611800
   0.0001173600    0.0001173600   -0.0155378600
   0.0014010800    0.0014010800    0.0164881400
  -0.0000887700    0.0000851600    0.0161918800
   0.0000851600   -0.0000887700    0.0161918800
   0.0000527900    0.0000527900    0.0159669900
  -0.0101698400   -0.0101698400    0.0125406200
   0.0003016500   -0.0003305500    0.0162412700
  -0.0003305500    0.0003016500    0.0162412700
  -0.0000685000   -0.0000685000    0.0158048000
  -0.0000944400   -0.0157027800   -0.0000626300
   0.0009690700   -0.0167995300   -0.0010552400
   0.0002146400   -0.0158959200    0.0000219300
   0.0000880100   -0.0162830400   -0.0000518500
  -0.0058223200   -0.0162239800    0.0039725000
   0.0002164800   -0.0155581700    0.0001130000
  -0.0001542900   -0.0160046400   -0.0002573600
  -0.0000313900   -0.0159151700   -0.0001272900
  -0.0157027800   -0.0000944400   -0.0000626300
  -0.0158959200    0.0002146400    0.0000219300
  -0.0167995300    0.0009690700   -0.0010552400
  -0.0162830400    0.0000880100   -0.0000518500
  -0.0162239800   -0.0058223200    0.0039725000
  -0.0160046400   -0.0001542900   -0.0002573600
  -0.0155581700    0.0002164800    0.0001130000
  -0.0159151700   -0.0000313900   -0.0001272900

41   
  0.0000000000000000   0.0070710678118655   0.0070710678118655
   0.0087889200    0.0098667100    0.0098667100
   0.0002529300    0.0002380600    0.0002380600
   0.0001477100    0.0001169400    0.0001013200
  -0.0000091000   -0.0000489200    0.0000344300
   0.0001477100    0.0001013200    0.0001169400
  -0.0000091000    0.0000344300   -0.0000489200
   0.0000523000   -0.0000420400   -0.0000420400
  -0.0000309000   -0.0000005500   -0.0000005500
  -0.0041213900    0.0060785300    0.0060785300
   0.0000671000    0.0001380600    0.0001380600
  -0.0000657500    0.0000635400   -0.0000791300
   0.0000427400    0.0000845700    0.0000372200
  -0.0000657500   -0.0000791300    0.0000635400
   0.0000427400    0.0000372200    0.0000845700
   0.0000384900    0.0000207100    0.0000207100
  -0.0000048100    0.0000095700    0.0000095700
  -0.0009051900    0.0021669700    0.0005032400
   0.0000580100   -0.0000709300   -0.0000997900
  -0.0000485500   -0.0000339600   -0.0000718100
  -0.0002017600   -0.0000249300   -0.0000305600
  -0.0000779900    0.0000220700    0.0000573800
   0.0000524800    0.0000511200    0.0000174700
  -0.0001019800    0.0000329800   -0.0001496300
   0.0000261400   -0.0000065500   -0.0000041200
  -0.0008391200   -0.0004378400   -0.0015747400
   0.0001731900   -0.0001663600   -0.0000055900
   0.0000124600    0.0002917800    0.0000526600
  -0.0000621500    0.0000093500    0.0001030800
   0.0000206200    0.0000507400    0.0000106700
   0.0000068200    0.0000091400   -0.0000513600
   0.0000618500    0.0000059200   -0.0000958200
  -0.0001489500   -0.0001517000    0.0002638000
   0.0041490500    0.0053272600    0.0094357700
   0.0013023200    0.0015028300   -0.0011295500
   0.0014906900    0.0013555800   -0.0013357200
   0.0013626900    0.0012567300   -0.0013618400
   0.0013047000    0.0012327200   -0.0013495900
   0.0013463300    0.0013342600   -0.0013467000
   0.0012949700    0.0013467300   -0.0013078200
   0.0012884000    0.0013464800   -0.0014228600
  -0.0101257100   -0.0571582600   -0.0571582600
  -0.0039330700   -0.0037733100   -0.0037733100
  -0.0038002800   -0.0040006500   -0.0039057800
  -0.0039295300   -0.0038851000   -0.0039224600
  -0.0038002800   -0.0039057800   -0.0040006500
  -0.0039295300   -0.0039224600   -0.0038851000
  -0.0039215600   -0.0038920400   -0.0038920400
  -0.0039063200   -0.0038321700   -0.0038321700
  -0.0041525100    0.0065428700    0.0065428700
  -0.0038228500    0.0056322200    0.0056322200
  -0.0039367200    0.0038812700    0.0038869300
  -0.0039290400    0.0038886800    0.0038799500
  -0.0039367200    0.0038869300    0.0038812700
  -0.0039290400    0.0038799500    0.0038886800
  -0.0038933100    0.0037826500    0.0037826500
  -0.0039992000    0.0039872100    0.0039872100
   0.0055240100   -0.0047204400    0.0051631300
   0.0038637100   -0.0039693900    0.0039543700
   0.0046477600   -0.0040853600    0.0048121800
   0.0039880700   -0.0038469200    0.0038298800
   0.0039725400   -0.0038391800    0.0038372800
   0.0038082400   -0.0038627000    0.0038684400
   0.0038553200   -0.0039568400    0.0039681200
   0.0040176500   -0.0040437300    0.0039700600
   0.0041490500    0.0094357700    0.0053272600
   0.0013023200   -0.0011295500    0.0015028300
   0.0013047000   -0.0013495900    0.0012327200
   0.0013463300   -0.0013467000    0.0013342600
   0.0014906900   -0.0013357200    0.0013555800
   0.0013626900   -0.0013618400    0.0012567300
   0.0012949700   -0.0013078200    0.0013467300
   0.0012884000   -0.0014228600    0.0013464800
   0.0032436900    0.0043386800    0.0043386800
  -0.0012676300    0.0012340800    0.0012340800
  -0.0013369800    0.0013070000    0.0014027900
  -0.0012398900    0.0013355400    0.0013167100
  -0.0013369800    0.0014027900    0.0013070000
  -0.0012398900    0.0013167100    0.0013355400
  -0.0013385400    0.0013041200    0.0013041200
  -0.0013278700    0.0013378200    0.0013378200
  -0.0004566800   -0.0002985800   -0.0002985800
  -0.0011286700   -0.0008363900   -0.0008363900
  -0.0014770400   -0.0013979900   -0.0015397100
  -0.0012672700   -0.0012868900   -0.0013532200
  -0.0014770400   -0.0015397100   -0.0013979900
  -0.0012672700   -0.0013532200   -0.0012868900
  -0.0013214500   -0.0012553000   -0.0012553000
  -0.0012169500   -0.0012268200   -0.0012268200
  -0.0038958400   -0.0038752400    0.0039419600
  -0.0041051400   -0.0040031800    0.0039787800
  -0.0039785200   -0.0040397500    0.0041916300
  -0.0033381600   -0.0023724000    0.0004167200
  -0.0038775300   -0.0039132600    0.0038164600
  -0.0039509300   -0.0040978800    0.0041343100
  -0.0040554000   -0.0038685100    0.0041156400
  -0.0040237300   -0.0039830900    0.0038997400
  -0.0009051900    0.0005032400    0.0021669700
   0.0000580100   -0.0000997900   -0.0000709300
  -0.0000779900    0.0000573800    0.0000220700
   0.0000524800    0.0000174700    0.0000511200
  -0.0000485500   -0.0000718100   -0.0000339600
  -0.0002017600   -0.0000305600   -0.0000249300
  -0.0001019800   -0.0001496300    0.0000329800
   0.0000261400   -0.0000041200   -0.0000065500
  -0.0008391200   -0.0015747400   -0.0004378400
   0.0001731900   -0.0000055900   -0.0001663600
   0.0000206200    0.0000106700    0.0000507400
   0.0000068200   -0.0000513600    0.0000091400
   0.0000124600    0.0000526600    0.0002917800
  -0.0000621500    0.0001030800    0.0000093500
   0.0000618500   -0.0000958200    0.0000059200
  -0.0001489500    0.0002638000   -0.0001517000
  -0.0008477400   -0.0001945400   -0.0001945400
   0.0000981800   -0.0000400900   -0.0000400900
   0.0000664100    0.0002041800   -0.0002958800
  -0.0001264700   -0.0000253800    0.0000017900
   0.0000664100   -0.0002958800    0.0002041800
  -0.0001264700    0.0000017900   -0.0000253800
   0.0000800700    0.0000001600    0.0000001600
   0.0001140600   -0.0000486000   -0.0000486000
   0.0055240100    0.0051631300   -0.0047204400
   0.0038637100    0.0039543700   -0.0039693900
   0.0039725400    0.0038372800   -0.0038391800
   0.0038082400    0.0038684400   -0.0038627000
   0.0046477600    0.0048121800   -0.0040853600
   0.0039880700    0.0038298800   -0.0038469200
   0.0038553200    0.0039681200   -0.0039568400
   0.0040176500    0.0039700600   -0.0040437300
   0.0013582200    0.0013180600    0.0013180600
   0.0013094500    0.0012797100    0.0012797100
   0.0013188400    0.0014431900    0.0012924200
   0.0013208300    0.0013560500    0.0012216300
   0.0013188400    0.0012924200    0.0014431900
   0.0013208300    0.0012216300    0.0013560500
   0.0019512500    0.0015695400    0.0015695400
   0.0012013700    0.0011687600    0.0011687600
   0.0013846200   -0.0013667200   -0.0013667200
   0.0012334500   -0.0012370500   -0.0012370500
   0.0013471500   -0.0013922200   -0.0013178000
   0.0014037500   -0.0019273100   -0.0012112900
   0.0013471500   -0.0013178000   -0.0013922200
   0.0014037500   -0.0012112900   -0.0019273100
   0.0012116600   -0.0012383500   -0.0012383500
   0.0014487000   -0.0012792400   -0.0012792400
  -0.0013609500    0.0013470300   -0.0013631300
  -0.0013488300    0.0013705000   -0.0013314000
  -0.0011805200    0.0014907400   -0.0011582000
  -0.0025136600    0.0010611600   -0.0004261300
  -0.0013835700    0.0013345200   -0.0013849600
  -0.0015154700    0.0015974700   -0.0013743600
  -0.0023690000    0.0012734500   -0.0011106100
  -0.0013558900    0.0014927000   -0.0012948500
  -0.0038958400    0.0039419600   -0.0038752400
  -0.0041051400    0.0039787800   -0.0040031800
  -0.0038775300    0.0038164600   -0.0039132600
  -0.0039509300    0.0041343100   -0.0040978800
  -0.0039785200    0.0041916300   -0.0040397500
  -0.0033381600    0.0004167200   -0.0023724000
  -0.0040554000    0.0041156400   -0.0038685100
  -0.0040237300    0.0038997400   -0.0039830900
   0.0039449200   -0.0038246100   -0.0038246100
   0.0038446000   -0.0039453900   -0.0039453900
   0.0039316300   -0.0041144400   -0.0039894800
   0.0040127500   -0.0040969700   -0.0040100300
   0.0039316300   -0.0039894800   -0.0041144400
   0.0040127500   -0.0040100300   -0.0040969700
   0.0031465400   -0.0025624100   -0.0025624100
   0.0038659400   -0.0041403300   -0.0041403300
   0.0038770400    0.0038954200    0.0038954200
   0.0040296700    0.0038548200    0.0038548200
   0.0039401500    0.0040600100    0.0039444500
   0.0037600500    0.0040821500    0.0042870400
   0.0039401500    0.0039444500    0.0040600100
   0.0037600500    0.0042870400    0.0040821500
   0.0047796500    0.0030623400    0.0030623400
   0.0026535500    0.0029547500    0.0029547500
  -0.0013609500   -0.0013631300    0.0013470300
  -0.0013488300   -0.0013314000    0.0013705000
  -0.0013835700   -0.0013849600    0.0013345200
  -0.0015154700   -0.0013743600    0.0015974700
  -0.0011805200   -0.0011582000    0.0014907400
  -0.0025136600   -0.0004261300    0.0010611600
  -0.0023690000   -0.0011106100    0.0012734500
  -0.0013558900   -0.0012948500    0.0014927000
   0.0162024900    0.0008195900    0.0008195900
   0.0063836900    0.0073025400    0.0073025400
   0.0164028400   -0.0001342400    0.0001581500
   0.0162904700   -0.0000189200    0.0000157900
   0.0164028400    0.0001581500   -0.0001342400
   0.0162904700    0.0000157900   -0.0000189200
   0.0158506500    0.0000650700    0.0000650700
   0.0160178500    0.0000640300    0.0000640300
   0.0006242200    0.0160845000    0.0004299300
  -0.0001169000    0.0161001300    0.0002869000
   0.0014362800    0.0159033900    0.0009258200
  -0.0001181800    0.0163078800   -0.0000370100
   0.0000568600    0.0155409000    0.0002127500
   0.0000822000    0.0160265200    0.0000075100
   0.0000510500    0.0164808300   -0.0000142700
  -0.0001210600    0.0160951600   -0.0000705600
  -0.0003581200   -0.0002375100   -0.0162831600
  -0.0001021400    0.0002175600   -0.0168266200
   0.0001215400    0.0014904200   -0.0160624100
   0.0002899800    0.0004349500   -0.0144958100
   0.0000124200   -0.0001162100   -0.0156884100
  -0.0001254300   -0.0002509100   -0.0162002500
  -0.0002062300   -0.0000947900   -0.0161691000
   0.0002097100    0.0001600200   -0.0159620300
   0.0006242200    0.0004299300    0.0160845000
  -0.0001169000    0.0002869000    0.0161001300
   0.0000568600    0.0002127500    0.0155409000
   0.0000822000    0.0000075100    0.0160265200
   0.0014362800    0.0009258200    0.0159033900
  -0.0001181800   -0.0000370100    0.0163078800
   0.0000510500   -0.0000142700    0.0164808300
  -0.0001210600   -0.0000705600    0.0160951600
  -0.0003581200   -0.0162831600   -0.0002375100
  -0.0001021400   -0.0168266200    0.0002175600
   0.0000124200   -0.0156884100   -0.0001162100
  -0.0001254300   -0.0162002500   -0.0002509100
   0.0001215400   -0.0160624100    0.0014904200
   0.0002899800   -0.0144958100    0.0004349500
  -0.0002062300   -0.0161691000   -0.0000947900
   0.0002097100   -0.0159620300    0.0001600200
  -0.0162060600   -0.0003257000   -0.0003257000
  -0.0156673100   -0.0002185500   -0.0002185500
  -0.0169554700    0.0014882300   -0.0002803600
  -0.0161870300   -0.0000668800   -0.0001646000
  -0.0169554700   -0.0002803600    0.0014882300
  -0.0161870300   -0.0001646000   -0.0000668800
  -0.0143406400   -0.0002364000   -0.0002364000
  -0.0163001900   -0.0000168100   -0.0000168100

41   
  0.0000000000000000  -0.0070710678118655  -0.0070710678118655
  -0.0091895500   -0.0102085900   -0.0102085900
  -0.0002512100   -0.0002338100   -0.0002338100
  -0.0001469800   -0.0001173700   -0.0001010000
   0.0000096100    0.0000473700   -0.0000334500
  -0.0001469800   -0.0001010000   -0.0001173700
   0.0000096100   -0.0000334500    0.0000473700
  -0.0000524700    0.0000420600    0.0000420600
   0.0000313100    0.0000009100    0.0000009100
   0.0038183400   -0.0057781400   -0.0057781400
  -0.0000705600   -0.0001353300   -0.0001353300
   0.0000651300   -0.0000636100    0.0000801000
  -0.0000399500   -0.0000840300   -0.0000397200
   0.0000651300    0.0000801000   -0.0000636100
  -0.0000399500   -0.0000397200   -0.0000840300
  -0.0000389500   -0.0000201700   -0.0000201700
   0.0000044100   -0.0000099100   -0.0000099100
   0.0008554100   -0.0021241100   -0.0005449800
  -0.0000586800    0.0000695600    0.0000999700
   0.0000493200    0.0000330600    0.0000734300
   0.0002007100    0.0000288900    0.0000318100
   0.0000783900   -0.0000224700   -0.0000574200
  -0.0000522100   -0.0000519200   -0.0000167900
   0.0001020300   -0.0000287800    0.0001492700
  -0.0000254300    0.0000052300    0.0000037900
   0.0008282700    0.0004353500    0.0015712800
  -0.0001690900    0.0001510700    0.0000048400
  -0.0000139500   -0.0002945700   -0.0000548700
   0.0000609000   -0.0000091500   -0.0001037400
  -0.0000207400   -0.0000494600   -0.0000097700
  -0.0000067200   -0.0000083500    0.0000514300
  -0.0000620100   -0.0000061500    0.0000954000
   0.0001494100    0.0001508900   -0.0002630900
  -0.0013075400   -0.0025189800   -0.0115403600
   0.0013751600    0.0011678800   -0.0015457000
   0.0011807400    0.0013196000   -0.0013373500
   0.0013113700    0.0014165800   -0.0013141600
   0.0013703500    0.0014417400   -0.0013249600
   0.0013263100    0.0013403700   -0.0013281800
   0.0013796200    0.0013268600   -0.0013666500
   0.0013868100    0.0013283100   -0.0012528600
   0.0025318700    0.0490314700    0.0490314700
  -0.0038194900   -0.0039806500   -0.0039806500
  -0.0039537600   -0.0037516600   -0.0038462700
  -0.0038219200   -0.0038666100   -0.0038287400
  -0.0039537600   -0.0038462700   -0.0037516600
  -0.0038219200   -0.0038287400   -0.0038666100
  -0.0038289400   -0.0038584000   -0.0038584000
  -0.0038459300   -0.0039206700   -0.0039206700
  -0.0035971100    0.0012379300    0.0012379300
  -0.0039285900    0.0021262700    0.0021262700
  -0.0038157300    0.0038700700    0.0038641900
  -0.0038222200    0.0038636100    0.0038706600
  -0.0038157300    0.0038641900    0.0038700700
  -0.0038222200    0.0038706600    0.0038636100
  -0.0038589600    0.0039686700    0.0039686700
  -0.0037516200    0.0037651900    0.0037651900
   0.0022377600   -0.0030375400    0.0025888700
   0.0038882800   -0.0037808200    0.0037987500
   0.0031150200   -0.0036649700    0.0029445700
   0.0037651100   -0.0039068700    0.0039211900
   0.0037788300   -0.0039128800    0.0039147800
   0.0039444200   -0.0038911500    0.0038842600
   0.0038955200   -0.0037968400    0.0037839500
   0.0037355500   -0.0037085500    0.0037827900
  -0.0013075400   -0.0115403600   -0.0025189800
   0.0013751600   -0.0015457000    0.0011678800
   0.0013703500   -0.0013249600    0.0014417400
   0.0013263100   -0.0013281800    0.0013403700
   0.0011807400   -0.0013373500    0.0013196000
   0.0013113700   -0.0013141600    0.0014165800
   0.0013796200   -0.0013666500    0.0013268600
   0.0013868100   -0.0012528600    0.0013283100
  -0.0059305600   -0.0016713600   -0.0016713600
  -0.0014094700    0.0014413400    0.0014413400
  -0.0013344900    0.0013692000    0.0012716000
  -0.0014353400    0.0013371900    0.0013588500
  -0.0013344900    0.0012716000    0.0013692000
  -0.0014353400    0.0013588500    0.0013371900
  -0.0013398400    0.0013690500    0.0013690500
  -0.0013460800    0.0013360700    0.0013360700
  -0.0022198900   -0.0023687000   -0.0023687000
  -0.0015510300   -0.0018385400   -0.0018385400
  -0.0011933900   -0.0012762700   -0.0011330000
  -0.0014088200   -0.0013876300   -0.0013207900
  -0.0011933900   -0.0011330000   -0.0012762700
  -0.0014088200   -0.0013207900   -0.0013876300
  -0.0013514100   -0.0014174900   -0.0014174900
  -0.0014560900   -0.0014479200   -0.0014479200
  -0.0038572500   -0.0038764000    0.0038090900
  -0.0036468600   -0.0037478000    0.0037723300
  -0.0037729700   -0.0037086300    0.0035615400
  -0.0044183400   -0.0054032200    0.0072418200
  -0.0038750000   -0.0038395000    0.0039361500
  -0.0038029300   -0.0036537700    0.0036173700
  -0.0036981300   -0.0038848500    0.0036375500
  -0.0037288300   -0.0037705400    0.0038519900
   0.0008554100   -0.0005449800   -0.0021241100
  -0.0000586800    0.0000999700    0.0000695600
   0.0000783900   -0.0000574200   -0.0000224700
  -0.0000522100   -0.0000167900   -0.0000519200
   0.0000493200    0.0000734300    0.0000330600
   0.0002007100    0.0000318100    0.0000288900
   0.0001020300    0.0001492700   -0.0000287800
  -0.0000254300    0.0000037900    0.0000052300
   0.0008282700    0.0015712800    0.0004353500
  -0.0001690900    0.0000048400    0.0001510700
  -0.0000207400   -0.0000097700   -0.0000494600
  -0.0000067200    0.0000514300   -0.0000083500
  -0.0000139500   -0.0000548700   -0.0002945700
   0.0000609000   -0.0001037400   -0.0000091500
  -0.0000620100    0.0000954000   -0.0000061500
   0.0001494100   -0.0002630900    0.0001508900
   0.0008511500    0.0001965700    0.0001965700
  -0.0000968600    0.0000400800    0.0000400800
  -0.0000681800   -0.0002049900    0.0002925900
   0.0001268200    0.0000248500   -0.0000032200
  -0.0000681800    0.0002925900   -0.0002049900
   0.0001268200   -0.0000032200    0.0000248500
  -0.0000804100   -0.0000005000   -0.0000005000
  -0.0001152100    0.0000494100    0.0000494100
   0.0022377600    0.0025888700   -0.0030375400
   0.0038882800    0.0037987500   -0.0037808200
   0.0037788300    0.0039147800   -0.0039128800
   0.0039444200    0.0038842600   -0.0038911500
   0.0031150200    0.0029445700   -0.0036649700
   0.0037651100    0.0039211900   -0.0039068700
   0.0038955200    0.0037839500   -0.0037968400
   0.0037355500    0.0037827900   -0.0037085500
   0.0013134800    0.0013552400    0.0013552400
   0.0013635000    0.0013931700    0.0013931700
   0.0013582700    0.0012300900    0.0013836500
   0.0013497500    0.0013100500    0.0014632600
   0.0013582700    0.0013836500    0.0012300900
   0.0013497500    0.0014632600    0.0013100500
   0.0007231200    0.0011050500    0.0011050500
   0.0014725000    0.0015046500    0.0015046500
   0.0012889400   -0.0013072700   -0.0013072700
   0.0014384100   -0.0014387400   -0.0014387400
   0.0013291400   -0.0012836800   -0.0013565800
   0.0012679000   -0.0007507200   -0.0014532200
   0.0013291400   -0.0013565800   -0.0012836800
   0.0012679000   -0.0014532200   -0.0007507200
   0.0014668900   -0.0014384800   -0.0014384800
   0.0012268400   -0.0013929100   -0.0013929100
  -0.0013141900    0.0013280400   -0.0013119200
  -0.0013280300    0.0013034600   -0.0013435400
  -0.0014980300    0.0011795500   -0.0015178400
  -0.0001611900    0.0016167500   -0.0022488600
  -0.0012907900    0.0013400500   -0.0012903900
  -0.0011589800    0.0010807300   -0.0013015200
  -0.0003088400    0.0014033200   -0.0015716000
  -0.0013178700    0.0011825900   -0.0013782600
  -0.0038572500    0.0038090900   -0.0038764000
  -0.0036468600    0.0037723300   -0.0037478000
  -0.0038750000    0.0039361500   -0.0038395000
  -0.0038029300    0.0036173700   -0.0036537700
  -0.0037729700    0.0035615400   -0.0037086300
  -0.0044183400    0.0072418200   -0.0054032200
  -0.0036981300    0.0036375500   -0.0038848500
  -0.0037288300    0.0038519900   -0.0037705400
   0.0038058800   -0.0039267900   -0.0039267900
   0.0039074300   -0.0038066400   -0.0038066400
   0.0038183700   -0.0036355800   -0.0037614900
   0.0037413800   -0.0036555800   -0.0037448300
   0.0038183700   -0.0037614900   -0.0036355800
   0.0037413800   -0.0037448300   -0.0036555800
   0.0046324800   -0.0051878100   -0.0051878100
   0.0038853400   -0.0036134600   -0.0036134600
   0.0038756700    0.0038574200    0.0038574200
   0.0037231100    0.0038974200    0.0038974200
   0.0038128600    0.0036949600    0.0038073600
   0.0039944200    0.0036731600    0.0034622700
   0.0038128600    0.0038073600    0.0036949600
   0.0039944200    0.0034622700    0.0036731600
   0.0029801400    0.0046874900    0.0046874900
   0.0051044400    0.0048018300    0.0048018300
  -0.0013141900   -0.0013119200    0.0013280400
  -0.0013280300   -0.0013435400    0.0013034600
  -0.0012907900   -0.0012903900    0.0013400500
  -0.0011589800   -0.0013015200    0.0010807300
  -0.0014980300   -0.0015178400    0.0011795500
  -0.0001611900   -0.0022488600    0.0016167500
  -0.0003088400   -0.0015716000    0.0014033200
  -0.0013178700   -0.0013782600    0.0011825900
   0.0160155300   -0.0008222900   -0.0008222900
   0.0260452800   -0.0074730100   -0.0074730100
   0.0158305200    0.0001318000   -0.0001580400
   0.0159418800    0.0000157100   -0.0000180700
   0.0158305200   -0.0001580400    0.0001318000
   0.0159418800   -0.0000180700    0.0000157100
   0.0163752900   -0.0000653000   -0.0000653000
   0.0162076500   -0.0000651100   -0.0000651100
  -0.0006215900    0.0161428100   -0.0004328800
   0.0001100300    0.0161356700   -0.0002881000
  -0.0013969500    0.0162426500   -0.0008753600
   0.0001181700    0.0159211500    0.0000395600
  -0.0000560000    0.0166866500   -0.0002136700
  -0.0000849000    0.0161967800   -0.0000050300
  -0.0000514700    0.0157493500    0.0000136200
   0.0001165900    0.0161317100    0.0000705500
   0.0003593700    0.0002387200   -0.0159429800
   0.0001074300   -0.0002110800   -0.0153823800
  -0.0001172800   -0.0014882400   -0.0161596900
  -0.0002973800   -0.0004423100   -0.0177509800
  -0.0000059400    0.0001166000   -0.0165398500
   0.0001252600    0.0002511500   -0.0160240400
   0.0002053700    0.0000913400   -0.0160568100
  -0.0002083900   -0.0001562900   -0.0162667400
  -0.0006215900   -0.0004328800    0.0161428100
   0.0001100300   -0.0002881000    0.0161356700
  -0.0000560000   -0.0002136700    0.0166866500
  -0.0000849000   -0.0000050300    0.0161967800
  -0.0013969500   -0.0008753600    0.0162426500
   0.0001181700    0.0000395600    0.0159211500
  -0.0000514700    0.0000136200    0.0157493500
   0.0001165900    0.0000705500    0.0161317100
   0.0003593700   -0.0159429800    0.0002387200
   0.0001074300   -0.0153823800   -0.0002110800
  -0.0000059400   -0.0165398500    0.0001166000
   0.0001252600   -0.0160240400    0.0002511500
  -0.0001172800   -0.0161596900   -0.0014882400
  -0.0002973800   -0.0177509800   -0.0004423100
   0.0002053700   -0.0160568100    0.0000913400
  -0.0002083900   -0.0162667400   -0.0001562900
  -0.0160186200    0.0003268700    0.0003268700
  -0.0165655000    0.0002229100    0.0002229100
  -0.0152701200   -0.0014898800    0.0002832400
  -0.0160380100    0.0000669700    0.0001610000
  -0.0152701200    0.0002832400   -0.0014898800
  -0.0160380100    0.0001610000    0.0000669700
  -0.0178927500    0.0002366300    0.0002366300
  -0.0159222600    0.0000196000    0.0000196000

185  
  0.0070710678118655   0.0000000000000000   0.0070710678118655
   0.0000235700    0.0000154700   -0.0000180000
  -0.0035510000   -0.0000000000    0.0005137700
   0.0001521400   -0.0002992100   -0.0003461000
  -0.0002018800   -0.0000000000    0.0003226900
   0.0004941600   -0.0000000000   -0.0002674300
   0.0001521400    0.0002992100   -0.0003461000
  -0.0003667200   -0.0000000000    0.0000545100
   0.0000235700   -0.0000154700   -0.0000180000
  -0.0012611300   -0.0010281800   -0.0010632500
   0.0008158000    0.0001808200    0.0001476300
   0.0010506900   -0.0024197400    0.0019988400
  -0.0000381000   -0.0001080700   -0.0000191600
  -0.0008173400    0.0003791600   -0.0007916900
   0.0000507400   -0.0000295200   -0.0000949800
   0.0000479000    0.0001357600   -0.0000508700
  -0.0000007600    0.0000707100   -0.0001174200
   0.0000976800    0.0001161200   -0.0001042500
   0.0001173000   -0.0000000000    0.0048674100
   0.0000729600   -0.0001367900   -0.0000842900
   0.0003364500   -0.0000000000    0.0000496100
   0.0002186300   -0.0000000000    0.0005181300
   0.0000729600    0.0001367900   -0.0000842900
  -0.0001401500   -0.0000000000    0.0000272500
   0.0000976800   -0.0001161200   -0.0001042500
   0.0008751500    0.0021198500    0.0021220600
  -0.0001460800    0.0001391400   -0.0001347200
   0.0002424900   -0.0000701900    0.0001584700
   0.0002831800   -0.0000713900    0.0000724100
   0.0004061700   -0.0004061500    0.0002970600
   0.0001190900    0.0000361000    0.0000785300
   0.0001680600   -0.0000106800    0.0001633900
  -0.0001733600    0.0000074100   -0.0000676500
   0.0015952900    0.0035054500   -0.0003888400
   0.0007111200    0.0014230000   -0.0002747700
   0.0008845500    0.0013628300   -0.0011900200
   0.0011268700    0.0017773400   -0.0016737800
   0.0016418300    0.0009630900   -0.0019122900
   0.0012934500    0.0016601500   -0.0016913200
   0.0016059100    0.0012460900   -0.0011671800
   0.0015445900    0.0011768300   -0.0011486900
  -0.0038410200   -0.0033299600   -0.0035218000
  -0.0016845000   -0.0048352900   -0.0053550400
  -0.0042194300   -0.0040467600   -0.0032642000
  -0.0036934700   -0.0036502300   -0.0039167000
  -0.0041947700   -0.0036866500   -0.0039188100
  -0.0037437200   -0.0039416700   -0.0036590500
  -0.0038226900   -0.0039401600   -0.0040153400
  -0.0039706600   -0.0039180500   -0.0038654900
   0.0032064200    0.0125804800    0.0121052000
  -0.0040723200    0.0043451500    0.0041468900
  -0.0044246700    0.0032265700    0.0041061500
  -0.0036332800    0.0038221200    0.0037460700
  -0.0044062700    0.0039815600    0.0036511400
  -0.0036818300    0.0037581100    0.0038440000
  -0.0037187100    0.0039362900    0.0039806300
  -0.0038479700    0.0040816100    0.0040016600
   0.0042709800   -0.0036677400    0.0029757400
   0.0039035600   -0.0030160000    0.0053948900
   0.0036203300   -0.0036078200    0.0037282500
   0.0050934600   -0.0045708600    0.0047120400
   0.0041392800   -0.0040524300    0.0039282500
   0.0043138800   -0.0037994900    0.0037484300
   0.0036916400   -0.0037985200    0.0037236500
   0.0037633200   -0.0037780200    0.0038411100
   0.0016056300    0.0001832000    0.0038339800
   0.0007119500   -0.0006083300    0.0008379800
   0.0025487400   -0.0022719300    0.0013212400
   0.0015090400   -0.0015759000    0.0015446600
   0.0014748700   -0.0013590600    0.0015309900
   0.0009095500   -0.0015043400    0.0016105100
   0.0014187400   -0.0012940200    0.0012382400
   0.0013604700   -0.0011369100    0.0013030200
  -0.0005331500    0.0004110600    0.0004983800
   0.0005728900    0.0072405100    0.0090701800
  -0.0015968200    0.0014209000    0.0010772000
  -0.0016777300    0.0016616300    0.0012164600
  -0.0016985000    0.0012069300    0.0014622200
  -0.0017522100    0.0009867100    0.0012631400
  -0.0010560700    0.0014052700    0.0013724500
  -0.0012157500    0.0013115900    0.0017238700
   0.0004612200    0.0008942500    0.0027396400
  -0.0011585300   -0.0018910300   -0.0018011900
  -0.0016766800   -0.0011905400   -0.0013044700
  -0.0017914000   -0.0012030300   -0.0016474100
  -0.0017812300   -0.0013489900   -0.0013233900
  -0.0018669200   -0.0012446400   -0.0009715500
  -0.0013859400   -0.0016589400   -0.0012479300
  -0.0011367200   -0.0014227300   -0.0014624200
  -0.0044246700   -0.0032265700    0.0041061500
  -0.0044062700   -0.0039815600    0.0036511400
   0.0032064200   -0.0125804800    0.0121052000
  -0.0037187100   -0.0039362900    0.0039806300
  -0.0040723200   -0.0043451500    0.0041468900
  -0.0038479700   -0.0040816100    0.0040016600
  -0.0036332800   -0.0038221200    0.0037460700
  -0.0036818300   -0.0037581100    0.0038440000
   0.0001680600    0.0000106800    0.0001633900
   0.0008751500   -0.0021198500    0.0021220600
   0.0004061700    0.0004061500    0.0002970600
   0.0002424900    0.0000701900    0.0001584700
   0.0001190900   -0.0000361000    0.0000785300
   0.0002831800    0.0000713900    0.0000724100
  -0.0001733600   -0.0000074100   -0.0000676500
  -0.0001460800   -0.0001391400   -0.0001347200
   0.0015613300   -0.0000000000    0.0088121700
  -0.0000723500   -0.0001760000    0.0000248900
   0.0005793100   -0.0000000000   -0.0002955400
   0.0002884300    0.0000566100   -0.0001193000
   0.0002884300   -0.0000566100   -0.0001193000
   0.0002287200   -0.0000000000   -0.0000882400
  -0.0000723500    0.0001760000    0.0000248900
  -0.0002084000   -0.0000000000    0.0000474700
  -0.0008173400   -0.0003791600   -0.0007916900
   0.0010506900    0.0024197400    0.0019988400
   0.0000479000   -0.0001357600   -0.0000508700
  -0.0012611300    0.0010281800   -0.0010632500
  -0.0000007600   -0.0000707100   -0.0001174200
   0.0008158000   -0.0001808200    0.0001476300
   0.0000507400    0.0000295200   -0.0000949800
  -0.0000381000    0.0001080700   -0.0000191600
   0.0040187800    0.0031190800   -0.0023212800
   0.0036547500    0.0040418400   -0.0031594400
   0.0040245800    0.0041475200   -0.0042755800
   0.0039338500    0.0037661900   -0.0038188100
   0.0038904000    0.0040550300   -0.0039331800
   0.0041288300    0.0049590400   -0.0048125400
   0.0039135400    0.0038819700   -0.0038735600
   0.0039854800    0.0039165800   -0.0039274000
   0.0025487400    0.0022719300    0.0013212400
   0.0014748700    0.0013590600    0.0015309900
   0.0016056300   -0.0001832000    0.0038339800
   0.0014187400    0.0012940200    0.0012382400
   0.0007119500    0.0006083300    0.0008379800
   0.0013604700    0.0011369100    0.0013030200
   0.0015090400    0.0015759000    0.0015446600
   0.0009095500    0.0015043400    0.0016105100
   0.0008845500   -0.0013628300   -0.0011900200
   0.0016418300   -0.0009630900   -0.0019122900
   0.0015952900   -0.0035054500   -0.0003888400
   0.0016059100   -0.0012460900   -0.0011671800
   0.0007111200   -0.0014230000   -0.0002747700
   0.0015445900   -0.0011768300   -0.0011486900
   0.0011268700   -0.0017773400   -0.0016737800
   0.0012934500   -0.0016601500   -0.0016913200
  -0.0016766800    0.0011905400   -0.0013044700
  -0.0017812300    0.0013489900   -0.0013233900
   0.0004612200   -0.0008942500    0.0027396400
  -0.0013859400    0.0016589400   -0.0012479300
  -0.0011585300    0.0018910300   -0.0018011900
  -0.0011367200    0.0014227300   -0.0014624200
  -0.0017914000    0.0012030300   -0.0016474100
  -0.0018669200    0.0012446400   -0.0009715500
  -0.0042194300    0.0040467600   -0.0032642000
  -0.0041947700    0.0036866500   -0.0039188100
  -0.0038410200    0.0033299600   -0.0035218000
  -0.0038226900    0.0039401600   -0.0040153400
  -0.0016845000    0.0048352900   -0.0053550400
  -0.0039706600    0.0039180500   -0.0038654900
  -0.0036934700    0.0036502300   -0.0039167000
  -0.0037437200    0.0039416700   -0.0036590500
   0.0040245800   -0.0041475200   -0.0042755800
   0.0038904000   -0.0040550300   -0.0039331800
   0.0040187800   -0.0031190800   -0.0023212800
   0.0039135400   -0.0038819700   -0.0038735600
   0.0036547500   -0.0040418400   -0.0031594400
   0.0039854800   -0.0039165800   -0.0039274000
   0.0039338500   -0.0037661900   -0.0038188100
   0.0041288300   -0.0049590400   -0.0048125400
   0.0036203300    0.0036078200    0.0037282500
   0.0041392800    0.0040524300    0.0039282500
   0.0042709800    0.0036677400    0.0029757400
   0.0036916400    0.0037985200    0.0037236500
   0.0039035600    0.0030160000    0.0053948900
   0.0037633200    0.0037780200    0.0038411100
   0.0050934600    0.0045708600    0.0047120400
   0.0043138800    0.0037994900    0.0037484300
  -0.0015968200   -0.0014209000    0.0010772000
  -0.0016985000   -0.0012069300    0.0014622200
  -0.0005331500   -0.0004110600    0.0004983800
  -0.0010560700   -0.0014052700    0.0013724500
   0.0005728900   -0.0072405100    0.0090701800
  -0.0012157500   -0.0013115900    0.0017238700
  -0.0016777300   -0.0016616300    0.0012164600
  -0.0017522100   -0.0009867100    0.0012631400
  -0.0171735300   -0.0000000000   -0.0776579900
   0.0162576700    0.0000440700    0.0001168300
   0.0134661100   -0.0000000000   -0.0005322300
   0.0134682300    0.0000289400    0.0000421500
   0.0134682300   -0.0000289400    0.0000421500
   0.0134511700   -0.0000000000   -0.0004705200
   0.0162576700   -0.0000440700    0.0001168300
   0.0177812900   -0.0000000000    0.0003584800
   0.0024241800    0.0063973800    0.0009968300
   0.0009970500    0.0165674600    0.0001409700
   0.0004245700    0.0162554800    0.0004638300
   0.0005058600    0.0161533700    0.0002220800
  -0.0001427500    0.0163408100    0.0002963300
   0.0001520700    0.0165102500    0.0000958000
  -0.0006118900    0.0162047900    0.0003941200
   0.0000426300    0.0150893700   -0.0003667500
   0.0004652000   -0.0000000000   -0.0038710100
  -0.0003792400    0.0002697500   -0.0160981900
   0.0007228800   -0.0000000000   -0.0156633900
  -0.0002897200    0.0006184400   -0.0161769600
  -0.0002897200   -0.0006184400   -0.0161769600
  -0.0000293200   -0.0000000000   -0.0164755000
  -0.0003792400   -0.0002697500   -0.0160981900
  -0.0002600300   -0.0000000000   -0.0150423100
   0.0044479500   -0.0000000000    0.0087598900
   0.0007604100    0.0000119800    0.0166755400
  -0.0002645200   -0.0000000000    0.0162022200
   0.0008600600   -0.0009902900    0.0165561600
   0.0008600600    0.0009902900    0.0165561600
   0.0002967700   -0.0000000000    0.0166151200
   0.0007604100   -0.0000119800    0.0166755400
   0.0003278200   -0.0000000000    0.0151153700
   0.0024241800   -0.0063973800    0.0009968300
  -0.0006118900   -0.0162047900    0.0003941200
   0.0004245700   -0.0162554800    0.0004638300
  -0.0001427500   -0.0163408100    0.0002963300
   0.0005058600   -0.0161533700    0.0002220800
   0.0001520700   -0.0165102500    0.0000958000
   0.0009970500   -0.0165674600    0.0001409700
   0.0000426300   -0.0150893700   -0.0003667500
  -0.0241467000   -0.0000000000   -0.0008357800
  -0.0155108500   -0.0005042300    0.0005614300
  -0.0160281700   -0.0000000000   -0.0023057500
  -0.0152700400    0.0007649500    0.0007711200
  -0.0152700400   -0.0007649500    0.0007711200
  -0.0144809500   -0.0000000000   -0.0007731100
  -0.0155108500    0.0005042300    0.0005614300
  -0.0158836700   -0.0000000000   -0.0003406500

185  
 -0.0070710678118655   0.0000000000000000  -0.0070710678118655
  -0.0000212100   -0.0000203300    0.0000162800
   0.0035527900    0.0000000000   -0.0005262500
  -0.0001508300    0.0002893800    0.0003434700
   0.0001942500    0.0000000000   -0.0003125100
  -0.0005073800    0.0000000000    0.0002754000
  -0.0001508300   -0.0002893800    0.0003434700
   0.0003660700    0.0000000000   -0.0000508200
  -0.0000212100    0.0000203300    0.0000162800
   0.0012540000    0.0010412300    0.0010796300
  -0.0008142900   -0.0001880300   -0.0001491000
  -0.0010239600    0.0023971600   -0.0020091100
   0.0000365500    0.0001061700    0.0000187100
   0.0008380600   -0.0003894500    0.0007860600
  -0.0000447400    0.0000300600    0.0000949300
  -0.0000519900   -0.0001384500    0.0000519900
   0.0000015200   -0.0000648300    0.0001238300
  -0.0000966200   -0.0001414700    0.0001052800
  -0.0001516500    0.0000000000   -0.0047606500
  -0.0000771900    0.0001341400    0.0000735600
  -0.0003354700    0.0000000000   -0.0000487000
  -0.0002264200    0.0000000000   -0.0005238400
  -0.0000771900   -0.0001341400    0.0000735600
   0.0001405800    0.0000000000   -0.0000370800
  -0.0000966200    0.0001414700    0.0001052800
  -0.0008585500   -0.0021047000   -0.0020999700
   0.0001425200   -0.0001439300    0.0001446000
  -0.0002361600    0.0000765600   -0.0001568200
  -0.0002856300    0.0000680100   -0.0000757900
  -0.0003990700    0.0004225200   -0.0002942300
  -0.0001274400   -0.0000209800   -0.0000810300
  -0.0001726500    0.0000077600   -0.0001762300
   0.0001790100   -0.0000089400    0.0000666000
   0.0010761200   -0.0008406600   -0.0022907400
   0.0019587500    0.0012784800   -0.0024013400
   0.0017948700    0.0013052300   -0.0014731000
   0.0015582500    0.0009007300   -0.0010026000
   0.0010169000    0.0017041200   -0.0007585800
   0.0013939500    0.0010004100   -0.0009744200
   0.0010782200    0.0014312100   -0.0014957100
   0.0011325300    0.0014862300   -0.0015330100
  -0.0039212400   -0.0044357000   -0.0042446000
  -0.0061055500   -0.0029069300   -0.0023957800
  -0.0035270600   -0.0037053200   -0.0044931400
  -0.0040733200   -0.0041031000   -0.0038450300
  -0.0035492900   -0.0040690600   -0.0038420800
  -0.0040134500   -0.0038200000   -0.0040921000
  -0.0039374400   -0.0038206700   -0.0037418800
  -0.0037733300   -0.0038397600   -0.0038849000
  -0.0113589000   -0.0051584700   -0.0045987200
  -0.0036866000    0.0034267500    0.0036113500
  -0.0033135000    0.0045263000    0.0036442000
  -0.0041319400    0.0039430600    0.0040060000
  -0.0033426300    0.0037833200    0.0041032900
  -0.0040685100    0.0039986600    0.0039179000
  -0.0040301600    0.0038261800    0.0037731800
  -0.0039133500    0.0036775400    0.0037522900
   0.0034853900   -0.0041148100    0.0047760500
   0.0038385900   -0.0047338000    0.0023847000
   0.0041371700   -0.0041472300    0.0040265900
   0.0026467400   -0.0031745700    0.0030268000
   0.0036217600   -0.0036987200    0.0038251200
   0.0034354600   -0.0039557900    0.0040060000
   0.0040538200   -0.0039595500    0.0040372200
   0.0039840100   -0.0039817600    0.0039191600
   0.0010868500   -0.0028865000   -0.0011788400
   0.0019595200   -0.0020686000    0.0018601600
   0.0001328600   -0.0004169300    0.0013611700
   0.0011701000   -0.0010892600    0.0011158800
   0.0011967000   -0.0013164700    0.0011484600
   0.0017739700   -0.0011723500    0.0010709600
   0.0012649600   -0.0013748500    0.0014465500
   0.0013220900   -0.0015443100    0.0013642400
  -0.0021678900    0.0022711600    0.0021780900
  -0.0033531600   -0.0043515600   -0.0062234300
  -0.0010812600    0.0012399100    0.0015964100
  -0.0009833500    0.0010271200    0.0014539100
  -0.0009616400    0.0014665700    0.0011936500
  -0.0009136200    0.0016818100    0.0014320300
  -0.0016309300    0.0012692300    0.0013112200
  -0.0014776900    0.0013506100    0.0009364500
  -0.0031529600   -0.0036392600   -0.0054942800
  -0.0015407600   -0.0007796500   -0.0008716700
  -0.0010022100   -0.0014834800   -0.0013564300
  -0.0008718200   -0.0014754500   -0.0010335100
  -0.0008855000   -0.0013147300   -0.0013575000
  -0.0008036000   -0.0014334600   -0.0017006100
  -0.0013050900   -0.0010043500   -0.0014214800
  -0.0015405000   -0.0012570400   -0.0012189900
  -0.0033135000   -0.0045263000    0.0036442000
  -0.0033426300   -0.0037833200    0.0041032900
  -0.0113589000    0.0051584700   -0.0045987200
  -0.0040301600   -0.0038261800    0.0037731800
  -0.0036866000   -0.0034267500    0.0036113500
  -0.0039133500   -0.0036775400    0.0037522900
  -0.0041319400   -0.0039430600    0.0040060000
  -0.0040685100   -0.0039986600    0.0039179000
  -0.0001726500   -0.0000077600   -0.0001762300
  -0.0008585500    0.0021047000   -0.0020999700
  -0.0003990700   -0.0004225200   -0.0002942300
  -0.0002361600   -0.0000765600   -0.0001568200
  -0.0001274400    0.0000209800   -0.0000810300
  -0.0002856300   -0.0000680100   -0.0000757900
   0.0001790100    0.0000089400    0.0000666000
   0.0001425200    0.0001439300    0.0001446000
  -0.0016363600    0.0000000000   -0.0092690300
   0.0000706900    0.0001854300   -0.0000301400
  -0.0005853400    0.0000000000    0.0003214700
  -0.0002876100   -0.0000590100    0.0001268000
  -0.0002876100    0.0000590100    0.0001268000
  -0.0002360800    0.0000000000    0.0000935500
   0.0000706900   -0.0001854300   -0.0000301400
   0.0002131300    0.0000000000   -0.0000494700
   0.0008380600    0.0003894500    0.0007860600
  -0.0010239600   -0.0023971600   -0.0020091100
  -0.0000519900    0.0001384500    0.0000519900
   0.0012540000   -0.0010412300    0.0010796300
   0.0000015200    0.0000648300    0.0001238300
  -0.0008142900    0.0001880300   -0.0001491000
  -0.0000447400   -0.0000300600    0.0000949300
   0.0000365500   -0.0001061700    0.0000187100
   0.0037438300    0.0046279800   -0.0054755700
   0.0040993800    0.0037371100   -0.0045850900
   0.0037353700    0.0036027400   -0.0034799900
   0.0038251700    0.0039877400   -0.0039392900
   0.0038653600    0.0037001100   -0.0038201300
   0.0036186400    0.0028010800   -0.0029446800
   0.0038311800    0.0038869600   -0.0038810200
   0.0037609600    0.0038412900   -0.0038250800
   0.0001328600    0.0004169300    0.0013611700
   0.0011967000    0.0013164700    0.0011484600
   0.0010868500    0.0028865000   -0.0011788400
   0.0012649600    0.0013748500    0.0014465500
   0.0019595200    0.0020686000    0.0018601600
   0.0013220900    0.0015443100    0.0013642400
   0.0011701000    0.0010892600    0.0011158800
   0.0017739700    0.0011723500    0.0010709600
   0.0017948700   -0.0013052300   -0.0014731000
   0.0010169000   -0.0017041200   -0.0007585800
   0.0010761200    0.0008406600   -0.0022907400
   0.0010782200   -0.0014312100   -0.0014957100
   0.0019587500   -0.0012784800   -0.0024013400
   0.0011325300   -0.0014862300   -0.0015330100
   0.0015582500   -0.0009007300   -0.0010026000
   0.0013939500   -0.0010004100   -0.0009744200
  -0.0010022100    0.0014834800   -0.0013564300
  -0.0008855000    0.0013147300   -0.0013575000
  -0.0031529600    0.0036392600   -0.0054942800
  -0.0013050900    0.0010043500   -0.0014214800
  -0.0015407600    0.0007796500   -0.0008716700
  -0.0015405000    0.0012570400   -0.0012189900
  -0.0008718200    0.0014754500   -0.0010335100
  -0.0008036000    0.0014334600   -0.0017006100
  -0.0035270600    0.0037053200   -0.0044931400
  -0.0035492900    0.0040690600   -0.0038420800
  -0.0039212400    0.0044357000   -0.0042446000
  -0.0039374400    0.0038206700   -0.0037418800
  -0.0061055500    0.0029069300   -0.0023957800
  -0.0037733300    0.0038397600   -0.0038849000
  -0.0040733200    0.0041031000   -0.0038450300
  -0.0040134500    0.0038200000   -0.0040921000
   0.0037353700   -0.0036027400   -0.0034799900
   0.0038653600   -0.0037001100   -0.0038201300
   0.0037438300   -0.0046279800   -0.0054755700
   0.0038311800   -0.0038869600   -0.0038810200
   0.0040993800   -0.0037371100   -0.0045850900
   0.0037609600   -0.0038412900   -0.0038250800
   0.0038251700   -0.0039877400   -0.0039392900
   0.0036186400   -0.0028010800   -0.0029446800
   0.0041371700    0.0041472300    0.0040265900
   0.0036217600    0.0036987200    0.0038251200
   0.0034853900    0.0041148100    0.0047760500
   0.0040538200    0.0039595500    0.0040372200
   0.0038385900    0.0047338000    0.0023847000
   0.0039840100    0.0039817600    0.0039191600
   0.0026467400    0.0031745700    0.0030268000
   0.0034354600    0.0039557900    0.0040060000
  -0.0010812600   -0.0012399100    0.0015964100
  -0.0009616400   -0.0014665700    0.0011936500
  -0.0021678900   -0.0022711600    0.0021780900
  -0.0016309300   -0.0012692300    0.0013112200
  -0.0033531600    0.0043515600   -0.0062234300
  -0.0014776900   -0.0013506100    0.0009364500
  -0.0009833500   -0.0010271200    0.0014539100
  -0.0009136200   -0.0016818100    0.0014320300
   0.0494259300    0.0000000000    0.0778183300
   0.0159250400   -0.0000361100   -0.0001038600
   0.0187855200    0.0000000000    0.0004499900
   0.0187855400    0.0000243700   -0.0000244100
   0.0187855400   -0.0000243700   -0.0000244100
   0.0187663000    0.0000000000    0.0005023000
   0.0159250400    0.0000361100   -0.0001038600
   0.0143649600    0.0000000000   -0.0003540200
  -0.0022612400    0.0258665200   -0.0009468800
  -0.0009889300    0.0156333700   -0.0001798500
  -0.0004449300    0.0159178800   -0.0004494300
  -0.0004440600    0.0159535800   -0.0002370200
   0.0001343500    0.0158862300   -0.0002919100
  -0.0001672500    0.0157231500   -0.0000768000
   0.0006191000    0.0160120300   -0.0003755700
  -0.0000288100    0.0170716300    0.0003605700
  -0.0000017800    0.0000000000   -0.0280301300
   0.0003737200   -0.0002299400   -0.0161275700
  -0.0006662200    0.0000000000   -0.0164139100
   0.0002475800   -0.0006209600   -0.0159922300
   0.0002475800    0.0006209600   -0.0159922300
   0.0000094300    0.0000000000   -0.0157468800
   0.0003737200    0.0002299400   -0.0161275700
   0.0002575700    0.0000000000   -0.0170986600
  -0.0044588400    0.0000000000    0.0235440200
  -0.0007480900   -0.0000395500    0.0155185300
   0.0002488300    0.0000000000    0.0160253900
  -0.0008646600    0.0009874800    0.0156171600
  -0.0008646600   -0.0009874800    0.0156171600
  -0.0002165700    0.0000000000    0.0154657900
  -0.0007480900    0.0000395500    0.0155185300
  -0.0003336600    0.0000000000    0.0170314100
  -0.0022612400   -0.0258665200   -0.0009468800
   0.0006191000   -0.0160120300   -0.0003755700
  -0.0004449300   -0.0159178800   -0.0004494300
   0.0001343500   -0.0158862300   -0.0002919100
  -0.0004440600   -0.0159535800   -0.0002370200
  -0.0001672500   -0.0157231500   -0.0000768000
  -0.0009889300   -0.0156333700   -0.0001798500
  -0.0000288100   -0.0170716300    0.0003605700
  -0.0081186500    0.0000000000    0.0008624600
  -0.0166838700    0.0004878200   -0.0005697800
  -0.0161335800    0.0000000000    0.0022952500
  -0.0169043300   -0.0007624200   -0.0007810500
  -0.0169043300    0.0007624200   -0.0007810500
  -0.0176419000    0.0000000000    0.0007760600
  -0.0166838700   -0.0004878200   -0.0005697800
  -0.0162850200    0.0000000000    0.0003546400
