80   
5    

1    
  0.0088016585604124   0.0000000000000000   0.0047466626787585
  -0.1415166900    0.0399108100   -0.0732262100
  -0.0009528900    0.0013176700   -0.0002855100
  -0.0019386800    0.0013415400   -0.0002901200
  -0.0015903700    0.0018735500   -0.0000974300
  -0.0120957600    0.0012627000    0.0090075200
  -0.0007492700    0.0013223100    0.0001095900
  -0.0019593300    0.0013453100    0.0001164200
  -0.0015084700    0.0017943700    0.0001006100
   0.0064012500    0.0049487300   -0.0011729900
   0.0063868600   -0.0046690900   -0.0011464100
  -0.0015538500   -0.0023177100   -0.0002511700
  -0.0015654400   -0.0016198400   -0.0002466600
   0.0017231000    0.0048587900    0.0025003000
   0.0017112100   -0.0009358000    0.0024307600
  -0.0016036200   -0.0023293600    0.0002529100
  -0.0016132500   -0.0017544400    0.0002490200
   0.0028596900   -0.0049162500   -0.0011465400
   0.0020801500    0.0023178700   -0.0002496700
   0.0029059400    0.0047058400   -0.0011527300
   0.0020763400    0.0016005200   -0.0002516200
   0.0021840400   -0.0048079700    0.0024338000
   0.0019529000    0.0023257000    0.0002498700
   0.0022385100    0.0009483500    0.0024488900
   0.0019468400    0.0017344000    0.0002535800
   0.0009805000   -0.0014146700   -0.0000603600
   0.0028831900   -0.0026635300   -0.0003027000
   0.0277241000   -0.0339924300   -0.0015429600
   0.0021880900   -0.0014017600   -0.0000530600
   0.0006697500   -0.0014570800    0.0003212500
   0.0024329600   -0.0022671100    0.0001882600
   0.0006857800   -0.0052475200    0.0031414700
   0.0019168300   -0.0014476100    0.0003103700
   0.0143191900    0.0052945000   -0.0007153500
   0.0041205000   -0.0020483100   -0.0006935400
  -0.0000642500   -0.0001862000   -0.0001359900
   0.0001372600    0.0002738900   -0.0001008500
   0.0020765800    0.0010657700    0.0018783800
   0.0026511000   -0.0019464000    0.0010833300
  -0.0001009300   -0.0002266500    0.0001649000
   0.0001463400    0.0002770000    0.0000855100
  -0.0011956300    0.0050012400   -0.0007672200
   0.0010100200    0.0002349200   -0.0001281000
  -0.0004148100   -0.0000214200   -0.0006802700
   0.0001613900   -0.0001799800   -0.0001066800
  -0.0014516500    0.0012288000    0.0019151000
   0.0006873000    0.0002461500    0.0001593600
  -0.0011684600    0.0013622700    0.0010639200
   0.0001658600   -0.0001375400    0.0000917600
   0.0311647000    0.0031074200    0.0215538600
   0.0008576200    0.0016079300    0.0002321000
   0.0028332700    0.0021905200    0.0000060300
   0.0018340800    0.0024083900   -0.0000287400
   0.0164587400    0.0028800600   -0.0042660100
   0.0005701800    0.0013302400   -0.0001431900
   0.0025756100    0.0021650000    0.0001370800
   0.0016862800    0.0024383900   -0.0001273800
   0.0115738600   -0.0057251400   -0.0004806700
  -0.0007743000   -0.0030262800   -0.0000324500
   0.0019231500   -0.0023408300    0.0003452600
   0.0018168700   -0.0017963500   -0.0000071900
   0.0229530200   -0.0170727500    0.0183388500
  -0.0001652900   -0.0030048900    0.0004635500
   0.0018947600   -0.0029565300    0.0000850700
   0.0018704600   -0.0018472000    0.0000223900
  -0.0023584000    0.0001567700    0.0000050400
  -0.0032038700    0.0032982300    0.0009061900
  -0.0010857600    0.0027935100    0.0001695400
  -0.0022750900    0.0026309800    0.0001676000
  -0.0024779700    0.0002499600   -0.0000486800
  -0.0043031200    0.0044067100    0.0003150600
  -0.0012082900    0.0029066500    0.0003421500
  -0.0023694400    0.0027369700   -0.0002142400
  -0.0017546500   -0.0006828400   -0.0003416000
  -0.0028429100   -0.0023692900   -0.0000733000
   0.0037947400   -0.0070064400    0.0085791800
  -0.0024794300   -0.0022241300    0.0000845300
  -0.0014784100   -0.0003998300    0.0004223700
  -0.0028700800   -0.0022158800   -0.0000813300
   0.0039168700    0.0067287200    0.0078596500
  -0.0024573800   -0.0019723900    0.0000565000

1    
 -0.0088016585604124   0.0000000000000000  -0.0047466626787585
   0.1369070600   -0.0360758800    0.0733673300
  -0.0024458500    0.0020841700    0.0002904700
  -0.0014891800    0.0020994800    0.0002911700
  -0.0018122800    0.0015332600    0.0001007800
   0.0086952300    0.0021510400   -0.0090165100
  -0.0026501200    0.0020796600   -0.0001164300
  -0.0014697100    0.0020944300   -0.0001151500
  -0.0018943900    0.0016113600   -0.0001038200
  -0.0097907900   -0.0083096300    0.0011479500
  -0.0097889400    0.0012683200    0.0011633800
  -0.0018512400   -0.0011069100    0.0002530100
  -0.0018471500   -0.0017929500    0.0002548600
  -0.0051071900   -0.0082222400   -0.0024281000
  -0.0051029100   -0.0024839700   -0.0024864200
  -0.0018003400   -0.0010999800   -0.0002542200
  -0.0017945200   -0.0016587300   -0.0002554300
   0.0005470100    0.0083347400    0.0011679100
   0.0013306700    0.0011105300    0.0002535900
   0.0005750200   -0.0012463800    0.0011614800
   0.0013347100    0.0017959400    0.0002530300
   0.0011947100    0.0082652400   -0.0024882000
   0.0014620100    0.0010999300   -0.0002560700
   0.0012307900    0.0024819500   -0.0024723400
   0.0014636800    0.0016612600   -0.0002535100
   0.0024507900   -0.0020054700    0.0000599900
   0.0005148600   -0.0007386300    0.0003113800
  -0.0234535200    0.0293770900    0.0013489800
   0.0012431500   -0.0020018600    0.0000576700
   0.0027585600   -0.0019608400   -0.0003185900
   0.0009702500   -0.0011379700   -0.0001960900
   0.0026919600    0.0018579600   -0.0030867100
   0.0015012200   -0.0019606400   -0.0003197200
  -0.0152313000   -0.0056157100    0.0007898400
  -0.0040614900    0.0020281000    0.0006789800
   0.0000639100    0.0001905900    0.0001316700
  -0.0001356200   -0.0002711800    0.0001057500
  -0.0020947100   -0.0010664700   -0.0019279300
  -0.0026274300    0.0019288400   -0.0010554700
   0.0000968100    0.0002302300   -0.0001622900
  -0.0001456100   -0.0002741500   -0.0000921800
   0.0011794100   -0.0049617000    0.0007412600
  -0.0010062500   -0.0002317300    0.0001335000
   0.0003998800    0.0000347300    0.0006880800
  -0.0001616000    0.0001794200    0.0001049600
   0.0014431000   -0.0012541700   -0.0018957500
  -0.0006825500   -0.0002446100   -0.0001617100
   0.0011600200   -0.0013672600   -0.0010705900
  -0.0001658100    0.0001380400   -0.0000909900
  -0.0253366900    0.0012314900   -0.0200925200
   0.0032865600    0.0025471800   -0.0002280600
   0.0013209900    0.0019661700   -0.0000044100
   0.0023034300    0.0017188700    0.0000306200
  -0.0122132300    0.0012745000    0.0041903800
   0.0035735000    0.0028330000    0.0001349800
   0.0015714600    0.0019946500   -0.0001353700
   0.0024536800    0.0016841200    0.0001262300
  -0.0073254100    0.0015205700    0.0004101600
   0.0049027300   -0.0010947200    0.0000223400
   0.0022045300   -0.0018112500   -0.0003477300
   0.0023086200   -0.0023521800    0.0000073200
  -0.0195548000    0.0137845800   -0.0193583200
   0.0042923100   -0.0011352900   -0.0004498200
   0.0022413500   -0.0011989100   -0.0000805100
   0.0022543000   -0.0023005100   -0.0000208100
  -0.0017740300    0.0039580300    0.0000053200
  -0.0009424500    0.0008368100   -0.0009275000
  -0.0030465900    0.0013313300   -0.0001428100
  -0.0018462300    0.0015019800   -0.0001560100
  -0.0016661500    0.0038726700    0.0000527700
   0.0001738600   -0.0002759000   -0.0003108900
  -0.0029636400    0.0012363500   -0.0003543000
  -0.0017576900    0.0013897500    0.0002111900
  -0.0023810500   -0.0034862500    0.0003383000
  -0.0013043400   -0.0017783400    0.0000739500
  -0.0079720600    0.0030291600   -0.0087284300
  -0.0016556000   -0.0019048800   -0.0000819600
  -0.0026722900   -0.0037800100   -0.0004395000
  -0.0012744900   -0.0019316900    0.0000843400
  -0.0081205300   -0.0110482700   -0.0080016600
  -0.0016843500   -0.0021602600   -0.0000601100

33   
  0.0088016585604124   0.0000000000000000   0.0047466626787585
   0.0134723600    0.0068239700   -0.0007806300
   0.0023639900    0.0016695200   -0.0006819600
  -0.0017680000    0.0019385000   -0.0001308300
  -0.0015653600    0.0015216400   -0.0001087700
   0.0003891400    0.0029527100    0.0019289900
   0.0009309300    0.0030551000    0.0010557800
  -0.0018024600    0.0019510700    0.0001612200
  -0.0015556900    0.0015637100    0.0000947600
  -0.0006982800   -0.0015132100   -0.0001328900
  -0.0028722200   -0.0071698600   -0.0007481500
  -0.0015383000   -0.0019734500   -0.0001078400
  -0.0021100600    0.0003431100   -0.0006813200
  -0.0010206200   -0.0014728000    0.0001618600
  -0.0031429500   -0.0027716400    0.0019011500
  -0.0015335100   -0.0019763200    0.0000936100
  -0.0028673500    0.0002321700    0.0010626500
   0.0012963800    0.0037328400   -0.0006873700
   0.0018651300    0.0014319500   -0.0001064200
   0.0004962900   -0.0037333300   -0.0007624700
   0.0027079400    0.0018864100   -0.0001302400
   0.0005397000    0.0036426600    0.0010722100
   0.0018692200    0.0014286200    0.0000918000
   0.0002471000    0.0006409100    0.0019123700
   0.0023839100    0.0019262300    0.0001608100
   0.0018392000   -0.0018831900   -0.0001089100
   0.0016345600   -0.0014654300   -0.0001284800
   0.0058200300   -0.0017320500   -0.0006879500
   0.0160709000    0.0031485500   -0.0007327400
   0.0018487200   -0.0018411000    0.0000940600
   0.0015991200   -0.0014537700    0.0001576100
   0.0043495100   -0.0003318800    0.0010805000
   0.0037753900   -0.0004651300    0.0018858500
  -0.0803234600   -0.0000045600   -0.0293141800
   0.0004743900    0.0000565200   -0.0002184900
  -0.0000760100   -0.0000527000   -0.0002193800
   0.0001349900   -0.0000007000   -0.0000376600
  -0.0026951700   -0.0000016700   -0.0013005200
   0.0005134100    0.0001358100    0.0001607400
  -0.0001196400   -0.0001321000    0.0001616500
   0.0001336400   -0.0000006700    0.0000362900
   0.0005919600    0.0005920300   -0.0004356100
   0.0005825900   -0.0011572000   -0.0004287400
   0.0005943600   -0.0011693300   -0.0004353100
   0.0005911700    0.0005902300   -0.0004342000
   0.0005261500    0.0003839200    0.0005750700
   0.0005217300   -0.0015680600    0.0005634700
   0.0005293300   -0.0015839400    0.0005738200
   0.0005308900    0.0003864300    0.0005679600
   0.0015211200    0.0014539900    0.0001481600
   0.0058889700    0.0006852300   -0.0020265600
   0.0019596000    0.0020135400    0.0000218200
   0.0022767600    0.0016535200   -0.0000914500
   0.0016021700    0.0014624700   -0.0001018000
   0.0095564000   -0.0020131800    0.0078664700
   0.0020963700    0.0020546700   -0.0000437400
   0.0020043700    0.0015867500    0.0000301300
   0.0075390300    0.0019079200    0.0061721300
   0.0009028200   -0.0019664200    0.0001584600
   0.0028961600   -0.0019541500   -0.0000667800
   0.0017276100   -0.0020134700   -0.0000170900
   0.0046258300   -0.0021059000   -0.0000221500
   0.0008298900   -0.0016964800   -0.0002181300
   0.0028986300   -0.0020440200    0.0001079000
   0.0017697100   -0.0021459000   -0.0000055300
  -0.0023637300    0.0019885600   -0.0000048600
  -0.0012300200    0.0020795000    0.0001108900
  -0.0033080700    0.0024447900   -0.0002260000
   0.0005537700    0.0021126900   -0.0001010300
  -0.0024059000    0.0021196600   -0.0000153500
  -0.0012399400    0.0021724100   -0.0000681000
  -0.0032412600    0.0021666700    0.0001598500
   0.0032966600    0.0058898300    0.0060271900
  -0.0021378300   -0.0025468500    0.0000273700
  -0.0020349600   -0.0020808000   -0.0000430100
   0.0058999900   -0.0064095700    0.0082378600
  -0.0025293600   -0.0026694600   -0.0001053800
  -0.0018617100   -0.0024796700   -0.0000918200
  -0.0021678900   -0.0021205600    0.0000220000
   0.0017702000   -0.0034510400   -0.0019975700
  -0.0026304400   -0.0026752600    0.0001429300

49   
  0.0088016585604124   0.0000000000000000   0.0047466626787585
   0.0255556000    0.0032524800    0.0204413600
  -0.0029708900    0.0034767700    0.0003099300
  -0.0011296100    0.0016758500    0.0003022800
  -0.0019787600    0.0014833500    0.0000680100
   0.0127130300    0.0037558300   -0.0044631500
  -0.0031678600    0.0030566900   -0.0002120300
  -0.0010620800    0.0016902200   -0.0001578000
  -0.0020312900    0.0014869700   -0.0002272000
   0.0084132800    0.0026267100   -0.0017716800
  -0.0043617800   -0.0010599800   -0.0003622500
  -0.0018227400   -0.0009134900    0.0002420800
  -0.0019252400   -0.0019679200   -0.0000501300
   0.0191866100    0.0134654700    0.0206854600
  -0.0041118300   -0.0011993100    0.0007852300
  -0.0019639100   -0.0006520100    0.0001915500
  -0.0019087700   -0.0019510700    0.0000616400
   0.0013557000    0.0035395700   -0.0001184900
   0.0026799700    0.0009540700    0.0001659200
  -0.0001167000   -0.0002367300   -0.0004249000
   0.0013553900    0.0010094500   -0.0001305700
   0.0015583600    0.0035648000    0.0000634700
   0.0025920200    0.0008745700    0.0003495100
   0.0001963700    0.0000702200    0.0016486100
   0.0013811600    0.0012090200    0.0000832900
   0.0023787300   -0.0022295900    0.0003171600
   0.0009231800   -0.0013225900   -0.0001181600
   0.0074326300    0.0058002800    0.0082715800
   0.0013037800   -0.0016545800    0.0000873600
   0.0019601900   -0.0024296500   -0.0002184600
   0.0009263700   -0.0013733500   -0.0000360200
   0.0077801300   -0.0075640000    0.0081898500
   0.0013168300   -0.0015835900    0.0000550600
  -0.0004509800   -0.0001114400   -0.0000762900
   0.0031110000   -0.0003096500   -0.0006409700
  -0.0000141600    0.0000064800   -0.0001367200
   0.0000296900   -0.0001304200    0.0002255500
  -0.0005782400   -0.0000123800    0.0001151200
   0.0087393500   -0.0037717100    0.0068724300
  -0.0000502300    0.0000117600    0.0001153700
   0.0000933500   -0.0003426700   -0.0002886900
   0.0056308900   -0.0053596000    0.0055337400
  -0.0010946900   -0.0004794300    0.0000270600
   0.0007849700   -0.0005395700    0.0000190800
  -0.0003151600   -0.0000080100   -0.0000517300
   0.0023319700   -0.0000739300    0.0003930900
  -0.0013047700   -0.0004167400   -0.0000900100
   0.0008777300   -0.0006705700    0.0000190600
  -0.0003096200   -0.0000434200    0.0000305000
  -0.1957448000   -0.0303385700   -0.0982424600
   0.0053784500    0.0015684500   -0.0002723400
   0.0018240500    0.0015647200   -0.0002758900
   0.0022631200    0.0021824200   -0.0000303000
   0.0061768600   -0.0031532200    0.0264339500
   0.0035051800    0.0017238900    0.0002554400
   0.0019323500    0.0017220400    0.0002534200
   0.0023840500    0.0020043900    0.0001428000
   0.0254704800   -0.0075703500   -0.0000118600
   0.0262737100    0.0056175600   -0.0001166500
   0.0023180900   -0.0009229700    0.0000214400
   0.0023182700   -0.0025784600    0.0000207500
   0.0051542400   -0.0021965100    0.0020867300
   0.0052323000    0.0004871800    0.0021741800
   0.0022429700   -0.0013826700    0.0002383900
   0.0022529400   -0.0024515500    0.0002431000
   0.0051346200    0.0076558900   -0.0000969600
  -0.0007580600    0.0009103000    0.0000163100
   0.0051561300   -0.0054971100   -0.0000860900
  -0.0007416200    0.0025815300    0.0000199400
  -0.0031755100    0.0021816200    0.0021196400
  -0.0012829900    0.0013844000    0.0002371200
  -0.0031698400   -0.0004679800    0.0021357000
  -0.0012786000    0.0024473600    0.0002372500
  -0.0033556700   -0.0031780100   -0.0004437200
  -0.0007616400   -0.0015614600   -0.0006524000
   0.0252134000    0.0229757200   -0.0026999300
  -0.0006851200   -0.0031757400   -0.0004483500
  -0.0032858900   -0.0022494200   -0.0002226600
  -0.0014539300   -0.0016156500    0.0008416300
  -0.0023899900   -0.0010200100    0.0002593900
  -0.0020865200   -0.0022510000   -0.0002326600

49   
 -0.0088016585604124   0.0000000000000000  -0.0047466626787585
  -0.0305452100   -0.0002194900   -0.0219419900
  -0.0004282200   -0.0000645500   -0.0003036000
  -0.0022705900    0.0017206200   -0.0002994700
  -0.0014208800    0.0019128100   -0.0000654900
  -0.0163559000   -0.0004912500    0.0047315500
  -0.0002266200    0.0003470100    0.0002207100
  -0.0023444300    0.0017071200    0.0001594600
  -0.0013686600    0.0019066300    0.0002195300
  -0.0118597100   -0.0059844300    0.0017256500
   0.0009860100   -0.0023291800    0.0003513900
  -0.0015995400   -0.0025137800   -0.0002464300
  -0.0014670100   -0.0014310900    0.0000407000
  -0.0219002300   -0.0159627500   -0.0196177600
   0.0007148700   -0.0021840900   -0.0007873000
  -0.0014563800   -0.0027733100   -0.0001787000
  -0.0014818900   -0.0014454900   -0.0000573500
   0.0020535500   -0.0001605800    0.0001235900
   0.0006982700    0.0024030500   -0.0001440200
   0.0035527800    0.0036501400    0.0004110400
   0.0020514300    0.0023978100    0.0001292200
   0.0018516500   -0.0001891600   -0.0000770400
   0.0008174600    0.0025304600   -0.0003488300
   0.0032142600    0.0033055600   -0.0016470600
   0.0020227300    0.0021924200   -0.0000744500
   0.0010251100   -0.0011791500   -0.0003023600
   0.0024747400   -0.0020855800    0.0001147800
  -0.0040744300   -0.0094413400   -0.0085490000
   0.0020878300   -0.0017463700   -0.0000983300
   0.0014375500   -0.0009800200    0.0002200000
   0.0024685200   -0.0020313500    0.0000443800
  -0.0045075000    0.0042061100   -0.0081589800
   0.0020733100   -0.0018175500   -0.0000436700
   0.0004394100    0.0001045200    0.0000556300
  -0.0030262600    0.0002721400    0.0005515800
   0.0000202400   -0.0000056500    0.0001375600
  -0.0000319100    0.0001376900   -0.0002190800
   0.0005815500    0.0000126600   -0.0001004600
  -0.0082565900    0.0034591900   -0.0063996100
   0.0000546400   -0.0000125000   -0.0001159200
  -0.0000983700    0.0003360400    0.0002808600
  -0.0056924300    0.0056561500   -0.0057468100
   0.0010997800    0.0004838800   -0.0000298000
  -0.0007857100    0.0005516100   -0.0000026300
   0.0003243800    0.0000132200    0.0000470900
  -0.0023449800    0.0000851900   -0.0004028400
   0.0012997300    0.0004167600    0.0000918800
  -0.0008837200    0.0006891000   -0.0000429500
   0.0003178100    0.0000481700   -0.0000253400
   0.2011081500    0.0343240300    0.0983984600
  -0.0012316700    0.0025469500    0.0002717900
   0.0022778000    0.0025453600    0.0002687800
   0.0018600500    0.0019343000    0.0000354600
  -0.0020144400    0.0073207200   -0.0264077100
   0.0006423000    0.0023982400   -0.0002566000
   0.0021916600    0.0024046600   -0.0002592700
   0.0017498300    0.0021102400   -0.0001350800
  -0.0221284200    0.0035180200    0.0001423400
  -0.0213570800   -0.0095126400    0.0000382900
   0.0018111500   -0.0032601100   -0.0000175100
   0.0018196500   -0.0015657100   -0.0000183000
  -0.0010412100   -0.0019806500   -0.0021501400
  -0.0009952200   -0.0045542400   -0.0020626400
   0.0018799400   -0.0027540900   -0.0002391400
   0.0019012500   -0.0017068600   -0.0002346300
  -0.0092252800   -0.0034408800    0.0000573600
  -0.0033982000    0.0032659200   -0.0000229300
  -0.0091994500    0.0096429200    0.0000667400
  -0.0033670300    0.0015563200   -0.0000194000
  -0.0009908900    0.0019516700   -0.0021166100
  -0.0028573900    0.0027642900   -0.0002402100
  -0.0009680000    0.0045763300   -0.0021009400
  -0.0028409300    0.0016897900   -0.0002403800
  -0.0007772500   -0.0009108300    0.0004467600
  -0.0033697100   -0.0025458700    0.0006417600
  -0.0299356700   -0.0275259900    0.0028484900
  -0.0034473900   -0.0009199000    0.0004415900
  -0.0008167000   -0.0018643900    0.0002243100
  -0.0026872600   -0.0025116700   -0.0008370100
  -0.0017708900   -0.0031106500   -0.0003678100
  -0.0020621100   -0.0018826900    0.0002148400
