# Tetrahedron method
       -2.2257869503        0.0000000000        0.0000000000        0.0000000000        0.0000000000        0.0000000000        0.0000000000        0.0000000000        0.0000000000        0.0000000000        0.0000000000
       -2.0662350737        0.0000000000        0.0000000000        0.0000000000        0.0000000000        0.0000000000        0.0000000000        0.0000000000        0.0000000000        0.0000000000        0.0000000000
       -1.9066831971        0.0000000000        0.0000000000        0.0000000000        0.0000000000        0.0000000000        0.0000000000        0.0000000000        0.0000000000        0.0000000000        0.0000000000
       -1.7471313205        0.0000000000        0.0000000000        0.0000000000        0.0000000000        0.0000000000        0.0000000000        0.0000000000        0.0000000000        0.0000000000        0.0000000000
       -1.5875794439        0.0000000000        0.0000000000        0.0000000000        0.0000000000        0.0000000000        0.0000000000        0.0000000000        0.0000000000        0.0000000000        0.0000000000
       -1.4280275673        0.0000000000        0.0000000000        0.0000000000        0.0000000000        0.0000000000        0.0000000000        0.0000000000        0.0000000000        0.0000000000        0.0000000000
       -1.2684756907        0.0000000000        0.0000000000        0.0000000000        0.0000000000        0.0000000000        0.0000000000        0.0000000000        0.0000000000        0.0000000000        0.0000000000
       -1.1089238141        0.0000000000        0.0000000000        0.0000000000        0.0000000000        0.0000000000        0.0000000000        0.0000000000        0.0000000000        0.0000000000        0.0000000000
       -0.9493719375        0.0000000000        0.0000000000        0.0000000000        0.0000000000        0.0000000000        0.0000000000        0.0000000000        0.0000000000        0.0000000000        0.0000000000
       -0.7898200609        0.0000000000        0.0000000000        0.0000000000        0.0000000000        0.0000000000        0.0000000000        0.0000000000        0.0000000000        0.0000000000        0.0000000000
       -0.6302681843        0.0000000000        0.0000000000        0.0000000000        0.0000000000        0.0000000000        0.0000000000        0.0000000000        0.0000000000        0.0000000000        0.0000000000
       -0.4707163077        0.0000000000        0.0000000000        0.0000000000        0.0000000000        0.0000000000        0.0000000000        0.0000000000        0.0000000000        0.0000000000        0.0000000000
       -0.3111644311        0.0000000000        0.0000000000        0.0000000000        0.0000000000        0.0000000000        0.0000000000        0.0000000000        0.0000000000        0.0000000000        0.0000000000
       -0.1516125544        0.0000000000        0.0000000000        0.0000000000        0.0000000000        0.0000000000        0.0000000000        0.0000000000        0.0000000000        0.0000000000        0.0000000000
        0.0079393222        0.0000000000        0.0000000000        0.0000000000        0.0000000000        0.0000000000        0.0000000000        0.0000000000        0.0000000000        0.0000000000        0.0000000000
        0.1674911988        0.0000000000        0.0000000000        0.0000000000        0.0000000000        0.0000000000        0.0000000000        0.0000000000        0.0000000000        0.0000000000        0.0000000000
        0.3270430754        0.0000000000        0.0000000000        0.0000000000        0.0000000000        0.0000000000        0.0000000000        0.0000000000        0.0000000000        0.0000000000        0.0000000000
        0.4865949520        0.0000352210        0.0000352029        0.0000352029        0.0000352210        0.0000293099        0.0000293099        0.0001794076        0.0001794046        0.0001794046        0.0001794076
        0.6461468286        0.0001055013        0.0001054188        0.0001054188        0.0001055013        0.0000877905        0.0000877905        0.0005386457        0.0005386843        0.0005386843        0.0005386457
        0.8056987052        0.0001949482        0.0001948294        0.0001948294        0.0001949482        0.0001621577        0.0001621577        0.0009981794        0.0009983012        0.0009983012        0.0009981794
        0.9652505818        0.0003004121        0.0003002310        0.0003002310        0.0003004121        0.0002496802        0.0002496802        0.0015434189        0.0015436249        0.0015436249        0.0015434189
        1.1248024584        0.0004181991        0.0004180523        0.0004180523        0.0004181991        0.0003471944        0.0003471944        0.0021569111        0.0021571534        0.0021571534        0.0021569111
        1.2843543350        0.0005413670        0.0005409742        0.0005409742        0.0005413670        0.0004487722        0.0004487722        0.0028043144        0.0028047344        0.0028047344        0.0028043144
        1.4439062116        0.0006779293        0.0006776963        0.0006776963        0.0006779293        0.0005611617        0.0005611617        0.0035301883        0.0035307402        0.0035307402        0.0035301883
        1.6034580882        0.0008449375        0.0008445485        0.0008445485        0.0008449375        0.0006981451        0.0006981451        0.0044246133        0.0044251274        0.0044251274        0.0044246133
        1.7630099648        0.0010137698        0.0010131644        0.0010131644        0.0010137698        0.0008362119        0.0008362119        0.0053417137        0.0053425877        0.0053425877        0.0053417137
        1.9225618414        0.0012318379        0.0012312931        0.0012312931        0.0012318379        0.0010142498        0.0010142498        0.0065353017        0.0065362730        0.0065362730        0.0065353017
        2.0821137180        0.0014475833        0.0014468711        0.0014468711        0.0014475833        0.0011895748        0.0011895748        0.0077381684        0.0077394433        0.0077394433        0.0077381684
        2.2416655946        0.0016964871        0.0016957329        0.0016957329        0.0016964871        0.0013911970        0.0013911970        0.0091430780        0.0091446840        0.0091446840        0.0091430780
        2.4012174712        0.0019486876        0.0019477808        0.0019477808        0.0019486876        0.0015941525        0.0015941525        0.0105970311        0.0105988997        0.0105988997        0.0105970311
        2.5607693478        0.0022263503        0.0022254476        0.0022254476        0.0022263503        0.0018166388        0.0018166388        0.0122224864        0.0122248768        0.0122248768        0.0122224864
        2.7203212244        0.0025111627        0.0025100764        0.0025100764        0.0025111627        0.0020431034        0.0020431034        0.0139289401        0.0139317377        0.0139317377        0.0139289401
        2.8798731010        0.0028265864        0.0028253326        0.0028253326        0.0028265864        0.0022929009        0.0022929009        0.0158528012        0.0158560009        0.0158560009        0.0158528012
        3.0394249776        0.0031445702        0.0031435693        0.0031435693        0.0031445702        0.0025426566        0.0025426566        0.0178446846        0.0178484162        0.0178484162        0.0178446846
        3.1989768542        0.0035028273        0.0035012657        0.0035012657        0.0035028273        0.0028233004        0.0028233004        0.0201266943        0.0201314303        0.0201314303        0.0201266943
        3.3585287308        0.0038721971        0.0038708568        0.0038708568        0.0038721971        0.0031102645        0.0031102645        0.0225479358        0.0225533416        0.0225533416        0.0225479358
        3.5180806074        0.0042776521        0.0042761833        0.0042761833        0.0042776521        0.0034239709        0.0034239709        0.0252650659        0.0252712542        0.0252712542        0.0252650659
        3.6776324840        0.0046824427        0.0046808728        0.0046808728        0.0046824427        0.0037332546        0.0037332546        0.0280763815        0.0280840371        0.0280840371        0.0280763815
        3.8371843606        0.0051319547        0.0051300454        0.0051300454        0.0051319547        0.0040751222        0.0040751222        0.0312648033        0.0312737095        0.0312737095        0.0312648033
        3.9967362372        0.0055805532        0.0055789734        0.0055789734        0.0055805532        0.0044107398        0.0044107398        0.0345795760        0.0345891798        0.0345891798        0.0345795760
        4.1562881138        0.0060781446        0.0060766512        0.0060766512        0.0060781446        0.0047815727        0.0047815727        0.0383448520        0.0383560705        0.0383560705        0.0383448520
        4.3158399904        0.0065645015        0.0065613930        0.0065613930        0.0065645015        0.0051361639        0.0051361639        0.0421998444        0.0422170861        0.0422170861        0.0421998444
        4.4753918670        0.0071143232        0.0071125588        0.0071125588        0.0071143232        0.0055358656        0.0055358656        0.0466617763        0.0466771720        0.0466771720        0.0466617763
        4.6349437436        0.0076746823        0.0076729147        0.0076729147        0.0076746823        0.0059339113        0.0059339113        0.0514209697        0.0514389046        0.0514389046        0.0514209697
        4.7944956202        0.0082868464        0.0082846707        0.0082846707        0.0082868464        0.0063654570        0.0063654570        0.0567837350        0.0568080053        0.0568080053        0.0567837350
        4.9540474969        0.0088951767        0.0088920905        0.0088920905        0.0088951767        0.0067788445        0.0067788445        0.0624206383        0.0624490616        0.0624490616        0.0624206383
        5.1135993735        0.0095861766        0.0095829249        0.0095829249        0.0095861766        0.0072432898        0.0072432898        0.0689907853        0.0690288300        0.0690288300        0.0689907853
        5.2731512501        0.0102914978        0.0102888866        0.0102888866        0.0102914978        0.0076961341        0.0076961341        0.0760919934        0.0761324019        0.0761324019        0.0760919934
        5.4327031267        0.0112150083        0.0112187403        0.0112187403        0.0112150083        0.0082740694        0.0082740694        0.0852993976        0.0853371851        0.0853371851        0.0852993976
        5.5922550033        0.0116513722        0.0116527248        0.0116527248        0.0116513722        0.0084388173        0.0084388173        0.0911842485        0.0912091930        0.0912091930        0.0911842485
        5.7518068799        0.0128758750        0.0128802881        0.0128802881        0.0128758750        0.0091853653        0.0091853653        0.1043416768        0.1043714312        0.1043714312        0.1043416768
        5.9113587565        0.0140434918        0.0140676536        0.0140676536        0.0140434918        0.0097353737        0.0097353737        0.1177506188        0.1176989995        0.1176989995        0.1177506188
        6.0709106331        0.0159759637        0.0159596915        0.0159596915        0.0159759637        0.0104413940        0.0104413940        0.1383092849        0.1385067457        0.1385067457        0.1383092849
        6.2304625097        0.0158865434        0.0158737804        0.0158737804        0.0158865434        0.0105303152        0.0105303152        0.1443994263        0.1445745465        0.1445745465        0.1443994263
        6.3900143863        0.0161843717        0.0162062037        0.0162062037        0.0161843717        0.0106021668        0.0106021668        0.1543604176        0.1546406171        0.1546406171        0.1543604176
        6.5495662629        0.0166084162        0.0166177446        0.0166177446        0.0166084162        0.0106723237        0.0106723237        0.1668541571        0.1670340815        0.1670340815        0.1668541571
        6.7091181395        0.0198426382        0.0198649873        0.0198649873        0.0198426382        0.0120826508        0.0120826508        0.2277529550        0.2274163835        0.2274163835        0.2277529550
        6.8686700161        0.0206489257        0.0206576867        0.0206576867        0.0206489257        0.0126578588        0.0126578588        0.2522832753        0.2525993829        0.2525993829        0.2522832753
        7.0282218927        0.0199434711        0.0199410907        0.0199410907        0.0199434711        0.0124944672        0.0124944672        0.2546908133        0.2548420882        0.2548420882        0.2546908133
        7.1877737693        0.0190926159        0.0190859326        0.0190859326        0.0190926159        0.0121789677        0.0121789677        0.2589557295        0.2590572901        0.2590572901        0.2589557295
        7.3473256459        0.0184956112        0.0184985668        0.0184985668        0.0184956112        0.0119726687        0.0119726687        0.2713366446        0.2714774923        0.2714774923        0.2713366446
        7.5068775225        0.0183765026        0.0183903366        0.0183903366        0.0183765026        0.0149428462        0.0149428462        0.3253347033        0.3252168287        0.3252168287        0.3253347033
        7.6664293991        0.0211817499        0.0212333290        0.0212333290        0.0211817499        0.0172667580        0.0172667580        0.4244698016        0.4221259423        0.4221259423        0.4244698016
        7.8259812757        0.0218053730        0.0218311525        0.0218311525        0.0218053730        0.0177262160        0.0177262160        0.4536151958        0.4529769339        0.4529769339        0.4536151958
        7.9855331523        0.0243051477        0.0243223024        0.0243223024        0.0243051477        0.0191089444        0.0191089444        0.5025639977        0.5038054932        0.5038054932        0.5025639977
        8.1450850289        0.0246275417        0.0245719299        0.0245719299        0.0246275417        0.0209663095        0.0209663095        0.5345502384        0.5343427611        0.5343427611        0.5345502384
        8.3046369055        0.0231572929        0.0231577581        0.0231577581        0.0231572929        0.0206864316        0.0206864316        0.5526730999        0.5526838854        0.5526838854        0.5526730999
        8.4641887821        0.0214933668        0.0215072855        0.0215072855        0.0214933668        0.0211280127        0.0211280127        0.5664210109        0.5669549450        0.5669549450        0.5664210109
        8.6237406587        0.0211303797        0.0211002524        0.0211002524        0.0211303797        0.0243698528        0.0243698528        0.6101766653        0.6103533699        0.6103533699        0.6101766653
        8.7832925353        0.0204052776        0.0203821396        0.0203821396        0.0204052776        0.0204470861        0.0204470861        0.5579479150        0.5579567040        0.5579567040        0.5579479150
        8.9428444119        0.0232099569        0.0231463189        0.0231463189        0.0232099569        0.0280984435        0.0280984435        0.6575039406        0.6570463382        0.6570463382        0.6575039406
        9.1023962885        0.0251726371        0.0251462782        0.0251462782        0.0251726371        0.0322094584        0.0322094584        0.6600979494        0.6596512070        0.6596512070        0.6600979494
        9.2619481651        0.0259224268        0.0259059070        0.0259059070        0.0259224268        0.0533185895        0.0533185895        0.7576625837        0.7577895439        0.7577895439        0.7576625837
        9.4215000417        0.0230228671        0.0230526428        0.0230526428        0.0230228671        0.0237299157        0.0237299157        0.6998429684        0.7002406469        0.7002406469        0.6998429684
        9.5810519183        0.0272209353        0.0272487441        0.0272487441        0.0272209353        0.0496345224        0.0496345224        0.9246806025        0.9241780875        0.9241780875        0.9246806025
        9.7406037949        0.0262304166        0.0262810211        0.0262810211        0.0262304166        0.0244951929        0.0244951929        0.8140443870        0.8143103664        0.8143103664        0.8140443870
        9.9001556715        0.0269514074        0.0271545354        0.0271545354        0.0269514074        0.0133694505        0.0133694505        0.7849303981        0.7885460762        0.7885460762        0.7849303981
       10.0597075481        0.0139309510        0.0138268988        0.0138268988        0.0139309510        0.0094645964        0.0094645964        0.5256589273        0.5255038310        0.5255038310        0.5256589273
       10.2192594248        0.0185112381        0.0187373374        0.0187373374        0.0185112381        0.0214956992        0.0214956992        0.7335790818        0.7327062843        0.7327062843        0.7335790818
       10.3788113014        0.0045233774        0.0045276215        0.0045276215        0.0045233774        0.0105513590        0.0105513590        0.1609349806        0.1612901423        0.1612901423        0.1609349806
       10.5383631780        0.0031049600        0.0031038350        0.0031038350        0.0031049600        0.0063237102        0.0063237102        0.0899985218        0.0902141435        0.0902141435        0.0899985218
       10.6979150546        0.0026388582        0.0026361174        0.0026361174        0.0026388582        0.0045666444        0.0045666444        0.0680665286        0.0681957786        0.0681957786        0.0680665286
       10.8574669312        0.0025532341        0.0025525271        0.0025525271        0.0025532341        0.0033377753        0.0033377753        0.0630377010        0.0631457586        0.0631457586        0.0630377010
       11.0170188078        0.0050931469        0.0050937861        0.0050937861        0.0050931469        0.0025619380        0.0025619380        0.0904016301        0.0905314685        0.0905314685        0.0904016301
       11.1765706844        0.0152864072        0.0152642265        0.0152642265        0.0152864072        0.0042745058        0.0042745058        0.2152340002        0.2154324233        0.2154324233        0.2152340002
       11.3361225610        0.0485613178        0.0486139798        0.0486139798        0.0485613178        0.0543626005        0.0543626005        0.7475027437        0.7483726215        0.7483726215        0.7475027437
       11.4956744376        0.0399974902        0.0399506875        0.0399506875        0.0399974902        0.0432034255        0.0432034255        0.7326312952        0.7308775835        0.7308775835        0.7326312952
       11.6552263142        0.0346033077        0.0341554489        0.0341554489        0.0346033077        0.0161232599        0.0161232599        0.9124487993        0.9281558715        0.9281558715        0.9124487993
       11.8147781908        0.0126626371        0.0126455344        0.0126455344        0.0126626371        0.0048538732        0.0048538732        0.2412853428        0.2411649108        0.2411649108        0.2412853428
       11.9743300674        0.0056198628        0.0056256395        0.0056256395        0.0056198628        0.0018894638        0.0018894638        0.1233151842        0.1232947095        0.1232947095        0.1233151842
       12.1338819440        0.0020144559        0.0020192503        0.0020192503        0.0020144559        0.0005907281        0.0005907281        0.0607522445        0.0607670141        0.0607670141        0.0607522445
       12.2934338206        0.0004694596        0.0004738629        0.0004738629        0.0004694596        0.0001250761        0.0001250761        0.0266924958        0.0267147667        0.0267147667        0.0266924958
       12.4529856972        0.0000000000        0.0000000000        0.0000000000        0.0000000000        0.0000000000        0.0000000000        0.0000000000        0.0000000000        0.0000000000        0.0000000000
       12.6125375738        0.0000000000        0.0000000000        0.0000000000        0.0000000000        0.0000000000        0.0000000000        0.0000000000        0.0000000000        0.0000000000        0.0000000000
       12.7720894504        0.0274024889        0.0290702278        0.0290702278        0.0274024889        0.7990078160        0.7990078160        0.0495982887        0.0497587602        0.0497587602        0.0495982887
       12.9316413270        0.1548930897        0.1542083586        0.1542083586        0.1548930897        1.0822922064        1.0822922064        0.0504243307        0.0504464212        0.0504464212        0.0504243307
       13.0911932036        0.1702347601        0.1705474571        0.1705474571        0.1702347601        1.2894290293        1.2894290293        0.0490717146        0.0491306058        0.0491306058        0.0490717146
       13.2507450802        0.1840434886        0.1841614095        0.1841614095        0.1840434886        1.3441218402        1.3441218402        0.0506105773        0.0506193694        0.0506193694        0.0506105773
       13.4102969568        0.2320856755        0.2314239125        0.2314239125        0.2320856755        2.2170682690        2.2170682690        0.0836778587        0.0837391830        0.0837391830        0.0836778587
       13.5698488334        0.1972677554        0.1981830177        0.1981830177        0.1972677554        0.5750197645        0.5750197645        0.0449176585        0.0448534840        0.0448534840        0.0449176585
       13.7294007100        0.2170550177        0.2165983078        0.2165983078        0.2170550177        0.5520896661        0.5520896661        0.0408495381        0.0408371339        0.0408371339        0.0408495381
       13.8889525866        0.1596047790        0.1594431948        0.1594431948        0.1596047790        0.4150846576        0.4150846576        0.0285161063        0.0285076279        0.0285076279        0.0285161063
       14.0485044632        0.1347498371        0.1350627718        0.1350627718        0.1347498371        0.3960610681        0.3960610681        0.0257718738        0.0258063842        0.0258063842        0.0257718738
       14.2080563398        0.1299540916        0.1296218598        0.1296218598        0.1299540916        0.4112927340        0.4112927340        0.0248516848        0.0248197990        0.0248197990        0.0248516848
       14.3676082164        0.1073279246        0.1079408110        0.1079408110        0.1073279246        0.2887757089        0.2887757089        0.0113792534        0.0115463737        0.0115463737        0.0113792534
       14.5271600930        0.1485129069        0.1482418682        0.1482418682        0.1485129069        0.4404038277        0.4404038277        0.0167035863        0.0166561423        0.0166561423        0.0167035863
       14.6867119696        0.1683405266        0.1684142942        0.1684142942        0.1683405266        0.5377381058        0.5377381058        0.0190076853        0.0190243559        0.0190243559        0.0190076853
       14.8462638462        0.1573599997        0.1568799314        0.1568799314        0.1573599997        0.5067599226        0.5067599226        0.0199195055        0.0199122325        0.0199122325        0.0199195055
       15.0058157228        0.1451913574        0.1437612898        0.1437612898        0.1451913574        0.4935443928        0.4935443928        0.0221476543        0.0219659655        0.0219659655        0.0221476543
       15.1653675994        0.1133911956        0.1133591891        0.1133591891        0.1133911956        0.3007209834        0.3007209834        0.0148383923        0.0148503338        0.0148503338        0.0148383923
       15.3249194761        0.0978685453        0.0984017318        0.0984017318        0.0978685453        0.2337056403        0.2337056403        0.0123078934        0.0123550758        0.0123550758        0.0123078934
       15.4844713527        0.0855002340        0.0856955377        0.0856955377        0.0855002340        0.1991478230        0.1991478230        0.0106935117        0.0107385965        0.0107385965        0.0106935117
       15.6440232293        0.0833375948        0.0835100985        0.0835100985        0.0833375948        0.1796995165        0.1796995165        0.0098169431        0.0098231658        0.0098231658        0.0098169431
       15.8035751059        0.0836230708        0.0838176079        0.0838176079        0.0836230708        0.1498314851        0.1498314851        0.0089814932        0.0090048816        0.0090048816        0.0089814932
       15.9631269825        0.0867636817        0.0869418131        0.0869418131        0.0867636817        0.1258627058        0.1258627058        0.0086969114        0.0087097207        0.0087097207        0.0086969114
       16.1226788591        0.0951178207        0.0953467579        0.0953467579        0.0951178207        0.1073860317        0.1073860317        0.0092772319        0.0091501185        0.0091501185        0.0092772319
       16.2822307357        0.1224403249        0.1242939370        0.1242939370        0.1224403249        0.0955008206        0.0955008206        0.0110793759        0.0120634222        0.0120634222        0.0110793759
       16.4417826123        0.3105113114        0.3085051528        0.3085051528        0.3105113114        0.1424410473        0.1424410473        0.0145415551        0.0142356293        0.0142356293        0.0145415551
       16.6013344889        0.2712450574        0.2707142470        0.2707142470        0.2712450574        0.1811654902        0.1811654902        0.0130917383        0.0130427843        0.0130427843        0.0130917383
       16.7608863655        0.2559019651        0.2580216123        0.2580216123        0.2559019651        0.2089084554        0.2089084554        0.0122751208        0.0122622195        0.0122622195        0.0122751208
       16.9204382421        0.2568640305        0.2561906149        0.2561906149        0.2568640305        0.2632772002        0.2632772002        0.0117967604        0.0117753892        0.0117753892        0.0117967604
       17.0799901187        0.2742904730        0.2742298637        0.2742298637        0.2742904730        0.3169708193        0.3169708193        0.0119335673        0.0119200497        0.0119200497        0.0119335673
       17.2395419953        0.3125797173        0.3129083247        0.3129083247        0.3125797173        0.4244424241        0.4244424241        0.0122342963        0.0122290884        0.0122290884        0.0122342963
       17.3990938719        0.3205445165        0.3204776270        0.3204776270        0.3205445165        0.4843884836        0.4843884836        0.0123109525        0.0122922092        0.0122922092        0.0123109525
       17.5586457485        0.2991873762        0.2989617018        0.2989617018        0.2991873762        0.3753593257        0.3753593257        0.0136921877        0.0137509699        0.0137509699        0.0136921877
       17.7181976251        0.2565667047        0.2573562139        0.2573562139        0.2565667047        0.2611693108        0.2611693108        0.0118721542        0.0119736407        0.0119736407        0.0118721542
       17.8777495017        0.6386530742        0.6389237978        0.6389237978        0.6386530742        0.2928530688        0.2928530688        0.0273187473        0.0272869510        0.0272869510        0.0273187473
       18.0373013783        1.3963457112        1.3973284547        1.3973284547        1.3963457112        0.2999569714        0.2999569714        0.0734662520        0.0735236865        0.0735236865        0.0734662520
       18.1968532549        0.7689046211        0.7682084435        0.7682084435        0.7689046211        0.2210501612        0.2210501612        0.0430793542        0.0430701572        0.0430701572        0.0430793542
       18.3564051315        0.6106351878        0.6135894216        0.6135894216        0.6106351878        0.1590613027        0.1590613027        0.0348477165        0.0349238133        0.0349238133        0.0348477165
       18.5159570081        0.6720982059        0.6722814844        0.6722814844        0.6720982059        0.1757257512        0.1757257512        0.0377185259        0.0378040988        0.0378040988        0.0377185259
       18.6755088847        0.4789617675        0.4712488713        0.4712488713        0.4789617675        0.1186939950        0.1186939950        0.0271241515        0.0276796122        0.0276796122        0.0271241515
       18.8350607613        0.4681602640        0.4687231126        0.4687231126        0.4681602640        0.0986195053        0.0986195053        0.0277873568        0.0277464280        0.0277464280        0.0277873568
       18.9946126379        0.3997140511        0.4017991369        0.4017991369        0.3997140511        0.0570839782        0.0570839782        0.0288600427        0.0287490957        0.0287490957        0.0288600427
       19.1541645145        0.4549711913        0.4585551202        0.4585551202        0.4549711913        0.0585589580        0.0585589580        0.0356712940        0.0353766029        0.0353766029        0.0356712940
       19.3137163911        0.7082355649        0.7085837194        0.7085837194        0.7082355649        0.0521369514        0.0521369514        0.0536969959        0.0537901382        0.0537901382        0.0536969959
       19.4732682677        0.4210043168        0.4217421465        0.4217421465        0.4210043168        0.0813523166        0.0813523166        0.0321440659        0.0319465828        0.0319465828        0.0321440659
       19.6328201443        0.2817652730        0.2815980929        0.2815980929        0.2817652730        0.0575327135        0.0575327135        0.0196029879        0.0195906908        0.0195906908        0.0196029879
       19.7923720209        0.2583604458        0.2583340736        0.2583340736        0.2583604458        0.0520230622        0.0520230622        0.0160179316        0.0160062183        0.0160062183        0.0160179316
       19.9519238975        0.2381390557        0.2380998815        0.2380998815        0.2381390557        0.0456568566        0.0456568566        0.0133063722        0.0133051603        0.0133051603        0.0133063722
       20.1114757741        0.2320504444        0.2320154164        0.2320154164        0.2320504444        0.0443241233        0.0443241233        0.0118381543        0.0118369938        0.0118369938        0.0118381543
       20.2710276507        0.2276700386        0.2276236660        0.2276236660        0.2276700386        0.0452951107        0.0452951107        0.0105678435        0.0105702866        0.0105702866        0.0105678435
       20.4305795273        0.1944979330        0.1944419474        0.1944419474        0.1944979330        0.0396273561        0.0396273561        0.0081794745        0.0081775931        0.0081775931        0.0081794745
       20.5901314040        0.1539638969        0.1538699677        0.1538699677        0.1539638969        0.0368492248        0.0368492248        0.0058946296        0.0058751663        0.0058751663        0.0058946296
       20.7496832806        0.1211585135        0.1211757697        0.1211757697        0.1211585135        0.0336463751        0.0336463751        0.0042869849        0.0042816465        0.0042816465        0.0042869849
       20.9092351572        0.1123919023        0.1123849863        0.1123849863        0.1123919023        0.0306113591        0.0306113591        0.0033388425        0.0033356135        0.0033356135        0.0033388425
       21.0687870338        0.0893538758        0.0893342107        0.0893342107        0.0893538758        0.0266083736        0.0266083736        0.0023456726        0.0023376878        0.0023376878        0.0023456726
       21.2283389104        0.0730452962        0.0730194187        0.0730194187        0.0730452962        0.0215977962        0.0215977962        0.0015808217        0.0015750178        0.0015750178        0.0015808217
       21.3878907870        0.0549968219        0.0549488285        0.0549488285        0.0549968219        0.0137543652        0.0137543652        0.0009108166        0.0009075575        0.0009075575        0.0009108166
       21.5474426636        0.0341331124        0.0341101107        0.0341101107        0.0341331124        0.0018412402        0.0018412402        0.0004634405        0.0004622023        0.0004622023        0.0004634405
       21.7069945402        0.0297197570        0.0297049537        0.0297049537        0.0297197570        0.0017660709        0.0017660709        0.0003408597        0.0003400794        0.0003400794        0.0003408597
       21.8665464168        0.0256108589        0.0255993058        0.0255993058        0.0256108589        0.0016610147        0.0016610147        0.0002424759        0.0002418997        0.0002418997        0.0002424759
       22.0260982934        0.0218365462        0.0218275318        0.0218275318        0.0218365462        0.0015347333        0.0015347333        0.0001657898        0.0001653743        0.0001653743        0.0001657898
       22.1856501700        0.0183060806        0.0182995786        0.0182995786        0.0183060806        0.0013861101        0.0013861101        0.0001074075        0.0001071294        0.0001071294        0.0001074075
       22.3452020466        0.0147034569        0.0146989169        0.0146989169        0.0147034569        0.0011919807        0.0011919807        0.0000613736        0.0000611987        0.0000611987        0.0000613736
       22.5047539232        0.0109788818        0.0109760371        0.0109760371        0.0109788818        0.0009488596        0.0009488596        0.0000287619        0.0000286657        0.0000286657        0.0000287619
       22.6643057998        0.0065872974        0.0065855740        0.0065855740        0.0065872974        0.0006045917        0.0006045917        0.0000077756        0.0000077256        0.0000077256        0.0000077756
       22.8238576764        0.0000000000        0.0000000000        0.0000000000        0.0000000000        0.0000000000        0.0000000000        0.0000000000        0.0000000000        0.0000000000        0.0000000000
       22.9834095530        0.0000000000        0.0000000000        0.0000000000        0.0000000000        0.0000000000        0.0000000000        0.0000000000        0.0000000000        0.0000000000        0.0000000000
       23.1429614296        0.0000000000        0.0000000000        0.0000000000        0.0000000000        0.0000000000        0.0000000000        0.0000000000        0.0000000000        0.0000000000        0.0000000000
       23.3025133062        0.0000000000        0.0000000000        0.0000000000        0.0000000000        0.0000000000        0.0000000000        0.0000000000        0.0000000000        0.0000000000        0.0000000000
       23.4620651828        0.0040769863        0.0040776869        0.0040776869        0.0040769863        0.0000073629        0.0000073629        0.0001698334        0.0001707448        0.0001707448        0.0001698334
       23.6216170594        0.0220989944        0.0221114251        0.0221114251        0.0220989944        0.0002106353        0.0002106353        0.0007212549        0.0007246322        0.0007246322        0.0007212549
       23.7811689360        0.0540735233        0.0541137314        0.0541137314        0.0540735233        0.0005836192        0.0005836192        0.0012341529        0.0012384047        0.0012384047        0.0012341529
       23.9407208126        0.3930561992        0.3933524991        0.3933524991        0.3930561992        0.0027116856        0.0027116856        0.0032529224        0.0032476747        0.0032476747        0.0032529224
       24.1002726892        0.4887291450        0.4905996847        0.4905996847        0.4887291450        0.0076345444        0.0076345444        0.0073863234        0.0073489312        0.0073489312        0.0073863234
       24.2598245658        0.3125302423        0.3125143621        0.3125143621        0.3125302423        0.0049495372        0.0049495372        0.0053501372        0.0053528645        0.0053528645        0.0053501372
       24.4193764424        0.2262733039        0.2262841510        0.2262841510        0.2262733039        0.0044196820        0.0044196820        0.0038193938        0.0038195610        0.0038195610        0.0038193938
       24.5789283190        0.1914693338        0.1914828739        0.1914828739        0.1914693338        0.0042250406        0.0042250406        0.0031851090        0.0031852536        0.0031852536        0.0031851090
       24.7384801956        0.1712136929        0.1712289905        0.1712289905        0.1712136929        0.0041329783        0.0041329783        0.0027844190        0.0027848375        0.0027848375        0.0027844190
       24.8980320722        0.1575479603        0.1575680043        0.1575680043        0.1575479603        0.0040776932        0.0040776932        0.0024934214        0.0024940282        0.0024940282        0.0024934214
       25.0575839488        0.1477955274        0.1477973667        0.1477973667        0.1477955274        0.0040316045        0.0040316045        0.0022721805        0.0022712508        0.0022712508        0.0022721805
       25.2171358254        0.1404930428        0.1404973001        0.1404973001        0.1404930428        0.0039772796        0.0039772796        0.0020937622        0.0020935335        0.0020935335        0.0020937622
       25.3766877020        0.1349736734        0.1349754849        0.1349754849        0.1349736734        0.0039245636        0.0039245636        0.0019494539        0.0019494283        0.0019494283        0.0019494539
       25.5362395786        0.1311617937        0.1311386381        0.1311386381        0.1311617937        0.0038768190        0.0038768190        0.0018363723        0.0018352929        0.0018352929        0.0018363723
       25.6957914553        0.1235251136        0.1234998317        0.1234998317        0.1235251136        0.0036569566        0.0036569566        0.0017041606        0.0017030184        0.0017030184        0.0017041606
       25.8553433319        0.1250563786        0.1250880710        0.1250880710        0.1250563786        0.0037006872        0.0037006872        0.0016436397        0.0016448285        0.0016448285        0.0016436397
       26.0148952085        0.1227478366        0.1226750488        0.1226750488        0.1227478366        0.0035877595        0.0035877595        0.0015685253        0.0015663800        0.0015663800        0.0015685253
       26.1744470851        0.0808979969        0.0807530108        0.0807530108        0.0808979969        0.0015940664        0.0015940664        0.0006649402        0.0006614146        0.0006614146        0.0006649402
       26.3339989617        0.0630158444        0.0629449302        0.0629449302        0.0630158444        0.0009191371        0.0009191371        0.0003926527        0.0003911971        0.0003911971        0.0003926527
       26.4935508383        0.0494141235        0.0493617304        0.0493617304        0.0494141235        0.0005170001        0.0005170001        0.0002459341        0.0002454103        0.0002454103        0.0002459341
       26.6531027149        0.0378415824        0.0378094171        0.0378094171        0.0378415824        0.0002632878        0.0002632878        0.0001551076        0.0001550570        0.0001550570        0.0001551076
       26.8126545915        0.0264367759        0.0264172893        0.0264172893        0.0264367759        0.0001015035        0.0001015035        0.0000914760        0.0000915914        0.0000915914        0.0000914760
       26.9722064681        0.0127758626        0.0127661971        0.0127661971        0.0127758626        0.0000123558        0.0000123558        0.0000380723        0.0000381980        0.0000381980        0.0000380723
       27.1317583447        0.0000000000        0.0000000000        0.0000000000        0.0000000000        0.0000000000        0.0000000000        0.0000000000        0.0000000000        0.0000000000        0.0000000000
       27.2913102213        0.0000000000        0.0000000000        0.0000000000        0.0000000000        0.0000000000        0.0000000000        0.0000000000        0.0000000000        0.0000000000        0.0000000000
       27.4508620979        0.0000000000        0.0000000000        0.0000000000        0.0000000000        0.0000000000        0.0000000000        0.0000000000        0.0000000000        0.0000000000        0.0000000000
       27.6104139745        0.0000000000        0.0000000000        0.0000000000        0.0000000000        0.0000000000        0.0000000000        0.0000000000        0.0000000000        0.0000000000        0.0000000000
       27.7699658511        0.0000000000        0.0000000000        0.0000000000        0.0000000000        0.0000000000        0.0000000000        0.0000000000        0.0000000000        0.0000000000        0.0000000000
       27.9295177277        0.0000000000        0.0000000000        0.0000000000        0.0000000000        0.0000000000        0.0000000000        0.0000000000        0.0000000000        0.0000000000        0.0000000000
       28.0890696043        0.0000000000        0.0000000000        0.0000000000        0.0000000000        0.0000000000        0.0000000000        0.0000000000        0.0000000000        0.0000000000        0.0000000000
       28.2486214809        0.0000000000        0.0000000000        0.0000000000        0.0000000000        0.0000000000        0.0000000000        0.0000000000        0.0000000000        0.0000000000        0.0000000000
       28.4081733575        0.0000000000        0.0000000000        0.0000000000        0.0000000000        0.0000000000        0.0000000000        0.0000000000        0.0000000000        0.0000000000        0.0000000000
       28.5677252341        0.0000000000        0.0000000000        0.0000000000        0.0000000000        0.0000000000        0.0000000000        0.0000000000        0.0000000000        0.0000000000        0.0000000000
       28.7272771107        0.0000000000        0.0000000000        0.0000000000        0.0000000000        0.0000000000        0.0000000000        0.0000000000        0.0000000000        0.0000000000        0.0000000000
       28.8868289873        0.0000000000        0.0000000000        0.0000000000        0.0000000000        0.0000000000        0.0000000000        0.0000000000        0.0000000000        0.0000000000        0.0000000000
       29.0463808639        0.0000000000        0.0000000000        0.0000000000        0.0000000000        0.0000000000        0.0000000000        0.0000000000        0.0000000000        0.0000000000        0.0000000000
       29.2059327405        0.0000000000        0.0000000000        0.0000000000        0.0000000000        0.0000000000        0.0000000000        0.0000000000        0.0000000000        0.0000000000        0.0000000000
       29.3654846171        0.0000000000        0.0000000000        0.0000000000        0.0000000000        0.0000000000        0.0000000000        0.0000000000        0.0000000000        0.0000000000        0.0000000000
       29.5250364937        0.0000000000        0.0000000000        0.0000000000        0.0000000000        0.0000000000        0.0000000000        0.0000000000        0.0000000000        0.0000000000        0.0000000000
       29.6845883703        0.0000000000        0.0000000000        0.0000000000        0.0000000000        0.0000000000        0.0000000000        0.0000000000        0.0000000000        0.0000000000        0.0000000000
