24   
3    

1    
 -0.0031318608020216   0.0031318608020216   0.0089656508873323
   0.0227851000   -0.0227851000   -0.0807333800
  -0.0002204100    0.0002204100    0.0006895500
   0.0001706900   -0.0001706900    0.0003971600
   0.0003250100   -0.0003250100   -0.0005472100
  -0.0003133200   -0.0001070500    0.0005420800
  -0.0005465100   -0.0017750400    0.0006789900
   0.0017750400    0.0005465100    0.0006789900
   0.0001070500    0.0003133200    0.0005420800
   0.0010932900   -0.0010932900    0.0190579100
  -0.0133576800    0.0133576800    0.0234686700
   0.0021905700   -0.0021905700    0.0116538600
  -0.0010391300    0.0010391300    0.0136167100
  -0.0079386700   -0.0076884300    0.0175701500
   0.0002656900    0.0006580200    0.0134446500
  -0.0006580200   -0.0002656900    0.0134446500
   0.0076884300    0.0079386700    0.0175701500
  -0.0010322800    0.0010322800   -0.0090702500
   0.0021160600   -0.0021160600   -0.0111366600
  -0.0138612600    0.0138612600    0.0011216200
   0.0010605000   -0.0010605000   -0.0041795200
   0.0078247200    0.0080560000   -0.0051065000
  -0.0006463600   -0.0002674900   -0.0092986000
   0.0002674900    0.0006463600   -0.0092986000
  -0.0080560000   -0.0078247200   -0.0051065000

9    
 -0.0031318608020216   0.0031318608020216   0.0089656508873323
   0.0010566500   -0.0010566500    0.0071859400
  -0.0146591300    0.0146591300    0.0120223700
   0.0029441300   -0.0029441300    0.0007916400
  -0.0010144400    0.0010144400    0.0022901500
  -0.0087953700   -0.0085669800    0.0063117500
   0.0002610000    0.0006266000    0.0020357600
  -0.0006266000   -0.0002610000    0.0020357600
   0.0085669800    0.0087953700    0.0063117500
   0.0508891400   -0.0508891400   -0.1156945900
   0.0003911000   -0.0003911000    0.0108541600
  -0.0007655500    0.0007655500    0.0115742100
  -0.0040791900    0.0040791900   -0.0075006000
   0.0003876200    0.0005565200    0.0112853400
   0.0016691200    0.0123767500    0.0109080500
  -0.0123767500   -0.0016691200    0.0109080500
  -0.0005565200   -0.0003876200    0.0112853400
  -0.0027872000    0.0027872000    0.0003664200
  -0.0199254000    0.0199254000    0.0199672200
   0.0053198900   -0.0053198900    0.0024743900
   0.0010474200   -0.0010474200   -0.0082235300
  -0.0162375700   -0.0083544800    0.0111782300
   0.0005214400   -0.0004147700   -0.0097730300
   0.0004147700   -0.0005214400   -0.0097730300
   0.0083544800    0.0162375700    0.0111782300

9    
  0.0031318608020216  -0.0031318608020216  -0.0089656508873323
  -0.0011055700    0.0011055700   -0.0076828900
   0.0140033300   -0.0140033300   -0.0115647100
  -0.0028069900    0.0028069900   -0.0007438200
   0.0010666300   -0.0010666300   -0.0022884100
   0.0084949100    0.0082410400   -0.0061627000
  -0.0002653500   -0.0006709500   -0.0021188400
   0.0006709500    0.0002653500   -0.0021188400
  -0.0082410400   -0.0084949100   -0.0061627000
  -0.0509049700    0.0509049700    0.1393693000
  -0.0004483900    0.0004483900    0.0124039800
   0.0007389800   -0.0007389800    0.0114833100
   0.0040416300   -0.0040416300    0.0309397600
  -0.0004473600   -0.0005210100    0.0118331000
  -0.0018445700   -0.0124068800    0.0121787900
   0.0124068800    0.0018445700    0.0121787900
   0.0005210100    0.0004473600    0.0118331000
   0.0027552900   -0.0027552900   -0.0233066800
   0.0203990400   -0.0203990400   -0.0438241500
  -0.0052873600    0.0052873600   -0.0257717500
  -0.0009815900    0.0009815900   -0.0148379300
   0.0164737700    0.0084744700   -0.0345330000
  -0.0004492600    0.0003154900   -0.0132853700
  -0.0003154900    0.0004492600   -0.0132853700
  -0.0084744700   -0.0164737700   -0.0345330000
