# Tetrahedron method
       -1.3921633428        0.0000000000        0.0000000000        0.0000000000
       -1.2961128754        0.0000000000        0.0000000000        0.0000000000
       -1.2000624079        0.0000000000        0.0000000000        0.0000000000
       -1.1040119404        0.0000000000        0.0000000000        0.0000000000
       -1.0079614729        0.0000000000        0.0000000000        0.0000000000
       -0.9119110054        0.0000000000        0.0000000000        0.0000000000
       -0.8158605380        0.0000000000        0.0000000000        0.0000000000
       -0.7198100705        0.0000000000        0.0000000000        0.0000000000
       -0.6237596030        0.0000000000        0.0000000000        0.0000000000
       -0.5277091355        0.0000000000        0.0000000000        0.0000000000
       -0.4316586680        0.0000000000        0.0000000000        0.0000000000
       -0.3356082006        0.0000000000        0.0000000000        0.0000000000
       -0.2395577331        0.0000000000        0.0000000000        0.0000000000
       -0.1435072656        0.0000000000        0.0000000000        0.0000000000
       -0.0474567981        0.0000000000        0.0000000000        0.0000000000
        0.0485936694        0.0000000000        0.0000000000        0.0000000000
        0.1446441368        0.0000000000        0.0000000000        0.0000000000
        0.2406946043        0.0000062925        0.0000384422        0.0000384422
        0.3367450718        0.0000325575        0.0001993060        0.0001993060
        0.4327955393        0.0000698980        0.0004287077        0.0004287077
        0.5288460067        0.0001168322        0.0007179290        0.0007179290
        0.6248964742        0.0001905663        0.0011738484        0.0011738484
        0.7209469417        0.0002907887        0.0017956710        0.0017956710
        0.8169974092        0.0003748850        0.0023219549        0.0023219549
        0.9130478767        0.0004583711        0.0028509025        0.0028509025
        1.0090983441        0.0005816189        0.0036332687        0.0036332687
        1.1051488116        0.0007190718        0.0045139282        0.0045139282
        1.2011992791        0.0008448545        0.0053320484        0.0053320484
        1.2972497466        0.0009924797        0.0063018286        0.0063018286
        1.3933002141        0.0011476353        0.0073323969        0.0073323969
        1.4893506815        0.0013147537        0.0084560377        0.0084560377
        1.5854011490        0.0014938382        0.0096789040        0.0096789040
        1.6814516165        0.0017006366        0.0111042721        0.0111042721
        1.7775020840        0.0018963854        0.0124858359        0.0124858359
        1.8735525514        0.0020995017        0.0139444582        0.0139444582
        1.9696030189        0.0023413169        0.0156937459        0.0156937459
        2.0656534864        0.0025910815        0.0175370295        0.0175370295
        2.1617039539        0.0028386915        0.0194185203        0.0194185203
        2.2577544214        0.0031011894        0.0214503730        0.0214503730
        2.3538048888        0.0033953119        0.0237518075        0.0237518075
        2.4498553563        0.0036738515        0.0260125622        0.0260125622
        2.5459058238        0.0039877040        0.0285923800        0.0285923800
        2.6419562913        0.0043183336        0.0313761552        0.0313761552
        2.7380067588        0.0046612809        0.0343368838        0.0343368838
        2.8340572262        0.0050236204        0.0375358130        0.0375358130
        2.9301076937        0.0054105281        0.0410126526        0.0410126526
        3.0261581612        0.0057998665        0.0446573083        0.0446573083
        3.1222086287        0.0062358682        0.0487803323        0.0487803323
        3.2182590962        0.0067286909        0.0534562643        0.0534562643
        3.3143095636        0.0072111320        0.0582168243        0.0582168243
        3.4103600311        0.0103602633        0.0733088057        0.0733088057
        3.5064104986        0.0133819368        0.0888302541        0.0888302541
        3.6024609661        0.0160555494        0.1042033098        0.1042033098
        3.6985114335        0.0194603589        0.1247296302        0.1247296302
        3.7945619010        0.0251088515        0.1594386453        0.1594386453
        3.8906123685        0.0253883929        0.1643567698        0.1643567698
        3.9866628360        0.0256396854        0.1691723689        0.1691723689
        4.0827133035        0.0262114506        0.1761747877        0.1761747877
        4.1787637709        0.0266523473        0.1822860445        0.1822860445
        4.2748142384        0.0272786458        0.1898733630        0.1898733630
        4.3708647059        0.0280275586        0.1986856589        0.1986856589
        4.4669151734        0.0287615785        0.2072435143        0.2072435143
        4.5629656409        0.0301458324        0.2206192519        0.2206192519
        4.6590161083        0.0329186598        0.2380438870        0.2380438870
        4.7550665758        0.0310351654        0.2299634554        0.2299634554
        4.8511170433        0.0291590193        0.2211962939        0.2211962939
        4.9471675108        0.0280463756        0.2171532083        0.2171532083
        5.0432179782        0.0269415012        0.2113179540        0.2113179540
        5.1392684457        0.0264522039        0.2120385958        0.2120385958
        5.2353189132        0.0260232410        0.2162527668        0.2162527668
        5.3313693807        0.0254097021        0.2199850921        0.2199850921
        5.4274198482        0.0257595332        0.2441911814        0.2441911814
        5.5234703156        0.0261154007        0.2750132018        0.2750132018
        5.6195207831        0.0253272130        0.2486100345        0.2486100345
        5.7155712506        0.0248874124        0.2440049857        0.2440049857
        5.8116217181        0.0249842624        0.2462159116        0.2462159116
        5.9076721856        0.0257844808        0.2555469454        0.2555469454
        6.0037226530        0.0274082023        0.2737024969        0.2737024969
        6.0997731205        0.0323094571        0.3195272233        0.3195272233
        6.1958235880        0.0325072427        0.3447545582        0.3447545582
        6.2918740555        0.0324075918        0.3906920494        0.3906920494
        6.3879245230        0.0331373638        0.3991002124        0.3991002124
        6.4839749904        0.0348616548        0.4221597555        0.4221597555
        6.5800254579        0.0371260127        0.4501589960        0.4501589960
        6.6760759254        0.0423699410        0.5133897971        0.5133897971
        6.7721263929        0.0507930367        0.5977085791        0.5977085791
        6.8681768603        0.0710208030        0.7304951150        0.7304951150
        6.9642273278        0.0807403176        0.7961041672        0.7961041672
        7.0602777953        0.0633035838        0.5858856253        0.5858856253
        7.1563282628        0.0598599669        0.5470554694        0.5470554694
        7.2523787303        0.0523502482        0.5552327936        0.5552327936
        7.3484291977        0.0393521027        0.4422131447        0.4422131447
        7.4444796652        0.0317483080        0.3681207390        0.3681207390
        7.5405301327        0.0256268693        0.2902405307        0.2902405307
        7.6365806002        0.0226025098        0.2439195391        0.2439195391
        7.7326310677        0.0221207628        0.2354799503        0.2354799503
        7.8286815351        0.0220407762        0.2324214690        0.2324214690
        7.9247320026        0.0534147339        0.4031888451        0.4031888451
        8.0207824701        0.0320388813        0.3761032794        0.3761032794
        8.1168329376        0.0276633922        0.4022714053        0.4022714053
        8.2128834050        0.0257084065        0.3382357201        0.3382357201
        8.3089338725        0.0254634859        0.3616532125        0.3616532125
        8.4049843400        0.0283092889        0.4355414279        0.4355414279
        8.5010348075        0.0305038546        0.5058202880        0.5058202880
        8.5970852750        0.0317963636        0.5166666310        0.5166666310
        8.6931357424        0.0400230080        0.5613689299        0.5613689299
        8.7891862099        0.0627701677        0.6361352929        0.6361352929
        8.8852366774        0.1072837921        0.8325602724        0.8325602724
        8.9812871449        0.0737183050        0.5650432525        0.5650432525
        9.0773376124        0.0610704474        0.5003742262        0.5003742262
        9.1733880798        0.0626482968        0.5662764122        0.5662764122
        9.2694385473        0.0609180106        0.6031885778        0.6031885778
        9.3654890148        0.0609799936        0.6216920522        0.6216920522
        9.4615394823        0.0591047088        0.7856766066        0.7856766066
        9.5575899498        0.0750780899        1.0110309291        1.0110309291
        9.6536404172        0.1380466447        1.1857954209        1.1857954209
        9.7496908847        0.2168301207        1.6701457897        1.6701457897
        9.8457413522        0.0483456168        0.5481580142        0.5481580142
        9.9417918197        0.0327357335        0.3959389657        0.3959389657
       10.0378422871        0.0236193628        0.3744222017        0.3744222017
       10.1338927546        0.0139358800        0.2803968606        0.2803968606
       10.2299432221        0.0088989243        0.2065094619        0.2065094619
       10.3259936896        0.0058060336        0.1428517381        0.1428517381
       10.4220441571        0.0040087318        0.0695521051        0.0695521051
       10.5180946245        0.0032953211        0.0561439338        0.0561439338
       10.6141450920        0.0027021597        0.0463095068        0.0463095068
       10.7101955595        0.0022217911        0.0389749043        0.0389749043
       10.8062460270        0.0016864986        0.0320345305        0.0320345305
       10.9022964945        0.0012697599        0.0267344580        0.0267344580
       10.9983469619        0.0008913050        0.0218593275        0.0218593275
       11.0943974294        0.0005394285        0.0169837079        0.0169837079
       11.1904478969        0.0002794183        0.0127035452        0.0127035452
       11.2864983644        0.0000746838        0.0074177722        0.0074177722
       11.3825488318        0.0000000000        0.0000000000        0.0000000000
       11.4785992993        0.0000000000        0.0000000000        0.0000000000
       11.5746497668        0.0000000000        0.0000000000        0.0000000000
       11.6707002343        0.0000000000        0.0000000000        0.0000000000
       11.7667507018        0.0000000000        0.0000000000        0.0000000000
       11.8628011692        0.0000000000        0.0000000000        0.0000000000
       11.9588516367        0.0000000000        0.0000000000        0.0000000000
       12.0549021042        0.0000000000        0.0000000000        0.0000000000
       12.1509525717        0.0000000000        0.0000000000        0.0000000000
       12.2470030392        0.0000000000        0.0000000000        0.0000000000
       12.3430535066        0.0000000000        0.0000000000        0.0000000000
       12.4391039741        0.0000000000        0.0000000000        0.0000000000
       12.5351544416        0.0000000000        0.0000000000        0.0000000000
       12.6312049091        0.0000000000        0.0000000000        0.0000000000
       12.7272553766        0.0000000000        0.0000000000        0.0000000000
       12.8233058440        0.0000000000        0.0000000000        0.0000000000
       12.9193563115        0.0000000000        0.0000000000        0.0000000000
       13.0154067790        0.0000000000        0.0000000000        0.0000000000
       13.1114572465        0.0000000000        0.0000000000        0.0000000000
       13.2075077139        0.0000000000        0.0000000000        0.0000000000
       13.3035581814        0.0000000000        0.0000000000        0.0000000000
       13.3996086489        0.0000000000        0.0000000000        0.0000000000
       13.4956591164        0.0000000000        0.0000000000        0.0000000000
       13.5917095839        0.0000000000        0.0000000000        0.0000000000
       13.6877600513        0.0000000000        0.0000000000        0.0000000000
       13.7838105188        0.0000000000        0.0000000000        0.0000000000
       13.8798609863        0.0000000000        0.0000000000        0.0000000000
       13.9759114538        0.0000000000        0.0000000000        0.0000000000
       14.0719619213        0.0000000000        0.0000000000        0.0000000000
       14.1680123887        0.7122739054        0.0620379285        0.0620379285
       14.2640628562        0.9859554658        0.0842990201        0.0842990201
       14.3601133237        1.6131619633        0.1231461455        0.1231461455
       14.4561637912        1.8736112033        0.1308782621        0.1308782621
       14.5522142586        1.5855654515        0.1080775638        0.1080775638
       14.6482647261        4.5688855224        0.1840135586        0.1840135586
       14.7443151936        2.1984099543        0.1125760385        0.1125760385
       14.8403656611        1.6659415237        0.0956461343        0.0956461343
       14.9364161286        1.4245491092        0.0858092823        0.0858092823
       15.0324665960        1.1539438077        0.0701883349        0.0701883349
       15.1285170635        0.7119887292        0.0468729146        0.0468729146
       15.2245675310        0.4107570661        0.0281835983        0.0281835983
       15.3206179985        0.0000000000        0.0000000000        0.0000000000
       15.4166684660        0.0000000000        0.0000000000        0.0000000000
       15.5127189334        0.0000000000        0.0000000000        0.0000000000
       15.6087694009        0.0000000000        0.0000000000        0.0000000000
       15.7048198684        0.0000000000        0.0000000000        0.0000000000
       15.8008703359        0.0000000000        0.0000000000        0.0000000000
       15.8969208034        1.8430899316        0.0273081059        0.0273081059
       15.9929712708        5.0158342555        0.1574266914        0.1574266914
       16.0890217383        2.2019622885        0.1073670184        0.1073670184
       16.1850722058        1.4246873260        0.0918667364        0.0918667364
       16.2811226733        0.0000000000        0.0000000000        0.0000000000
       16.3771731407        0.0000000000        0.0000000000        0.0000000000
       16.4732236082        0.0000000000        0.0000000000        0.0000000000
       16.5692740757        0.0000000000        0.0000000000        0.0000000000
       16.6653245432        0.0000000000        0.0000000000        0.0000000000
       16.7613750107        0.0000000000        0.0000000000        0.0000000000
       16.8574254781        0.0000000000        0.0000000000        0.0000000000
       16.9534759456        0.0000000000        0.0000000000        0.0000000000
       17.0495264131        0.0000000000        0.0000000000        0.0000000000
       17.1455768806        0.0000000000        0.0000000000        0.0000000000
       17.2416273481        0.0000000000        0.0000000000        0.0000000000
       17.3376778155        0.0000000000        0.0000000000        0.0000000000
       17.4337282830        0.0000000000        0.0000000000        0.0000000000
       17.5297787505        0.0000000000        0.0000000000        0.0000000000
       17.6258292180        0.0000000000        0.0000000000        0.0000000000
       17.7218796854        0.0000000000        0.0000000000        0.0000000000
       17.8179301529        0.0000000000        0.0000000000        0.0000000000
