24   
18   

1    
  0.0099999998342988   0.0000001205174990  -0.0000018164524475
  -0.1934789000   -0.0036366500    0.0031228200
   0.0109977200   -0.0020782000    0.0030283500
   0.0007969700    0.0038045200    0.0030292500
   0.0007700400   -0.0079879300    0.0030299400
  -0.0007195400   -0.0020936200    0.0030289300
   0.0004555100   -0.0020909000    0.0030285900
  -0.0006441900   -0.0014652800    0.0030275600
  -0.0006579700   -0.0027444100    0.0030327000
   0.0489864900    0.0209072700   -0.0050215700
   0.0463108400   -0.0268627800   -0.0050651100
   0.0063100100   -0.0036444300   -0.0050313600
  -0.0025071200   -0.0039161400   -0.0050288700
  -0.0027096500   -0.0039277900   -0.0050291300
  -0.0027083300   -0.0038756800   -0.0050275000
  -0.0026642400   -0.0038941600   -0.0050272200
  -0.0008701400   -0.0038950900   -0.0050289000
  -0.0011376600    0.0058916000    0.0021002800
   0.0088849300    0.0060258200    0.0020233500
   0.0191150600    0.0176484000    0.0216713600
   0.0193231600   -0.0058772300   -0.0180968600
  -0.0011465400    0.0058956400    0.0019053000
   0.0088749400    0.0060202800    0.0019704700
   0.0191149600    0.0176590100   -0.0176974000
   0.0193036500   -0.0058622700    0.0220550400

1    
 -0.0099999998342988  -0.0000001205174990   0.0000018164524475
   0.1927952300   -0.0036698700    0.0029332800
  -0.0116822300   -0.0020862500    0.0030306300
  -0.0014540400   -0.0079882900    0.0030294500
  -0.0014814100    0.0038044300    0.0030289400
   0.0000340300   -0.0020940300    0.0030298500
  -0.0011384900   -0.0020920500    0.0030310000
  -0.0000271500   -0.0027430200    0.0030322300
  -0.0000391000   -0.0014652800    0.0030269300
  -0.0502498000   -0.0268585200   -0.0050376900
  -0.0529372300    0.0209120900   -0.0049931700
  -0.0102545100   -0.0036337100   -0.0050291300
  -0.0014387800   -0.0039186200   -0.0050305800
  -0.0012361000   -0.0038753600   -0.0050271000
  -0.0012358900   -0.0039273600   -0.0050283900
  -0.0012806600   -0.0038942700   -0.0050294100
  -0.0030750200   -0.0038933300   -0.0050286900
   0.0057670600    0.0059053300    0.0020881100
  -0.0042559300    0.0060146300    0.0020324800
  -0.0146824000   -0.0058609300   -0.0180534500
  -0.0144977000    0.0176646800    0.0217151000
   0.0057768400    0.0059018300    0.0019049000
  -0.0042467100    0.0060208100    0.0019718700
  -0.0146814500   -0.0058727700    0.0220782600
  -0.0144785700    0.0176498500   -0.0176754200

1    
  0.0049979084721184   0.0086614611575637  -0.0000012330215696
  -0.0982010400   -0.1686307800    0.0030923900
   0.0053390900   -0.0040688300    0.0030287600
   0.0053423300    0.0077094800    0.0030285500
  -0.0048881200    0.0018079000    0.0030305200
  -0.0005283700   -0.0024279400    0.0030291300
   0.0000549900   -0.0026758000    0.0030269600
   0.0000622100   -0.0014083500    0.0030290900
  -0.0010595100   -0.0020480300    0.0030328600
   0.0449743800    0.0278502000   -0.0050205600
   0.0023829600    0.0031520700   -0.0050311900
   0.0022812800    0.0493622400   -0.0050562000
  -0.0022548700   -0.0043565600   -0.0050293200
  -0.0023646900   -0.0045235700   -0.0050301000
  -0.0023144700   -0.0045003100   -0.0050272300
  -0.0023192800   -0.0045487300   -0.0050271100
  -0.0014183400   -0.0029438500   -0.0050288700
   0.0005352700    0.0266744500   -0.0181095100
   0.0056251000    0.0116667600    0.0020209100
   0.0208000000    0.0147353300    0.0216725400
   0.0004945000    0.0030640600    0.0021056100
   0.0005414900    0.0266608400    0.0220909000
   0.0056143500    0.0116579400    0.0019744800
   0.0208076600    0.0147348700   -0.0177006200
   0.0004930700    0.0030566300    0.0018979900

1    
 -0.0049979084721184  -0.0086614611575637   0.0000012330215696
   0.0948225600    0.1659898700    0.0029635000
  -0.0059997000   -0.0001088700    0.0030301600
  -0.0059998500   -0.0119201200    0.0030302200
   0.0042003100   -0.0060321900    0.0030285600
  -0.0001536900   -0.0017667500    0.0030297000
  -0.0007404600   -0.0014998400    0.0030325400
  -0.0007382500   -0.0027932200    0.0030306300
   0.0003593600   -0.0021566300    0.0030264900
  -0.0459782400   -0.0342501600   -0.0050380600
  -0.0058778900   -0.0112112400   -0.0050304100
  -0.0059657600   -0.0604058300   -0.0050016900
  -0.0017229700   -0.0034228800   -0.0050307800
  -0.0015842900   -0.0032745600   -0.0050266200
  -0.0016217900   -0.0033036400   -0.0050281800
  -0.0016282700   -0.0032469100   -0.0050293300
  -0.0025185200   -0.0048592800   -0.0050281100
   0.0040099500   -0.0144084900    0.0217254800
  -0.0009523600    0.0003007500    0.0020346800
  -0.0164496800   -0.0028048400   -0.0180551600
   0.0039663800    0.0090283900    0.0020837300
   0.0040051900   -0.0143944500   -0.0177086700
  -0.0009430500    0.0003106500    0.0019680100
  -0.0164565500   -0.0028055300    0.0220819700
   0.0039675900    0.0090357600    0.0019113400

1    
  0.0000038268226635   0.0000007975457153   0.0099999992359674
  -0.0003436600   -0.0020979600   -0.1192568800
  -0.0003389900   -0.0021013000    0.0039555600
  -0.0003444300   -0.0020937700    0.0039594100
  -0.0003384400   -0.0020966200    0.0039621300
  -0.0003424700   -0.0020976500    0.0035693300
  -0.0003427300   -0.0020931000    0.0036699700
  -0.0003380800   -0.0021003100    0.0036680700
  -0.0003452400   -0.0020991000    0.0036666800
  -0.0020736800   -0.0039601700    0.0008324500
  -0.0018539300   -0.0039639400    0.0008269100
  -0.0019671200   -0.0037697200    0.0008211600
  -0.0019718600   -0.0038989800   -0.0043916400
  -0.0019559900   -0.0038910800   -0.0045933700
  -0.0019907900   -0.0038874200   -0.0045935800
  -0.0019702300   -0.0039199400   -0.0045938900
  -0.0019721100   -0.0038988700   -0.0040664400
   0.0023223300   -0.0134168500    0.0182087700
   0.0023072200    0.0059821100    0.0013170200
   0.0190889500    0.0156897800    0.0181581400
  -0.0144810600    0.0157059900    0.0181971700
   0.0023125900    0.0258815300    0.0184734400
   0.0023184000    0.0060109200    0.0013038500
  -0.0148878700   -0.0039454900    0.0184629200
   0.0195092000   -0.0039380700    0.0184428200

1    
 -0.0000038268226635  -0.0000007975457153  -0.0099999992359674
  -0.0003391200   -0.0020976300    0.1253155200
  -0.0003469000   -0.0020988800    0.0021038900
  -0.0003441900   -0.0020997000    0.0020988900
  -0.0003413500   -0.0020948200    0.0020957800
  -0.0003395500   -0.0020987600    0.0024921000
  -0.0003437600   -0.0020870000    0.0023889700
  -0.0003320500   -0.0021029500    0.0023920000
  -0.0003530100   -0.0021014900    0.0023937900
  -0.0021431000   -0.0039976500   -0.0108937300
  -0.0018191100   -0.0039916400   -0.0108874900
  -0.0019758500   -0.0037143700   -0.0108779400
  -0.0019754100   -0.0038990400   -0.0056709400
  -0.0019455100   -0.0038847700   -0.0054630700
  -0.0019974400   -0.0038860300   -0.0054635500
  -0.0019725400   -0.0039280200   -0.0054669700
  -0.0019752500   -0.0038989000   -0.0059879800
   0.0023071200    0.0258808300   -0.0144768000
   0.0023213600    0.0060114600    0.0027191600
  -0.0148661900   -0.0039309100   -0.0144259000
   0.0195171700   -0.0039468100   -0.0144654900
   0.0023171700   -0.0134184300   -0.0142067900
   0.0023102800    0.0059832700    0.0026590000
   0.0191120700    0.0157045200   -0.0141962800
  -0.0144748500    0.0156977100   -0.0141761800

9    
  0.0099999998342988   0.0000001205174990  -0.0000018164524475
   0.0479549100    0.0208767100    0.0030416900
   0.0506030100   -0.0268663800    0.0029927500
   0.0079409800   -0.0023309300    0.0030300800
  -0.0008772000   -0.0020962300    0.0030307000
  -0.0010879600   -0.0021274700    0.0030245000
  -0.0010695700   -0.0020748000    0.0030337200
  -0.0010331900   -0.0020917700    0.0030318100
   0.0007593000   -0.0021080100    0.0030302100
  -0.1965776100   -0.0022189100   -0.0049404000
   0.0202490400   -0.0039080200   -0.0050312800
   0.0021663800    0.0065291500   -0.0050321400
   0.0021280600   -0.0143158200   -0.0050284300
  -0.0029642000   -0.0039102900   -0.0050247700
   0.0005829100   -0.0039104400   -0.0050321800
  -0.0036362600   -0.0014468300   -0.0050279200
  -0.0035975900   -0.0062886600   -0.0050310500
   0.0092109200    0.0080948100   -0.0020409400
   0.0096594900    0.0040614800    0.0057244000
   0.0073685400    0.0059831900    0.0020065900
   0.0129187000    0.0060081400    0.0020169100
   0.0092996000    0.0080578400    0.0059699300
   0.0096913700    0.0040791400   -0.0017021000
   0.0073760500    0.0059889000    0.0019908900
   0.0129343300    0.0060151700    0.0019670200

9    
 -0.0099999998342988  -0.0000001205174990   0.0000018164524475
  -0.0512821500   -0.0268684100    0.0030156400
  -0.0486442900    0.0208750700    0.0030632600
  -0.0086249200   -0.0023084600    0.0030283200
   0.0001926900   -0.0020989100    0.0030273800
   0.0003848900   -0.0020754500    0.0030355900
   0.0004040900   -0.0021271600    0.0030265100
   0.0003497100   -0.0020914500    0.0030282500
  -0.0014444100   -0.0021064900    0.0030301000
   0.1926314700   -0.0021510400   -0.0051196700
  -0.0241939800   -0.0039042800   -0.0050292300
  -0.0060752300   -0.0143173100   -0.0050280200
  -0.0061088600    0.0065277000   -0.0050310800
  -0.0009807800   -0.0039088200   -0.0050323700
  -0.0045277800   -0.0039116400   -0.0050238800
  -0.0003405400   -0.0062938600   -0.0050285300
  -0.0003155900   -0.0014522400   -0.0050264700
  -0.0049643100    0.0040352400    0.0057796300
  -0.0046471500    0.0080698500   -0.0019872400
  -0.0027387900    0.0059881400    0.0020052200
  -0.0082899800    0.0060091500    0.0020267100
  -0.0050549200    0.0040732000   -0.0017078800
  -0.0046775700    0.0080527200    0.0059641400
  -0.0027462000    0.0059824700    0.0019958300
  -0.0083054200    0.0060020000    0.0019877700

9    
  0.0049979084721184   0.0086614611575637  -0.0000012330215696
   0.0437038200    0.0282529500    0.0030416400
   0.0035827800    0.0052021900    0.0030302000
   0.0036677500    0.0543762600    0.0030009700
  -0.0006061200   -0.0025653000    0.0030305700
  -0.0007408800   -0.0027265900    0.0030237000
  -0.0006822800   -0.0027002400    0.0030308600
  -0.0006889400   -0.0027391400    0.0030342800
   0.0002022800   -0.0011362300    0.0030297700
  -0.0977774000   -0.1731449000   -0.0049693700
   0.0091459500   -0.0055162500   -0.0050319700
   0.0091096400    0.0153319100   -0.0050304700
  -0.0089461900    0.0048739200   -0.0050281300
  -0.0024779800   -0.0047497200   -0.0050259600
  -0.0006772100   -0.0065788300   -0.0050289000
  -0.0007070500   -0.0016858400   -0.0050313300
  -0.0048542700   -0.0041132500   -0.0050296900
   0.0076307500    0.0151790000    0.0020230200
   0.0043048700    0.0133246500    0.0057302300
   0.0048273900    0.0103805900    0.0020089600
   0.0075768400    0.0108639200   -0.0020863800
   0.0076458400    0.0151956600    0.0019657300
   0.0043375800    0.0133452300   -0.0017029600
   0.0048358100    0.0103880300    0.0019891100
   0.0075870200    0.0109419900    0.0060261200

9    
 -0.0049979084721184  -0.0086614611575637   0.0000012330215696
  -0.0472658300   -0.0338381200    0.0030150000
  -0.0046518600   -0.0091740100    0.0030267800
  -0.0045870500   -0.0553872200    0.0030549100
  -0.0000768400   -0.0016321300    0.0030271600
   0.0000395300   -0.0014773000    0.0030370800
   0.0000094300   -0.0015000800    0.0030307100
   0.0000051100   -0.0014381900    0.0030265400
  -0.0009007000   -0.0030529300    0.0030309200
   0.0968026100    0.1636327400   -0.0050920800
  -0.0130638800   -0.0022546100   -0.0050319300
  -0.0130636100   -0.0231239600   -0.0050302100
   0.0049890100   -0.0127078600   -0.0050325400
  -0.0014832800   -0.0030401500   -0.0050297900
  -0.0032336500   -0.0012744500   -0.0050243200
  -0.0032552300   -0.0061016100   -0.0050247000
   0.0009724000   -0.0036857400   -0.0050262200
  -0.0029841700   -0.0031986200    0.0020200600
   0.0006373200   -0.0010700100   -0.0019931100
  -0.0002184400    0.0016272800    0.0020024200
  -0.0030201300    0.0007309900    0.0058261200
  -0.0029985300   -0.0032145200    0.0019895700
   0.0006048300   -0.0010896900    0.0059652000
  -0.0002275500    0.0016190000    0.0019980100
  -0.0030294900    0.0006511700   -0.0017655800

9    
  0.0000038268226635   0.0000007975457153   0.0099999992359674
  -0.0001677000   -0.0019993700    0.0088909200
  -0.0005037600   -0.0020033500    0.0088852500
  -0.0003395200   -0.0022873000    0.0088794300
  -0.0003412100   -0.0020962400    0.0036675500
  -0.0003420600   -0.0020990300    0.0034653800
  -0.0003431900   -0.0020972800    0.0034654000
  -0.0003415700   -0.0020973600    0.0034652600
  -0.0003422000   -0.0020965700    0.0039926900
  -0.0019747000   -0.0039059100   -0.0849148100
  -0.0019653700   -0.0038909200   -0.0044580500
  -0.0019607300   -0.0038972400   -0.0044522600
  -0.0019813900   -0.0039050500   -0.0044474300
  -0.0019670600   -0.0039014600    0.0091543500
  -0.0019738200   -0.0039148800   -0.0028141000
  -0.0019835200   -0.0038903800   -0.0028213400
  -0.0019614400   -0.0038902200   -0.0028279500
  -0.0021581700    0.0085778700    0.0078848400
   0.0067398800    0.0085498400    0.0079390000
   0.0023186700    0.0060066600    0.0020982600
   0.0023162900    0.0007861800    0.0078440000
   0.0064009400    0.0036400000    0.0083370200
  -0.0017571500    0.0036446500    0.0083451200
   0.0023116700    0.0059903600    0.0021420200
   0.0023170900    0.0107770000    0.0082794400

9    
 -0.0000038268226635  -0.0000007975457153  -0.0099999992359674
  -0.0002292300   -0.0020321600   -0.0028326500
  -0.0004670600   -0.0020300500   -0.0028265600
  -0.0003471400   -0.0022346700   -0.0028208900
  -0.0003413800   -0.0020960000    0.0023907900
  -0.0003395000   -0.0020979200    0.0025946300
  -0.0003432700   -0.0021001500    0.0025942800
  -0.0003441000   -0.0020967100    0.0025945700
  -0.0003413900   -0.0020949600    0.0020672500
  -0.0019757500   -0.0039044300    0.0748550900
  -0.0019774800   -0.0038895100   -0.0056019600
  -0.0019624300   -0.0039056100   -0.0056059500
  -0.0019835300   -0.0039023000   -0.0056102500
  -0.0019811000   -0.0039039000   -0.0192122100
  -0.0019689200   -0.0039213500   -0.0072433100
  -0.0019875800   -0.0038844100   -0.0072376200
  -0.0019558000   -0.0038889700   -0.0072319300
   0.0064600100    0.0036025400   -0.0042572100
  -0.0017827400    0.0036325700   -0.0043125800
   0.0023123300    0.0059890800    0.0018591600
   0.0023112600    0.0108325400   -0.0042153800
  -0.0021008700    0.0085420900   -0.0039647700
   0.0067155600    0.0085394600   -0.0039726900
   0.0023190700    0.0060051500    0.0018987100
   0.0023110500    0.0008396700   -0.0039085400

17   
  0.0099999998342988   0.0000001205174990  -0.0000018164524475
  -0.0037984500   -0.0020126300    0.0029617300
   0.0062315800   -0.0021180600    0.0030638800
   0.0166718500    0.0097688500    0.0202154200
   0.0164542100   -0.0137512400   -0.0137595000
  -0.0038075800   -0.0020086000    0.0031002100
   0.0062220000   -0.0021235200    0.0029869900
   0.0166719600    0.0097798700   -0.0141987300
   0.0164341600   -0.0137369900    0.0197942300
   0.0053261400   -0.0019364400   -0.0091516400
   0.0049707800   -0.0059808400   -0.0005805900
   0.0030810900   -0.0038794700   -0.0050216800
   0.0086320300   -0.0038817400   -0.0050000200
   0.0054166400   -0.0019701400   -0.0009737400
   0.0050012000   -0.0059618200   -0.0094612700
   0.0030885400   -0.0038737000   -0.0050417100
   0.0086475100   -0.0038813500   -0.0050631000
  -0.1669975300    0.0055820300    0.0021535100
   0.0195094400    0.0060654400    0.0019942600
   0.0102321000    0.0112827600    0.0019852800
   0.0102184700    0.0006647300    0.0020078800
   0.0019230700    0.0060062700    0.0020017600
   0.0126276600    0.0059536600    0.0019877900
  -0.0014049400    0.0141031300    0.0020038100
  -0.0013519400   -0.0020901700    0.0019952300

17   
 -0.0099999998342988  -0.0000001205174990   0.0000018164524475
   0.0031131400   -0.0019956500    0.0029495800
  -0.0069148800   -0.0021288200    0.0030840200
  -0.0171236500   -0.0137363300   -0.0137195200
  -0.0173707900    0.0097829500    0.0202557600
   0.0031219800   -0.0019989600    0.0031071400
  -0.0069049600   -0.0021228100    0.0029836300
  -0.0171242300   -0.0137477400    0.0198209000
  -0.0173505900    0.0097675400   -0.0141712500
  -0.0088506300   -0.0060069400   -0.0005257600
  -0.0093366800   -0.0019630800   -0.0090950600
  -0.0070258700   -0.0038730300   -0.0050232000
  -0.0125770800   -0.0038801500   -0.0049941700
  -0.0089394400   -0.0059743200   -0.0094684700
  -0.0093684600   -0.0019829400   -0.0009812700
  -0.0070333700   -0.0038789700   -0.0050305500
  -0.0125926500   -0.0038810200   -0.0050596400
   0.1716268500    0.0056352400    0.0018489600
  -0.0148798600    0.0060727900    0.0020053500
  -0.0055941600    0.0006563500    0.0020144000
  -0.0055978500    0.0112737500    0.0019919800
   0.0027049900    0.0060088400    0.0019972900
  -0.0079969500    0.0059441100    0.0020113000
   0.0059694100   -0.0020812400    0.0019951200
   0.0060456900    0.0141104300    0.0020034600

17   
  0.0049979084721184   0.0086614611575637  -0.0000012330215696
  -0.0020385000    0.0182866200   -0.0137693100
   0.0029256400    0.0035988300    0.0030561000
   0.0184422300    0.0067150800    0.0202202000
  -0.0020030100   -0.0051252700    0.0029695700
  -0.0020338200    0.0182731600    0.0198261000
   0.0029157300    0.0035901800    0.0029974700
   0.0184502500    0.0067147800   -0.0142043500
  -0.0020045300   -0.0051330800    0.0030914900
   0.0033451500    0.0052805700   -0.0049981400
  -0.0003007100    0.0031487400   -0.0005792600
   0.0005712600    0.0004683500   -0.0050137000
   0.0033674400    0.0013868500   -0.0091907300
   0.0033563000    0.0052992500   -0.0050633300
  -0.0002714000    0.0031699900   -0.0094609600
   0.0005802100    0.0004756600   -0.0050482900
   0.0033826200    0.0014637100   -0.0009201900
  -0.0826635400   -0.1403725300    0.0021045600
   0.0108819000    0.0102205200    0.0019853100
   0.0109359400    0.0208134400    0.0019959600
   0.0016470600    0.0155232200    0.0020095000
   0.0021275400    0.0056594300    0.0020011100
   0.0074683400   -0.0012593100    0.0020001900
   0.0074395400    0.0149493900    0.0019915900
  -0.0065216300    0.0068524300    0.0019991300

17   
 -0.0049979084721184  -0.0086614611575637   0.0000012330215696
   0.0014341700   -0.0227970200    0.0202664100
  -0.0036547600   -0.0077684500    0.0030921500
  -0.0188143600   -0.0108217300   -0.0137245500
   0.0014802600    0.0008367800    0.0029413800
   0.0014289000   -0.0227826700   -0.0142043400
  -0.0036445500   -0.0077589100    0.0029728400
  -0.0188223500   -0.0108222700    0.0198267400
   0.0014815400    0.0008436600    0.0031160900
  -0.0072578900   -0.0130988100   -0.0049953600
  -0.0039809100   -0.0112395700   -0.0090947700
  -0.0044755700   -0.0082889400   -0.0050295500
  -0.0072280200   -0.0087485200   -0.0004860000
  -0.0072694300   -0.0131173200   -0.0050598900
  -0.0040117300   -0.0112613900   -0.0009829500
  -0.0044843700   -0.0082963400   -0.0050257700
  -0.0072435200   -0.0088233300   -0.0095220500
   0.0866210200    0.1527547300    0.0018977500
  -0.0062955800    0.0018068700    0.0020140000
  -0.0061812100   -0.0088917200    0.0020035600
   0.0029309900   -0.0035083400    0.0019901800
   0.0025209300    0.0063227500    0.0019979500
  -0.0028477500    0.0131821300    0.0019990000
  -0.0028922600   -0.0029065100    0.0020074800
   0.0112064800    0.0051849500    0.0019996900

17   
  0.0000038268226635   0.0000007975457153   0.0099999992359674
  -0.0003340900   -0.0253284800    0.0195201100
  -0.0003441900   -0.0021039000    0.0023668200
   0.0197316900    0.0094984100    0.0194673100
  -0.0204408700    0.0095159100    0.0195091800
  -0.0003407900    0.0206481000    0.0192228900
  -0.0003400300   -0.0020940300    0.0023150000
  -0.0200198500   -0.0134652100    0.0192140500
   0.0193320100   -0.0134557300    0.0191918400
  -0.0057631300   -0.0017085700    0.0012410600
   0.0017705800   -0.0017331000    0.0012967700
  -0.0019681000   -0.0038942000   -0.0049084600
  -0.0019740400   -0.0083296000    0.0011984200
   0.0019874100   -0.0061964100    0.0009206500
  -0.0059192100   -0.0061816800    0.0009285900
  -0.0019710300   -0.0039009700   -0.0049065100
  -0.0019795900    0.0007411200    0.0008650600
   0.0023679800    0.0060105200   -0.1852487200
   0.0023174600    0.0059934800    0.0064610800
   0.0023114200    0.0059997800    0.0064629900
   0.0023188000    0.0059971800    0.0064648300
   0.0023188700    0.0059987900    0.0182771500
   0.0023090800    0.0059639400    0.0100452200
   0.0022845200    0.0060090600    0.0100462600
   0.0023451000    0.0060155900    0.0100484000

17   
 -0.0000038268226635  -0.0000007975457153  -0.0099999992359674
  -0.0003509000    0.0206669600   -0.0131666200
  -0.0003389700   -0.0020924500    0.0037677600
  -0.0200138700   -0.0134594400   -0.0131147400
   0.0193541900   -0.0134778200   -0.0131560900
  -0.0003449100   -0.0253091900   -0.0134579700
  -0.0003427100   -0.0021014600    0.0036684400
   0.0197383600    0.0095040500   -0.0134487500
  -0.0204188700    0.0094926000   -0.0134262900
   0.0020497500   -0.0062260800   -0.0108997200
  -0.0059484600   -0.0061999000   -0.0109537100
  -0.0019747500   -0.0039028900   -0.0051493300
  -0.0019729200    0.0007983400   -0.0108585600
  -0.0056985500   -0.0017398700   -0.0113802700
   0.0017399200   -0.0017520000   -0.0113886600
  -0.0019715900   -0.0038961500   -0.0051529900
  -0.0019676800   -0.0082700000   -0.0113227500
   0.0022613500    0.0059873900    0.1892508800
   0.0023132300    0.0060191500   -0.0024617600
   0.0023334200    0.0059851500   -0.0024634700
   0.0022948500    0.0059860900   -0.0024650800
   0.0023087800    0.0059953900   -0.0142786000
   0.0023216600    0.0059503000   -0.0060456100
   0.0022757800    0.0060251300   -0.0060469000
   0.0023528800    0.0060167000   -0.0060492300
