232  
8    

1    
  0.0070710678118655   0.0000000000000000   0.0070710678118655
  -0.0788881900   -0.0000000000   -0.1085214800
   0.0019566800   -0.0000682200    0.0000033600
   0.0018672700   -0.0000000000   -0.0000950600
   0.0019013800    0.0000313500   -0.0000722500
   0.0019013800   -0.0000313500   -0.0000722500
   0.0019392900   -0.0000000000   -0.0000317700
   0.0019566800    0.0000682200    0.0000033600
   0.0021421100   -0.0000000000   -0.0000341400
  -0.0008976400    0.0016580800    0.0010205000
   0.0000522900    0.0019141500   -0.0000849800
  -0.0000214600    0.0018354300   -0.0000117600
   0.0001561600    0.0017105600   -0.0002729400
   0.0000394500    0.0019075500    0.0000731200
   0.0000505100    0.0020269100    0.0000292100
   0.0000775400    0.0019552900    0.0001025200
  -0.0000353800    0.0018436400   -0.0000589900
  -0.0009646600   -0.0000000000   -0.0025565200
   0.0000398600    0.0000601400   -0.0019198800
   0.0005160600   -0.0000000000   -0.0015576400
  -0.0000103100    0.0000083900   -0.0018666300
  -0.0000103100   -0.0000083900   -0.0018666300
   0.0000696800   -0.0000000000   -0.0018688400
   0.0000398600   -0.0000601400   -0.0019198800
  -0.0000042000   -0.0000000000   -0.0018840200
  -0.0008188500   -0.0000000000    0.0007454900
   0.0000897700   -0.0001281300    0.0019474100
   0.0000084400   -0.0000000000    0.0019451800
   0.0000389600    0.0000317300    0.0019978500
   0.0000389600   -0.0000317300    0.0019978500
  -0.0002320400   -0.0000000000    0.0018716000
   0.0000897700    0.0001281300    0.0019474100
  -0.0000685800   -0.0000000000    0.0018063300
  -0.0008976400   -0.0016580800    0.0010205000
   0.0000775400   -0.0019552900    0.0001025200
  -0.0000214600   -0.0018354300   -0.0000117600
   0.0000394500   -0.0019075500    0.0000731200
   0.0001561600   -0.0017105600   -0.0002729400
   0.0000505100   -0.0020269100    0.0000292100
   0.0000522900   -0.0019141500   -0.0000849800
  -0.0000353800   -0.0018436400   -0.0000589900
  -0.0015178000   -0.0000000000    0.0004340000
  -0.0018347500   -0.0000721100    0.0001165700
  -0.0022655100   -0.0000000000    0.0000407400
  -0.0022233000    0.0000430200    0.0000458600
  -0.0022233000   -0.0000430200    0.0000458600
  -0.0021845600   -0.0000000000    0.0001274200
  -0.0018347500    0.0000721100    0.0001165700
  -0.0016383800   -0.0000000000   -0.0000999500
   0.0001972200   -0.0000675200   -0.0000458800
  -0.0021517500   -0.0000000000   -0.0019279800
  -0.0001379000   -0.0000661900    0.0002416600
  -0.0000122300   -0.0000000000    0.0008041900
  -0.0002638700   -0.0000000000    0.0006728200
  -0.0001379000    0.0000661900    0.0002416600
  -0.0001043400   -0.0000000000    0.0000143000
   0.0001972200    0.0000675200   -0.0000458800
   0.0003539500    0.0081964300    0.0082237100
  -0.0015561500    0.0076971400    0.0084268500
   0.0018357400    0.0056865300    0.0085279300
   0.0000711700    0.0077506600    0.0076200200
   0.0004175100    0.0081359500    0.0073786300
   0.0000415300    0.0076974300    0.0077096500
   0.0000087500    0.0077229500    0.0077913900
   0.0000045200    0.0078304800    0.0078336300
  -0.0025444200   -0.0087419400   -0.0080208900
   0.0001432900   -0.0080025700   -0.0079755100
   0.0011354500   -0.0086670800   -0.0058178200
   0.0000061700   -0.0077958200   -0.0077697700
  -0.0002805900   -0.0075111300   -0.0082686900
  -0.0000249400   -0.0077321400   -0.0078719200
   0.0000143900   -0.0077819600   -0.0077759300
  -0.0001385200   -0.0078701600   -0.0078002800
   0.0077957900   -0.0002324500    0.0077201400
   0.0014092200   -0.0000000000    0.0166867900
   0.0074722600    0.0001418400    0.0078620700
   0.0077765300   -0.0000000000    0.0079732000
   0.0070810800   -0.0000000000    0.0078250100
   0.0074722600   -0.0001418400    0.0078620700
   0.0079061000   -0.0000000000    0.0075898500
   0.0077957900    0.0002324500    0.0077201400
   0.0169945000    0.0080660100   -0.0014360200
   0.0079007400   -0.0077893900    0.0002670100
   0.0075556100   -0.0077620100   -0.0001323700
   0.0077623100   -0.0078948400   -0.0000659000
   0.0073440900   -0.0080233400    0.0002614900
   0.0076158000   -0.0079233800    0.0001975000
   0.0078510900   -0.0077744700    0.0000525300
   0.0078832300   -0.0078147200    0.0000199700
  -0.0075658600   -0.0000941100   -0.0081243700
  -0.0075498800   -0.0000000000   -0.0079403900
  -0.0079037700    0.0001698800   -0.0078411300
  -0.0077662800   -0.0000000000   -0.0080061600
  -0.0077379000   -0.0000000000   -0.0078501500
  -0.0079037700   -0.0001698800   -0.0078411300
  -0.0079833500   -0.0000000000   -0.0078580800
  -0.0075658600    0.0000941100   -0.0081243700
  -0.0070027300    0.0084644000    0.0013032500
  -0.0076864700    0.0082441300    0.0001540000
  -0.0078271800    0.0078268500    0.0000095800
  -0.0076811900    0.0082521200   -0.0001175900
  -0.0077991100    0.0077742400    0.0000002500
  -0.0077741900    0.0078304300   -0.0000486800
  -0.0075776600    0.0078754400   -0.0001387800
  -0.0079496100    0.0077525100   -0.0000486300
   0.0223809200   -0.0274578500    0.0250682500
  -0.0017688900   -0.0016928700    0.0015536900
  -0.0011812900   -0.0017511300    0.0018896100
  -0.0011110000   -0.0019182000    0.0018916800
  -0.0015617600   -0.0016867800    0.0015249500
  -0.0014139400   -0.0015280900    0.0016500400
  -0.0016703600   -0.0014916800    0.0015988700
  -0.0015136600   -0.0013810300    0.0015254500
   0.0009427800   -0.0002688000    0.0005693600
  -0.0001105100    0.0006137700    0.0014663800
  -0.0000655800    0.0001477100   -0.0001321400
  -0.0000491800    0.0001012200   -0.0001570500
  -0.0000512400   -0.0000473600    0.0000653800
  -0.0001792100   -0.0000082800   -0.0000499100
   0.0000555100   -0.0000238900    0.0000238600
   0.0002080600   -0.0001613300   -0.0001133400
   0.0078510900    0.0077744700    0.0000525300
   0.0169945000   -0.0080660100   -0.0014360200
   0.0073440900    0.0080233400    0.0002614900
   0.0075556100    0.0077620100   -0.0001323700
   0.0076158000    0.0079233800    0.0001975000
   0.0077623100    0.0078948400   -0.0000659000
   0.0078832300    0.0078147200    0.0000199700
   0.0079007400    0.0077893900    0.0002670100
   0.0318925800   -0.0000000000    0.0318126500
   0.0079584800   -0.0000194200   -0.0078427200
   0.0076149800   -0.0000000000   -0.0082253000
   0.0076989500    0.0001828000   -0.0078230600
   0.0076989500   -0.0001828000   -0.0078230600
   0.0077501200   -0.0000000000   -0.0078206400
   0.0079584800    0.0000194200   -0.0078427200
   0.0078615000   -0.0000000000   -0.0080359600
  -0.0002805900    0.0075111300   -0.0082686900
   0.0011354500    0.0086670800   -0.0058178200
   0.0000143900    0.0077819600   -0.0077759300
  -0.0025444200    0.0087419400   -0.0080208900
  -0.0001385200    0.0078701600   -0.0078002800
   0.0001432900    0.0080025700   -0.0079755100
  -0.0000249400    0.0077321400   -0.0078719200
   0.0000061700    0.0077958200   -0.0077697700
   0.0223809200    0.0274578500    0.0250682500
  -0.0016703600    0.0014916800    0.0015988700
  -0.0011812900    0.0017511300    0.0018896100
  -0.0015617600    0.0016867800    0.0015249500
  -0.0011110000    0.0019182000    0.0018916800
  -0.0014139400    0.0015280900    0.0016500400
  -0.0017688900    0.0016928700    0.0015536900
  -0.0015136600    0.0013810300    0.0015254500
  -0.0035887800    0.0010161500   -0.0012920400
  -0.0019236700   -0.0016459000   -0.0015362600
  -0.0017813200   -0.0016096400   -0.0016112100
  -0.0011886500   -0.0017163500   -0.0017577000
  -0.0016341000   -0.0015754700   -0.0016133800
  -0.0011207900   -0.0019026300   -0.0017392900
  -0.0014454200   -0.0014403600   -0.0015768500
  -0.0015142400   -0.0016393400   -0.0014920400
   0.0028314100   -0.0012306700    0.0016636200
   0.0015463300   -0.0015806800    0.0015627100
   0.0014690900   -0.0009872100    0.0034021300
   0.0015988000   -0.0029194900    0.0008948100
   0.0015559600   -0.0013954000    0.0015036600
   0.0013638100   -0.0016844600    0.0015600500
   0.0013895100   -0.0017345400    0.0014589400
   0.0015562900   -0.0017671300    0.0016368200
   0.0017111200   -0.0021780700   -0.0017474000
   0.0014883100   -0.0011459300   -0.0014220800
   0.0015224200   -0.0013416600   -0.0011894800
   0.0015113200   -0.0021457900   -0.0015972900
   0.0013295300   -0.0013544400   -0.0015211200
   0.0016302600   -0.0015174000   -0.0016480100
   0.0015012900   -0.0015221800   -0.0015424700
   0.0017679100   -0.0015601800   -0.0016883200
  -0.0035887800   -0.0010161500   -0.0012920400
  -0.0014454200    0.0014403600   -0.0015768500
  -0.0017813200    0.0016096400   -0.0016112100
  -0.0016341000    0.0015754700   -0.0016133800
  -0.0011886500    0.0017163500   -0.0017577000
  -0.0011207900    0.0019026300   -0.0017392900
  -0.0019236700    0.0016459000   -0.0015362600
  -0.0015142400    0.0016393400   -0.0014920400
   0.0028314100    0.0012306700    0.0016636200
   0.0013895100    0.0017345400    0.0014589400
   0.0014690900    0.0009872100    0.0034021300
   0.0015559600    0.0013954000    0.0015036600
   0.0015988000    0.0029194900    0.0008948100
   0.0013638100    0.0016844600    0.0015600500
   0.0015463300    0.0015806800    0.0015627100
   0.0015562900    0.0017671300    0.0016368200
  -0.0075776600   -0.0078754400   -0.0001387800
  -0.0070027300   -0.0084644000    0.0013032500
  -0.0077991100   -0.0077742400    0.0000002500
  -0.0078271800   -0.0078268500    0.0000095800
  -0.0077741900   -0.0078304300   -0.0000486800
  -0.0076811900   -0.0082521200   -0.0001175900
  -0.0079496100   -0.0077525100   -0.0000486300
  -0.0076864700   -0.0082441300    0.0001540000
  -0.0064512100   -0.0000000000    0.0089745100
  -0.0076981400    0.0001955400    0.0079910000
  -0.0078667900   -0.0000000000    0.0076953700
  -0.0077007800   -0.0002272600    0.0078162800
  -0.0077007800    0.0002272600    0.0078162800
  -0.0076048800   -0.0000000000    0.0084999800
  -0.0076981400   -0.0001955400    0.0079910000
  -0.0079200600   -0.0000000000    0.0076457200
   0.0004175100   -0.0081359500    0.0073786300
   0.0018357400   -0.0056865300    0.0085279300
   0.0000087500   -0.0077229500    0.0077913900
   0.0003539500   -0.0081964300    0.0082237100
   0.0000045200   -0.0078304800    0.0078336300
  -0.0015561500   -0.0076971400    0.0084268500
   0.0000415300   -0.0076974300    0.0077096500
   0.0000711700   -0.0077506600    0.0076200200
  -0.0000655800   -0.0001477100   -0.0001321400
  -0.0000512400    0.0000473600    0.0000653800
   0.0009427800    0.0002688000    0.0005693600
   0.0000555100    0.0000238900    0.0000238600
  -0.0001105100   -0.0006137700    0.0014663800
   0.0002080600    0.0001613300   -0.0001133400
  -0.0000491800   -0.0001012200   -0.0001570500
  -0.0001792100    0.0000082800   -0.0000499100
   0.0017111200    0.0021780700   -0.0017474000
   0.0015012900    0.0015221800   -0.0015424700
   0.0015224200    0.0013416600   -0.0011894800
   0.0013295300    0.0013544400   -0.0015211200
   0.0015113200    0.0021457900   -0.0015972900
   0.0016302600    0.0015174000   -0.0016480100
   0.0014883100    0.0011459300   -0.0014220800
   0.0017679100    0.0015601800   -0.0016883200

1    
 -0.0070710678118655   0.0000000000000000  -0.0070710678118655
   0.0823898900    0.0000000000    0.1083525700
   0.0019690900    0.0000651800   -0.0000047900
   0.0020581300    0.0000000000    0.0000977300
   0.0020238800   -0.0000353300    0.0000724300
   0.0020238800    0.0000353300    0.0000724300
   0.0019931100    0.0000000000    0.0000263300
   0.0019690900   -0.0000651800   -0.0000047900
   0.0017757300    0.0000000000    0.0000292700
   0.0009124400    0.0022524700   -0.0010224100
  -0.0000534500    0.0020145600    0.0000880100
   0.0000193300    0.0020861900    0.0000117300
  -0.0001550800    0.0022085500    0.0002689600
  -0.0000382400    0.0020184000   -0.0000740300
  -0.0000473400    0.0018978200   -0.0000275700
  -0.0000787000    0.0019754300   -0.0001035200
   0.0000391400    0.0020829300    0.0000601500
   0.0009750300    0.0000000000   -0.0013429900
  -0.0000417700   -0.0000591100   -0.0020097000
  -0.0005744200    0.0000000000   -0.0023669300
   0.0000115100   -0.0000063200   -0.0020572800
   0.0000115100    0.0000063200   -0.0020572800
  -0.0000667900    0.0000000000   -0.0020541400
  -0.0000417700    0.0000591100   -0.0020097000
   0.0000092300    0.0000000000   -0.0020489100
   0.0008624600    0.0000000000    0.0031487400
  -0.0000900900    0.0001301700    0.0019780800
  -0.0000102000    0.0000000000    0.0019783800
  -0.0000377400   -0.0000336900    0.0019315300
  -0.0000377400    0.0000336900    0.0019315300
   0.0002349300    0.0000000000    0.0020555100
  -0.0000900900   -0.0001301700    0.0019780800
   0.0000680600    0.0000000000    0.0021189200
   0.0009124400   -0.0022524700   -0.0010224100
  -0.0000787000   -0.0019754300   -0.0001035200
   0.0000193300   -0.0020861900    0.0000117300
  -0.0000382400   -0.0020184000   -0.0000740300
  -0.0001550800   -0.0022085500    0.0002689600
  -0.0000473400   -0.0018978200   -0.0000275700
  -0.0000534500   -0.0020145600    0.0000880100
   0.0000391400   -0.0020829300    0.0000601500
  -0.0024123200    0.0000000000   -0.0004350200
  -0.0020882600    0.0000727500   -0.0001158500
  -0.0016564200    0.0000000000   -0.0000437400
  -0.0017000500   -0.0000421400   -0.0000466500
  -0.0017000500    0.0000421400   -0.0000466500
  -0.0017433700    0.0000000000   -0.0001253000
  -0.0020882600   -0.0000727500   -0.0001158500
  -0.0022864400    0.0000000000    0.0000986800
  -0.0002022300    0.0000645900    0.0000439600
   0.0022592100    0.0000000000    0.0020184200
   0.0001276500    0.0000739100   -0.0002359100
  -0.0000017700    0.0000000000   -0.0008269600
   0.0002567000    0.0000000000   -0.0006803500
   0.0001276500   -0.0000739100   -0.0002359100
   0.0001064500    0.0000000000   -0.0000180600
  -0.0002022300   -0.0000645900    0.0000439600
  -0.0003640900    0.0074137200    0.0073873000
   0.0015379200    0.0079328700    0.0071752400
  -0.0018309500    0.0099320800    0.0070781000
  -0.0000733100    0.0078641700    0.0079950100
  -0.0004416600    0.0074651100    0.0082617800
  -0.0000433500    0.0079206700    0.0079031900
  -0.0000094900    0.0078850700    0.0078226700
  -0.0000035600    0.0077813400    0.0077778300
   0.0025451000   -0.0068507300   -0.0076176600
  -0.0001405200   -0.0076130300   -0.0076376100
  -0.0011078800   -0.0069509300   -0.0097673200
   0.0000026200   -0.0078209000   -0.0078434300
   0.0002836700   -0.0080954700   -0.0073310100
   0.0000313300   -0.0078846600   -0.0077459500
  -0.0000103700   -0.0078307500   -0.0078290900
   0.0001454100   -0.0077408200   -0.0078084400
   0.0078120100    0.0002327700    0.0078926300
   0.0140415900    0.0000000000   -0.0010136400
   0.0081407800   -0.0001408200    0.0077484200
   0.0078509400    0.0000000000    0.0076469200
   0.0085280700    0.0000000000    0.0077931900
   0.0081407800    0.0001408200    0.0077484200
   0.0077084300    0.0000000000    0.0080240600
   0.0078120100   -0.0002327700    0.0078926300
  -0.0013937100   -0.0238912700    0.0015657100
   0.0077030000   -0.0078267200   -0.0002668800
   0.0080610800   -0.0078460000    0.0001252000
   0.0078540200   -0.0077141700    0.0000622400
   0.0082571600   -0.0075892300   -0.0002687100
   0.0079942200   -0.0076891000   -0.0001994400
   0.0077530900   -0.0078391400   -0.0000567600
   0.0077305100   -0.0077980100   -0.0000236300
  -0.0080444600    0.0001050600   -0.0074769800
  -0.0080194400    0.0000000000   -0.0076651400
  -0.0077111600   -0.0001712200   -0.0077719900
  -0.0078637700    0.0000000000   -0.0076326800
  -0.0078758400    0.0000000000   -0.0077512700
  -0.0077111600    0.0001712200   -0.0077719900
  -0.0076388300    0.0000000000   -0.0077507400
  -0.0080444600   -0.0001050600   -0.0074769800
  -0.0085855100    0.0071544500   -0.0012932600
  -0.0079282000    0.0073724400   -0.0001513800
  -0.0077819300    0.0077814200   -0.0000003500
  -0.0079274000    0.0073695600    0.0001170300
  -0.0078085000    0.0078295500    0.0000037600
  -0.0078349500    0.0077832200    0.0000505100
  -0.0080340500    0.0077215900    0.0001488000
  -0.0076659800    0.0078554000    0.0000489500
  -0.0245434600    0.0231497900   -0.0209229900
  -0.0013341100   -0.0014083200    0.0015488500
  -0.0019184700   -0.0013523200    0.0012006000
  -0.0019883700   -0.0011860800    0.0012029500
  -0.0015395100   -0.0014077900    0.0015721700
  -0.0016837200   -0.0015698900    0.0014429800
  -0.0014199200   -0.0016023500    0.0014886200
  -0.0015854600   -0.0017129000    0.0015671300
  -0.0009638700    0.0002840700   -0.0005849700
   0.0000300800   -0.0005658400   -0.0014238800
   0.0000647800   -0.0001460900    0.0001289500
   0.0000507100   -0.0001046200    0.0001568900
   0.0000549300    0.0000483100   -0.0000626500
   0.0001848800    0.0000040900    0.0000486000
  -0.0000584800    0.0000225300   -0.0000203900
  -0.0002068700    0.0001566700    0.0001145500
   0.0077530900    0.0078391400   -0.0000567600
  -0.0013937100    0.0238912700    0.0015657100
   0.0082571600    0.0075892300   -0.0002687100
   0.0080610800    0.0078460000    0.0001252000
   0.0079942200    0.0076891000   -0.0001994400
   0.0078540200    0.0077141700    0.0000622400
   0.0077305100    0.0077980100   -0.0000236300
   0.0077030000    0.0078267200   -0.0002668800
  -0.0175322100    0.0000000000   -0.0498285800
   0.0076461200    0.0000208500   -0.0077712100
   0.0079964400    0.0000000000   -0.0073927400
   0.0079113700   -0.0001877000   -0.0077839300
   0.0079113700    0.0001877000   -0.0077839300
   0.0078590600    0.0000000000   -0.0077882100
   0.0076461200   -0.0000208500   -0.0077712100
   0.0077509100    0.0000000000   -0.0075711400
   0.0002836700    0.0080954700   -0.0073310100
  -0.0011078800    0.0069509300   -0.0097673200
  -0.0000103700    0.0078307500   -0.0078290900
   0.0025451000    0.0068507300   -0.0076176600
   0.0001454100    0.0077408200   -0.0078084400
  -0.0001405200    0.0076130300   -0.0076376100
   0.0000313300    0.0078846600   -0.0077459500
   0.0000026200    0.0078209000   -0.0078434300
  -0.0245434600   -0.0231497900   -0.0209229900
  -0.0014199200    0.0016023500    0.0014886200
  -0.0019184700    0.0013523200    0.0012006000
  -0.0015395100    0.0014077900    0.0015721700
  -0.0019883700    0.0011860800    0.0012029500
  -0.0016837200    0.0015698900    0.0014429800
  -0.0013341100    0.0014083200    0.0015488500
  -0.0015854600    0.0017129000    0.0015671300
   0.0004999400   -0.0040305300   -0.0017281000
  -0.0011755900   -0.0014560700   -0.0015673500
  -0.0013110200   -0.0014859200   -0.0014845500
  -0.0019124300   -0.0013738700   -0.0013346500
  -0.0014581200   -0.0015183900   -0.0014858800
  -0.0019854300   -0.0011910300   -0.0013536100
  -0.0016535600   -0.0016607200   -0.0015173600
  -0.0015903900   -0.0014562200   -0.0016004100
   0.0003022100   -0.0018636800    0.0014336000
   0.0015511900   -0.0015159200    0.0015368300
   0.0016159900   -0.0021446500   -0.0003541900
   0.0015072200   -0.0001672500    0.0022104800
   0.0015504300   -0.0016936400    0.0015964700
   0.0017399900   -0.0014200100    0.0015400900
   0.0017018000   -0.0013673200    0.0016373400
   0.0015363200   -0.0013301200    0.0014638600
   0.0013500400   -0.0009270600   -0.0013613200
   0.0016191700   -0.0019521100   -0.0016820700
   0.0015773700   -0.0017559900   -0.0019040500
   0.0015885100   -0.0009583200   -0.0015054100
   0.0017677000   -0.0017491400   -0.0015809900
   0.0014698000   -0.0015845500   -0.0014631000
   0.0015966800   -0.0015764400   -0.0015568400
   0.0013321900   -0.0015421100   -0.0014075300
   0.0004999400    0.0040305300   -0.0017281000
  -0.0016535600    0.0016607200   -0.0015173600
  -0.0013110200    0.0014859200   -0.0014845500
  -0.0014581200    0.0015183900   -0.0014858800
  -0.0019124300    0.0013738700   -0.0013346500
  -0.0019854300    0.0011910300   -0.0013536100
  -0.0011755900    0.0014560700   -0.0015673500
  -0.0015903900    0.0014562200   -0.0016004100
   0.0003022100    0.0018636800    0.0014336000
   0.0017018000    0.0013673200    0.0016373400
   0.0016159900    0.0021446500   -0.0003541900
   0.0015504300    0.0016936400    0.0015964700
   0.0015072200    0.0001672500    0.0022104800
   0.0017399900    0.0014200100    0.0015400900
   0.0015511900    0.0015159200    0.0015368300
   0.0015363200    0.0013301200    0.0014638600
  -0.0080340500   -0.0077215900    0.0001488000
  -0.0085855100   -0.0071544500   -0.0012932600
  -0.0078085000   -0.0078295500    0.0000037600
  -0.0077819300   -0.0077814200   -0.0000003500
  -0.0078349500   -0.0077832200    0.0000505100
  -0.0079274000   -0.0073695600    0.0001170300
  -0.0076659800   -0.0078554000    0.0000489500
  -0.0079282000   -0.0073724400   -0.0001513800
  -0.0091506700    0.0000000000    0.0066322800
  -0.0079155800   -0.0001995500    0.0076131500
  -0.0077453400    0.0000000000    0.0079100300
  -0.0079097700    0.0002232400    0.0077899800
  -0.0079097700   -0.0002232400    0.0077899800
  -0.0080010500    0.0000000000    0.0071099600
  -0.0079155800    0.0001995500    0.0076131500
  -0.0076980200    0.0000000000    0.0079590500
  -0.0004416600   -0.0074651100    0.0082617800
  -0.0018309500   -0.0099320800    0.0070781000
  -0.0000094900   -0.0078850700    0.0078226700
  -0.0003640900   -0.0074137200    0.0073873000
  -0.0000035600   -0.0077813400    0.0077778300
   0.0015379200   -0.0079328700    0.0071752400
  -0.0000433500   -0.0079206700    0.0079031900
  -0.0000733100   -0.0078641700    0.0079950100
   0.0000647800    0.0001460900    0.0001289500
   0.0000549300   -0.0000483100   -0.0000626500
  -0.0009638700   -0.0002840700   -0.0005849700
  -0.0000584800   -0.0000225300   -0.0000203900
   0.0000300800    0.0005658400   -0.0014238800
  -0.0002068700   -0.0001566700    0.0001145500
   0.0000507100    0.0001046200    0.0001568900
   0.0001848800   -0.0000040900    0.0000486000
   0.0013500400    0.0009270600   -0.0013613200
   0.0015966800    0.0015764400   -0.0015568400
   0.0015773700    0.0017559900   -0.0019040500
   0.0017677000    0.0017491400   -0.0015809900
   0.0015885100    0.0009583200   -0.0015054100
   0.0014698000    0.0015845500   -0.0014631000
   0.0016191700    0.0019521100   -0.0016820700
   0.0013321900    0.0015421100   -0.0014075300

49   
  0.0000000000000000   0.0070710678118655   0.0070710678118655
   0.0019692900   -0.0001125000   -0.0001125000
   0.0019928600   -0.0019735500   -0.0019735500
   0.0018968100    0.0007400000    0.0002316900
   0.0020359800    0.0002489400    0.0007535600
   0.0018968100    0.0002316900    0.0007400000
   0.0020359800    0.0007535600    0.0002489400
   0.0019634800    0.0000156800    0.0000156800
   0.0019625800    0.0000199800    0.0000199800
  -0.0000626600    0.0021593600   -0.0000451200
  -0.0001413500    0.0018333100    0.0002402800
   0.0000000000   -0.0002685100   -0.0020368600
   0.0000000000    0.0019042500    0.0008723200
   0.0000000000    0.0017528700    0.0006179800
   0.0000000000    0.0018570100    0.0000182900
   0.0001413500    0.0018333100    0.0002402800
   0.0000626600    0.0021593600   -0.0000451200
   0.0000692500   -0.0000473100   -0.0017597500
   0.0001134900    0.0002402300   -0.0020992500
   0.0000000000    0.0008768500   -0.0020298700
   0.0000000000   -0.0019088500   -0.0041429100
   0.0000000000    0.0000138000   -0.0020688100
   0.0000000000    0.0006197300   -0.0021574200
  -0.0001134900    0.0002402300   -0.0020992500
  -0.0000692500   -0.0000473100   -0.0017597500
  -0.0000626600   -0.0000451200    0.0021593600
  -0.0001413500    0.0002402800    0.0018333100
   0.0000000000    0.0006179800    0.0017528700
   0.0000000000    0.0000182900    0.0018570100
   0.0000000000   -0.0020368600   -0.0002685100
   0.0000000000    0.0008723200    0.0019042500
   0.0001413500    0.0002402800    0.0018333100
   0.0000626600   -0.0000451200    0.0021593600
   0.0000692500   -0.0017597500   -0.0000473100
   0.0001134900   -0.0020992500    0.0002402300
   0.0000000000   -0.0020688100    0.0000138000
   0.0000000000   -0.0021574200    0.0006197300
   0.0000000000   -0.0020298700    0.0008768500
   0.0000000000   -0.0041429100   -0.0019088500
  -0.0001134900   -0.0020992500    0.0002402300
  -0.0000692500   -0.0017597500   -0.0000473100
  -0.0019625800    0.0000199800    0.0000199800
  -0.0019634800    0.0000156800    0.0000156800
  -0.0018968100    0.0007400000    0.0002316900
  -0.0020359800    0.0002489400    0.0007535600
  -0.0018968100    0.0002316900    0.0007400000
  -0.0020359800    0.0007535600    0.0002489400
  -0.0019928600   -0.0019735500   -0.0019735500
  -0.0019692900   -0.0001125000   -0.0001125000
   0.0000000000   -0.0525258400   -0.0525258400
   0.0000000000    0.0027533300    0.0027533300
   0.0008765800   -0.0013311700    0.0018754600
  -0.0008765800    0.0018754600   -0.0013311700
   0.0008765800    0.0018754600   -0.0013311700
  -0.0008765800   -0.0013311700    0.0018754600
   0.0000000000    0.0009975800    0.0009975800
   0.0000000000    0.0019378800    0.0019378800
   0.0000000000    0.0307222300    0.0307222300
   0.0000000000    0.0064503200    0.0064503200
  -0.0000709000    0.0077202600    0.0078278500
   0.0000709000    0.0078278500    0.0077202600
  -0.0000709000    0.0078278500    0.0077202600
   0.0000709000    0.0077202600    0.0078278500
   0.0000000000    0.0077822100    0.0077822100
   0.0000000000    0.0076095700    0.0076095700
   0.0000000000   -0.0091291400   -0.0091291400
   0.0000000000    0.0148772500    0.0148772500
   0.0000846400   -0.0077932400   -0.0079173500
  -0.0000846400   -0.0079173500   -0.0077932400
   0.0000846400   -0.0079173500   -0.0077932400
  -0.0000846400   -0.0077932400   -0.0079173500
   0.0000000000   -0.0079841700   -0.0079841700
   0.0000000000   -0.0078232500   -0.0078232500
   0.0215313200   -0.0020492800    0.0171549500
   0.0076206800    0.0000236300    0.0076100500
   0.0070337800   -0.0000940700    0.0072640400
   0.0080139200    0.0000733600    0.0078996400
   0.0077444700   -0.0000176200    0.0079380800
   0.0075624300   -0.0004047300    0.0080202400
   0.0076054500    0.0000599500    0.0078804800
   0.0079979600    0.0003389900    0.0074104400
   0.0080056600   -0.0079913500    0.0000069300
  -0.0055275700    0.0013908500   -0.0021155700
   0.0085945600   -0.0083827200   -0.0001069900
   0.0075959400   -0.0077135600    0.0001139800
   0.0078697800   -0.0076964400   -0.0000108200
   0.0080327300   -0.0075907700   -0.0003918200
   0.0076148300   -0.0081700300    0.0003397100
   0.0080450500   -0.0077187300    0.0000663900
  -0.0085945600   -0.0001069900   -0.0083827200
  -0.0075959400    0.0001139800   -0.0077135600
   0.0055275700   -0.0021155700    0.0013908500
  -0.0080056600    0.0000069300   -0.0079913500
  -0.0080450500    0.0000663900   -0.0077187300
  -0.0076148300    0.0003397100   -0.0081700300
  -0.0078697800   -0.0000108200   -0.0076964400
  -0.0080327300   -0.0003918200   -0.0075907700
  -0.0080139200    0.0078996400    0.0000733600
  -0.0070337800    0.0072640400   -0.0000940700
  -0.0215313200    0.0171549500   -0.0020492800
  -0.0076206800    0.0076100500    0.0000236300
  -0.0076054500    0.0078804800    0.0000599500
  -0.0079979600    0.0074104400    0.0003389900
  -0.0075624300    0.0080202400   -0.0004047300
  -0.0077444700    0.0079380800   -0.0000176200
  -0.0015563800   -0.0015122000    0.0015970200
  -0.0015343800   -0.0013205000    0.0017804900
  -0.0016787600   -0.0017002100    0.0018879700
  -0.0014613600   -0.0012113400    0.0013805400
  -0.0016372300   -0.0014686200    0.0011138500
  -0.0014781000   -0.0019679400    0.0016241100
  -0.0015643400   -0.0013845200    0.0016995200
  -0.0015469700   -0.0014493300    0.0016460800
  -0.0020003400   -0.0016005700   -0.0016005700
   0.0019848800   -0.0015990000   -0.0015990000
   0.0000006900    0.0003916400    0.0003950200
   0.0000022000   -0.0001593200   -0.0001584600
   0.0000006900    0.0003950200    0.0003916400
   0.0000022000   -0.0001584600   -0.0001593200
  -0.0002789100    0.0001186500    0.0001186500
   0.0002839800    0.0001262300    0.0001262300
   0.0215313200    0.0171549500   -0.0020492800
   0.0076206800    0.0076100500    0.0000236300
   0.0077444700    0.0079380800   -0.0000176200
   0.0075624300    0.0080202400   -0.0004047300
   0.0070337800    0.0072640400   -0.0000940700
   0.0080139200    0.0078996400    0.0000733600
   0.0076054500    0.0078804800    0.0000599500
   0.0079979600    0.0074104400    0.0003389900
   0.0080056600    0.0000069300   -0.0079913500
  -0.0055275700   -0.0021155700    0.0013908500
   0.0078697800   -0.0000108200   -0.0076964400
   0.0080327300   -0.0003918200   -0.0075907700
   0.0085945600   -0.0001069900   -0.0083827200
   0.0075959400    0.0001139800   -0.0077135600
   0.0076148300    0.0003397100   -0.0081700300
   0.0080450500    0.0000663900   -0.0077187300
   0.0000278500    0.0081209600   -0.0079475200
  -0.0000320100    0.0076908400   -0.0074955700
   0.0000000000    0.0035374900   -0.0120476500
   0.0000000000    0.0082376300   -0.0073356500
   0.0000000000    0.0080170200   -0.0075716000
   0.0000000000    0.0072195500   -0.0083616300
   0.0000320100    0.0076908400   -0.0074955700
  -0.0000278500    0.0081209600   -0.0079475200
  -0.0013548200    0.0014630300    0.0014630300
  -0.0017037600    0.0010102300    0.0010102300
  -0.0013739400    0.0014280500    0.0015286900
  -0.0006737200    0.0009109800    0.0015600700
  -0.0013739400    0.0015286900    0.0014280500
  -0.0006737200    0.0015600700    0.0009109800
  -0.0018397400    0.0014452200    0.0014452200
  -0.0014057200    0.0014570200    0.0014570200
  -0.0017321000   -0.0016423400   -0.0016423400
  -0.0013422000   -0.0020847700   -0.0020847700
  -0.0024259200   -0.0015145600   -0.0022045700
  -0.0017333400   -0.0015758200   -0.0016676400
  -0.0024259200   -0.0022045700   -0.0015145600
  -0.0017333400   -0.0016676400   -0.0015758200
  -0.0012281300   -0.0016500200   -0.0016500200
  -0.0017014300   -0.0016674400   -0.0016674400
   0.0015469700   -0.0014493300    0.0016460800
   0.0015643400   -0.0013845200    0.0016995200
   0.0016787600   -0.0017002100    0.0018879700
   0.0014613600   -0.0012113400    0.0013805400
   0.0016372300   -0.0014686200    0.0011138500
   0.0014781000   -0.0019679400    0.0016241100
   0.0015343800   -0.0013205000    0.0017804900
   0.0015563800   -0.0015122000    0.0015970200
   0.0017014300   -0.0016674400   -0.0016674400
   0.0012281300   -0.0016500200   -0.0016500200
   0.0024259200   -0.0015145600   -0.0022045700
   0.0017333400   -0.0015758200   -0.0016676400
   0.0024259200   -0.0022045700   -0.0015145600
   0.0017333400   -0.0016676400   -0.0015758200
   0.0013422000   -0.0020847700   -0.0020847700
   0.0017321000   -0.0016423400   -0.0016423400
  -0.0015563800    0.0015970200   -0.0015122000
  -0.0015343800    0.0017804900   -0.0013205000
  -0.0016372300    0.0011138500   -0.0014686200
  -0.0014781000    0.0016241100   -0.0019679400
  -0.0016787600    0.0018879700   -0.0017002100
  -0.0014613600    0.0013805400   -0.0012113400
  -0.0015643400    0.0016995200   -0.0013845200
  -0.0015469700    0.0016460800   -0.0014493300
   0.0014057200    0.0014570200    0.0014570200
   0.0018397400    0.0014452200    0.0014452200
   0.0013739400    0.0014280500    0.0015286900
   0.0006737200    0.0009109800    0.0015600700
   0.0013739400    0.0015286900    0.0014280500
   0.0006737200    0.0015600700    0.0009109800
   0.0017037600    0.0010102300    0.0010102300
   0.0013548200    0.0014630300    0.0014630300
  -0.0085945600   -0.0083827200   -0.0001069900
  -0.0075959400   -0.0077135600    0.0001139800
  -0.0080450500   -0.0077187300    0.0000663900
  -0.0076148300   -0.0081700300    0.0003397100
   0.0055275700    0.0013908500   -0.0021155700
  -0.0080056600   -0.0079913500    0.0000069300
  -0.0078697800   -0.0076964400   -0.0000108200
  -0.0080327300   -0.0075907700   -0.0003918200
  -0.0080139200    0.0000733600    0.0078996400
  -0.0070337800   -0.0000940700    0.0072640400
  -0.0076054500    0.0000599500    0.0078804800
  -0.0079979600    0.0003389900    0.0074104400
  -0.0215313200   -0.0020492800    0.0171549500
  -0.0076206800    0.0000236300    0.0076100500
  -0.0075624300   -0.0004047300    0.0080202400
  -0.0077444700   -0.0000176200    0.0079380800
   0.0000278500   -0.0079475200    0.0081209600
  -0.0000320100   -0.0074955700    0.0076908400
   0.0000000000   -0.0075716000    0.0080170200
   0.0000000000   -0.0083616300    0.0072195500
   0.0000000000   -0.0120476500    0.0035374900
   0.0000000000   -0.0073356500    0.0082376300
   0.0000320100   -0.0074955700    0.0076908400
  -0.0000278500   -0.0079475200    0.0081209600
   0.0002789100    0.0001186500    0.0001186500
  -0.0002839800    0.0001262300    0.0001262300
  -0.0000022000   -0.0001593200   -0.0001584600
  -0.0000006900    0.0003916400    0.0003950200
  -0.0000022000   -0.0001584600   -0.0001593200
  -0.0000006900    0.0003950200    0.0003916400
   0.0020003400   -0.0016005700   -0.0016005700
  -0.0019848800   -0.0015990000   -0.0015990000
   0.0015469700    0.0016460800   -0.0014493300
   0.0015643400    0.0016995200   -0.0013845200
   0.0016372300    0.0011138500   -0.0014686200
   0.0014781000    0.0016241100   -0.0019679400
   0.0016787600    0.0018879700   -0.0017002100
   0.0014613600    0.0013805400   -0.0012113400
   0.0015343800    0.0017804900   -0.0013205000
   0.0015563800    0.0015970200   -0.0015122000

57   
  0.0070710678118655   0.0000000000000000   0.0070710678118655
   0.0025138100    0.0002149400    0.0002353200
   0.0003331600   -0.0000408800    0.0007116000
   0.0033267400   -0.0006208200    0.0011824700
   0.0019247700   -0.0000308100   -0.0000751100
   0.0015292700    0.0001424200    0.0004181900
   0.0019153700    0.0000614700   -0.0000104800
   0.0018865800    0.0000004600    0.0000711000
   0.0019720500    0.0000171000    0.0000208200
   0.0001544800    0.0018317100   -0.0001882200
   0.0001159600    0.0021610600   -0.0000066000
  -0.0014074600   -0.0136135800    0.0243965100
  -0.0000679600    0.0020550200    0.0000748400
   0.0002658800    0.0021785600   -0.0001997800
   0.0000246800    0.0019726600   -0.0002257900
  -0.0000451900    0.0018358400    0.0000423600
   0.0001701000    0.0020479200    0.0000629200
  -0.0000517800   -0.0003006300   -0.0019313200
  -0.0000462000    0.0000145200   -0.0016346100
   0.0012860900   -0.0005800000   -0.0011703200
  -0.0001131700   -0.0000802900   -0.0018512800
  -0.0000031200    0.0000633500   -0.0019568600
  -0.0000464500   -0.0000363800   -0.0021059600
   0.0000604800    0.0001122000   -0.0019390700
   0.0000048200    0.0000941400   -0.0019835900
   0.0001359300   -0.0002098900    0.0019326200
   0.0000672100   -0.0001383000    0.0019001600
   0.0002633100   -0.0002686200    0.0015133200
   0.0000220100    0.0000245100    0.0020418900
  -0.0015604100   -0.0157302000    0.0112077600
  -0.0000625300    0.0000112000    0.0019188200
   0.0000103900   -0.0000870200    0.0015821000
   0.0001848500    0.0000424400    0.0021441400
  -0.0000247900   -0.0019604900   -0.0002050300
  -0.0001778800   -0.0020710900   -0.0001168900
   0.0000004600   -0.0019346700   -0.0000761800
  -0.0000452100   -0.0019145800   -0.0001121300
   0.0013169500   -0.0026180400    0.0005300100
  -0.0001161100   -0.0024037700    0.0002539700
   0.0001789800   -0.0023645900   -0.0000227400
  -0.0000199500   -0.0020198500    0.0001827100
  -0.0019605200    0.0000294600    0.0000293500
  -0.0020185700   -0.0001468900   -0.0000833100
  -0.0017811100    0.0000793700   -0.0009236900
  -0.0018781700   -0.0000723100   -0.0001738300
   0.0000403800   -0.0020042400    0.0011221700
  -0.0018736500   -0.0000392300   -0.0000470400
  -0.0044402700   -0.0010321900   -0.0002884800
  -0.0020032000   -0.0000129100    0.0000200100
  -0.0020671300    0.0133729700    0.0091972600
  -0.0001019300   -0.0008062200   -0.0005778200
  -0.0000886700    0.0000198800   -0.0000756500
   0.0000334800   -0.0001928500    0.0001568800
   0.0000551800   -0.0002341200    0.0000418800
   0.0001799200    0.0001279300   -0.0000294800
  -0.0003974400   -0.0002431800    0.0002071100
   0.0003391000    0.0001978100   -0.0003666900
  -0.0716557100    0.0339212400   -0.1017410200
   0.0002355600    0.0072237400    0.0077889900
  -0.0001844900    0.0078764000    0.0078535400
  -0.0001681200    0.0078934600    0.0074477400
  -0.0000032800    0.0076956500    0.0076142100
   0.0000112800    0.0077085900    0.0080625700
  -0.0005013100    0.0078655400    0.0076651200
   0.0000047200    0.0078115600    0.0077547200
   0.0019696500   -0.0022414500    0.0033845300
   0.0003855200   -0.0079006200   -0.0082242900
  -0.0001552300   -0.0074080300   -0.0080196400
  -0.0000751900   -0.0073062100   -0.0077698100
  -0.0002093200   -0.0073595700   -0.0079079000
  -0.0001185900   -0.0072617900   -0.0079727900
   0.0000269400   -0.0073468600   -0.0086649100
  -0.0002102500   -0.0083054600   -0.0077338900
   0.0186371700   -0.0102959400    0.0072380400
   0.0080003300   -0.0000504900    0.0074987300
   0.0081405100   -0.0001633200    0.0076112200
   0.0075600000    0.0003171000    0.0076400300
   0.0078271200   -0.0000081900    0.0080091600
   0.0081090000   -0.0002712300    0.0082371500
   0.0079887900   -0.0004035200    0.0083706800
   0.0075226700    0.0002254500    0.0080738200
   0.0080025500   -0.0079860900    0.0011603400
   0.0069398900   -0.0076546600   -0.0002847400
   0.0097338800   -0.0110134800   -0.0005932300
   0.0077944600   -0.0078660800   -0.0001055000
   0.0086830400   -0.0075414500   -0.0001431900
   0.0076945000   -0.0077342300    0.0001779500
   0.0075354600   -0.0078849000   -0.0002586000
   0.0075620500   -0.0074608500    0.0003181400
  -0.0069785200   -0.0001282900   -0.0060579100
  -0.0079884600   -0.0000183500   -0.0079444400
  -0.0077956900    0.0001153700   -0.0080510900
  -0.0104088600    0.0012442300   -0.0074339200
  -0.0078297400   -0.0002703000   -0.0079090400
  -0.0079365900    0.0002016100   -0.0078756400
  -0.0074003100    0.0002760300   -0.0079584500
  -0.0073442100   -0.0001959300   -0.0079908500
  -0.0074580100    0.0077791500   -0.0005230100
  -0.0077496300    0.0078934200    0.0001629900
   0.0129038600    0.0094465900    0.0190538100
  -0.0076486700    0.0082343200    0.0000689300
  -0.0076616000    0.0078185500    0.0005632700
  -0.0080528200    0.0075860500   -0.0003072800
  -0.0074687600    0.0080169000    0.0003577100
  -0.0075526000    0.0075985400    0.0002447300
  -0.0009066200   -0.0010921700    0.0014163600
  -0.0007132000   -0.0021514000    0.0017379700
   0.0022980000   -0.0123303300    0.0007935300
  -0.0015698100   -0.0012272600    0.0021669900
  -0.0019803500   -0.0011819400    0.0021894700
  -0.0016497400   -0.0015308200    0.0015465400
  -0.0018576100   -0.0016450500    0.0016034200
  -0.0018239100   -0.0014263000    0.0013896700
   0.0089181400    0.0022387400    0.0013164600
  -0.0001954100    0.0000687900    0.0001313100
   0.0007111800   -0.0008648200    0.0001862600
  -0.0000163500   -0.0001774900   -0.0002561600
   0.0003490600    0.0004287900   -0.0005689900
   0.0000324400    0.0000495200   -0.0000995700
   0.0001449700    0.0000677500    0.0001413800
  -0.0002443900   -0.0000717100    0.0000246000
   0.0071612500    0.0073709300    0.0009157600
   0.0079352800    0.0079500800    0.0000296400
   0.0078160800    0.0078005500    0.0000150700
   0.0079625900    0.0078485600   -0.0002687800
   0.0078503600    0.0078468400    0.0001136300
   0.0076472300    0.0072080200    0.0006671100
   0.0077580100    0.0078954600   -0.0000700900
   0.0079338200    0.0075607200    0.0001861900
   0.0086394200    0.0018370600   -0.0077418600
   0.0074196400   -0.0000220800   -0.0081458700
   0.0075111100   -0.0001259900   -0.0081032200
   0.0076814900    0.0001032100   -0.0077269800
   0.0086801100    0.0004540800   -0.0091089400
   0.0078262200   -0.0000648600   -0.0078566800
   0.0077568500   -0.0001248100   -0.0079573200
   0.0078980000    0.0000302500   -0.0078098900
   0.0006353400    0.0076184000   -0.0073933000
   0.0000333800    0.0077209700   -0.0077294100
   0.0006487300    0.0089229400   -0.0041635700
   0.0000565700    0.0076862300   -0.0077956100
   0.0000688500    0.0075741100   -0.0077988200
  -0.0001761500    0.0073228000   -0.0080070300
   0.0002423800    0.0077196500   -0.0079417400
   0.0001549000    0.0079973300   -0.0078904400
  -0.0017727300    0.0014026100    0.0014898400
  -0.0013523100    0.0006045200    0.0029887300
  -0.0012918800    0.0002285700    0.0021938100
  -0.0017666500    0.0017379000    0.0017549500
  -0.0015012800    0.0016998900    0.0017358300
  -0.0016704100    0.0018819200    0.0016079800
  -0.0017151900    0.0015617500    0.0016403900
  -0.0016763800    0.0016085000    0.0016626600
  -0.0022918700   -0.0009246000   -0.0010403000
  -0.0014935300   -0.0009862400   -0.0014045700
  -0.0009767100   -0.0010160700   -0.0033441600
  -0.0012906500   -0.0015926600   -0.0018301600
  -0.0015045300   -0.0016217200   -0.0009106100
  -0.0014252900   -0.0016632400   -0.0016258900
  -0.0019667600   -0.0015657400   -0.0018383200
  -0.0013882100   -0.0016956600   -0.0015391300
   0.0014723700   -0.0013604100    0.0018709300
   0.0013527100   -0.0016196300    0.0017857600
   0.0029413400    0.0007769300    0.0004486800
   0.0014462400   -0.0015415600    0.0013246500
   0.0016912200   -0.0016759600    0.0017360800
   0.0016619800   -0.0015846000    0.0018323100
   0.0017092700   -0.0007519100    0.0016842800
   0.0019111400   -0.0016728300    0.0015079900
   0.0018842100   -0.0016227600   -0.0014614200
   0.0016059000   -0.0015431400   -0.0017990700
   0.0012898900   -0.0020303400   -0.0009649200
   0.0013635700   -0.0014677400   -0.0017449800
   0.0018562500    0.0006741000   -0.0018197600
   0.0014864600   -0.0015938600   -0.0015007400
   0.0019754300   -0.0006823500   -0.0010944300
   0.0017887500   -0.0017825400   -0.0019007200
  -0.0014288800    0.0015975000   -0.0014225600
  -0.0018362700    0.0015892600   -0.0025981600
  -0.0012648600    0.0016481400   -0.0012728900
  -0.0015493200    0.0012950000   -0.0015049700
  -0.0065347000    0.0001249100    0.0035796100
  -0.0013565700    0.0021671700   -0.0014580000
  -0.0020327500    0.0012531800   -0.0016698600
  -0.0016149200    0.0013993700   -0.0016321000
   0.0013502800    0.0014728700    0.0015452200
   0.0017865000    0.0016460900    0.0017244400
   0.0018233200    0.0032322300    0.0015213700
   0.0016167000    0.0014375900    0.0016628400
   0.0020145900    0.0010269300    0.0047827600
   0.0015494300    0.0017603000    0.0013008900
   0.0019289400    0.0010896800    0.0034714600
   0.0015727300    0.0015454700    0.0016511400
  -0.0080505900   -0.0079803400   -0.0011784200
  -0.0079527500   -0.0079525900   -0.0000453200
  -0.0075012300   -0.0075655000    0.0000271200
  -0.0077135000   -0.0078093500    0.0000889300
  -0.0073372200   -0.0075449700   -0.0001187400
  -0.0098257900   -0.0076547500    0.0005726900
  -0.0085720300   -0.0073900400    0.0002617300
  -0.0073617100   -0.0079939700   -0.0001089200
  -0.0074169600   -0.0008952700    0.0081899300
  -0.0080508000   -0.0001309800    0.0076652100
  -0.0078936500    0.0002295500    0.0082738100
  -0.0076297800   -0.0002718200    0.0081066700
   0.0016537500    0.0079124800    0.0092644500
  -0.0077119700   -0.0000056600    0.0077793300
  -0.0076034600    0.0003532300    0.0084075300
  -0.0075699100    0.0002088600    0.0078056100
   0.0005745000   -0.0075647000    0.0078283500
   0.0001334100   -0.0076087100    0.0076678100
   0.0000469800   -0.0077053600    0.0078304100
  -0.0001895400   -0.0073284800    0.0083809000
   0.0006218800   -0.0088783700    0.0066010400
   0.0000413200   -0.0075665300    0.0078171700
   0.0001438500   -0.0078275500    0.0076802700
   0.0002149800   -0.0080563100    0.0081843200
  -0.0000143800   -0.0001466900   -0.0000713500
  -0.0002942900    0.0000571700    0.0001512600
   0.0001252800    0.0000656400   -0.0000406100
   0.0001606800    0.0002091400   -0.0001446700
   0.0000853300    0.0002730300    0.0001500200
   0.0005185700    0.0000777000    0.0004842100
   0.0032967600   -0.0012100600   -0.0020809400
  -0.0001582000    0.0000735100    0.0001347000
   0.0012558000    0.0018826400   -0.0015655400
   0.0015340800    0.0014259800   -0.0016574300
   0.0009659200    0.0011873400   -0.0017681600
   0.0015651900    0.0015763400   -0.0015591000
   0.0118257800   -0.0003016500    0.0169801100
   0.0012326400    0.0013146300   -0.0017591400
   0.0027929900    0.0015272000   -0.0012078500
   0.0024171000    0.0016911000   -0.0019987100

57   
 -0.0070710678118655   0.0000000000000000  -0.0070710678118655
   0.0014242500   -0.0002000900   -0.0002333200
   0.0035989900    0.0000265100   -0.0007093300
   0.0005808500    0.0005942800   -0.0011878800
   0.0020037600    0.0000282000    0.0000756400
   0.0023928900   -0.0001422100   -0.0004242600
   0.0020045400   -0.0000589100    0.0000104900
   0.0020372400   -0.0000052800   -0.0000700900
   0.0019530000   -0.0000225800   -0.0000234200
  -0.0001530800    0.0020907800    0.0001859700
  -0.0001120400    0.0017593300    0.0000018200
   0.0015976400    0.0183487400   -0.0252614800
   0.0000592100    0.0018754000   -0.0000736700
  -0.0002647600    0.0017453000    0.0002010400
  -0.0000176500    0.0019603900    0.0002242100
   0.0000417800    0.0020879700   -0.0000386600
  -0.0001639000    0.0018823200   -0.0000680000
   0.0000467000    0.0002949800   -0.0019929200
   0.0000496100   -0.0000182200   -0.0022788900
  -0.0013104000    0.0005336900   -0.0027520200
   0.0001220100    0.0000726300   -0.0020977900
   0.0000009100   -0.0000675500   -0.0019656400
   0.0000501600    0.0000240600   -0.0018202300
  -0.0000555000   -0.0001164500   -0.0019888000
  -0.0000051600   -0.0000981600   -0.0019357500
  -0.0001368700    0.0002066300    0.0019964700
  -0.0000680400    0.0001331700    0.0020125200
  -0.0002671400    0.0002626700    0.0024253600
  -0.0000218700   -0.0000186800    0.0018870700
   0.0014448100    0.0152922600   -0.0071773500
   0.0000665500   -0.0000078900    0.0020089000
   0.0000050800    0.0000975800    0.0023487300
  -0.0001840400   -0.0000450200    0.0017816000
   0.0000186500   -0.0019660700    0.0002105200
   0.0001697700   -0.0018574500    0.0001178100
   0.0000033700   -0.0019911600    0.0000799700
   0.0000502700   -0.0020180500    0.0001008500
  -0.0012788000   -0.0013104800   -0.0005058200
   0.0001207700   -0.0015205900   -0.0002528600
  -0.0001884100   -0.0015547600    0.0000136800
   0.0000260800   -0.0019151100   -0.0001914200
  -0.0019740200   -0.0000295500   -0.0000343200
  -0.0019031800    0.0001491700    0.0000804300
  -0.0021378600   -0.0000889800    0.0009352700
  -0.0020462400    0.0000668100    0.0001770700
  -0.0039257000    0.0019416700   -0.0011054800
  -0.0020509500    0.0000420300    0.0000544500
   0.0004794800    0.0010306400    0.0002841000
  -0.0019161400    0.0000079200   -0.0000154300
   0.0020961900   -0.0136885300   -0.0093492600
   0.0001000700    0.0007577300    0.0005402800
   0.0001035600   -0.0000184700    0.0000821700
  -0.0000175100    0.0001705200   -0.0001648900
  -0.0000513100    0.0002259400   -0.0000652300
  -0.0001695200   -0.0001257300    0.0000328700
   0.0003998600    0.0002298100   -0.0002240100
  -0.0003403600   -0.0001860700    0.0003908800
   0.0715189000   -0.0186263000    0.1178732400
  -0.0002391400    0.0083905900    0.0078173800
   0.0001866600    0.0077317700    0.0077532400
   0.0001630100    0.0077031500    0.0081541200
   0.0000031900    0.0079109200    0.0079991800
  -0.0000218800    0.0078823600    0.0075548000
   0.0004964700    0.0077384800    0.0079684600
  -0.0000210600    0.0078227100    0.0078485200
  -0.0019805600   -0.0130057300   -0.0186168500
  -0.0003991000   -0.0077076100   -0.0073567400
   0.0001757300   -0.0082020800   -0.0075879600
   0.0000658800   -0.0082906400   -0.0078375200
   0.0002181100   -0.0082500100   -0.0076874500
   0.0001187800   -0.0083418800   -0.0076336600
  -0.0000122300   -0.0082577100   -0.0069617100
   0.0002233000   -0.0073168800   -0.0078809500
  -0.0027897100    0.0100684500    0.0084787100
   0.0076012900    0.0000417500    0.0081146200
   0.0074584500    0.0001662000    0.0079906900
   0.0080284100   -0.0003261600    0.0079768400
   0.0077759400    0.0000092400    0.0075916300
   0.0075106600    0.0002719100    0.0073685800
   0.0076272900    0.0003994100    0.0072439900
   0.0080980400   -0.0002470500    0.0075296500
   0.0075475200   -0.0076239800   -0.0011565800
   0.0087095200   -0.0079676100    0.0002623800
   0.0057686800   -0.0044996600    0.0005942100
   0.0077960600   -0.0077385900    0.0000986800
   0.0069061600   -0.0080559800    0.0001313400
   0.0079070300   -0.0078641200   -0.0001878400
   0.0080737800   -0.0077280900    0.0002483500
   0.0080401900   -0.0081428400   -0.0003142700
  -0.0086663700    0.0001410200   -0.0095650200
  -0.0076181500    0.0000188500   -0.0076515800
  -0.0078149100   -0.0001367600   -0.0075511200
  -0.0052003300   -0.0012469600   -0.0081792900
  -0.0077762300    0.0002790100   -0.0076959900
  -0.0076812700   -0.0002105300   -0.0077331500
  -0.0081937600   -0.0002754900   -0.0076801700
  -0.0082614300    0.0002015400   -0.0076253300
  -0.0080970700    0.0078485500    0.0005223200
  -0.0078630300    0.0077234100   -0.0001611400
  -0.0289774200    0.0062127900   -0.0195026400
  -0.0079487800    0.0073591100   -0.0000690500
  -0.0079340300    0.0077963100   -0.0005556500
  -0.0075680500    0.0080208100    0.0003059200
  -0.0081474500    0.0075677600   -0.0003574600
  -0.0080445800    0.0080070200   -0.0002329200
  -0.0021889200   -0.0020180300    0.0016972200
  -0.0023743700   -0.0009728300    0.0013574100
  -0.0054269900    0.0095433700    0.0021832800
  -0.0015352100   -0.0018615100    0.0009163900
  -0.0011121400   -0.0018936100    0.0009047900
  -0.0014544500   -0.0015695400    0.0015412600
  -0.0012538000   -0.0014492200    0.0014787500
  -0.0012794200   -0.0016670900    0.0017109800
  -0.0085212500   -0.0020304600   -0.0011716000
   0.0002018900   -0.0000728500   -0.0001301100
  -0.0007159800    0.0008610300   -0.0002028100
   0.0000181300    0.0001765100    0.0002564300
  -0.0003517800   -0.0004348500    0.0005914000
  -0.0000254900   -0.0000506700    0.0000914800
  -0.0001416800   -0.0000716000   -0.0001438900
   0.0002455200    0.0000808500   -0.0000187700
   0.0085157800    0.0082729900   -0.0010494200
   0.0076691000    0.0076510800   -0.0000264100
   0.0077941900    0.0078072100   -0.0000233000
   0.0076548000    0.0077515100    0.0002686800
   0.0077708000    0.0077802400   -0.0001279000
   0.0079763700    0.0083856100   -0.0006859100
   0.0078532400    0.0077067500    0.0000645200
   0.0076672900    0.0080596100   -0.0002087300
   0.0069826800   -0.0018290100   -0.0078509500
   0.0082304500    0.0000289000   -0.0074451700
   0.0080661500    0.0001081700   -0.0075052600
   0.0079325700   -0.0000960900   -0.0078653900
   0.0069071100   -0.0004519500   -0.0064545700
   0.0077677300    0.0000686600   -0.0077350200
   0.0078512700    0.0001292500   -0.0076602400
   0.0077075100   -0.0000175000   -0.0077948400
  -0.0006458200    0.0079607300   -0.0082026300
  -0.0000326800    0.0078954000   -0.0078741100
  -0.0006122100    0.0067186200   -0.0114402600
  -0.0000486000    0.0078884100   -0.0078143200
  -0.0000365700    0.0080349400   -0.0078165000
   0.0001869600    0.0082865200   -0.0076093300
  -0.0002554000    0.0078780800   -0.0076570200
  -0.0001441500    0.0076088700   -0.0077152200
  -0.0013308900    0.0017051900    0.0015962400
  -0.0017192200    0.0024760400    0.0000812900
  -0.0017775200    0.0029153700    0.0009088400
  -0.0013312900    0.0013709100    0.0013337700
  -0.0015919000    0.0014034700    0.0013805400
  -0.0014119800    0.0012398300    0.0015063000
  -0.0013780700    0.0015357800    0.0014607900
  -0.0014244800    0.0015041800    0.0014379700
  -0.0007918000   -0.0021857100   -0.0020823600
  -0.0016391500   -0.0021036500   -0.0016756900
  -0.0021492800   -0.0020171600    0.0001560900
  -0.0017912600   -0.0014913200   -0.0012778700
  -0.0016100300   -0.0014788000   -0.0022283000
  -0.0016705000   -0.0014421200   -0.0014597500
  -0.0011293600   -0.0015077100   -0.0012573800
  -0.0017084500   -0.0014100100   -0.0015772100
   0.0016359400   -0.0017408500    0.0012250800
   0.0017580400   -0.0014523300    0.0013114700
   0.0002438400   -0.0038256700    0.0026308000
   0.0016520900   -0.0015601400    0.0017789800
   0.0014224900   -0.0014058700    0.0013608700
   0.0014338400   -0.0015178800    0.0012503700
   0.0014125900   -0.0023242800    0.0014137800
   0.0011953200   -0.0014146800    0.0015972400
   0.0012190600   -0.0014760500   -0.0016373200
   0.0014881300   -0.0015542500   -0.0012869600
   0.0017694000   -0.0010927600   -0.0020979200
   0.0017295400   -0.0016348200   -0.0013517100
   0.0012691300   -0.0038177100   -0.0011974700
   0.0015985100   -0.0015307800   -0.0016017900
   0.0011383500   -0.0024296700   -0.0019956500
   0.0013144600   -0.0013130600   -0.0012127000
  -0.0016780300    0.0015100300   -0.0016950600
  -0.0012682800    0.0015147500   -0.0005260800
  -0.0018390700    0.0014511000   -0.0018079500
  -0.0015445600    0.0018018000   -0.0015860100
   0.0034043800    0.0029617700   -0.0067082400
  -0.0017415000    0.0009458200   -0.0016406200
  -0.0010576900    0.0018540600   -0.0014083700
  -0.0014938500    0.0016970600   -0.0014682700
   0.0017663400    0.0016141900    0.0015660400
   0.0013159800    0.0014471700    0.0013736200
   0.0012880400   -0.0001273400    0.0016069200
   0.0014595300    0.0016649200    0.0014499100
   0.0010833100    0.0021016700   -0.0016195500
   0.0015709600    0.0013249800    0.0017916700
   0.0011751100    0.0019864800   -0.0004123900
   0.0015232800    0.0015477600    0.0014565900
  -0.0075466300   -0.0076260600    0.0011843000
  -0.0076387500   -0.0076529000    0.0000630000
  -0.0081164400   -0.0080497900   -0.0000078300
  -0.0079017900   -0.0078067700   -0.0000695000
  -0.0083154600   -0.0080586900    0.0001252000
  -0.0058192600   -0.0079287300   -0.0005703400
  -0.0070346000   -0.0082254000   -0.0002504300
  -0.0082433500   -0.0076213400    0.0001212500
  -0.0081948300    0.0008603900    0.0074163200
  -0.0075584100    0.0001153400    0.0079412400
  -0.0077096100   -0.0002201100    0.0073126700
  -0.0079867000    0.0002624500    0.0074984300
  -0.0174496200   -0.0083213300    0.0063676700
  -0.0078787300    0.0000047500    0.0078187300
  -0.0079933900   -0.0003561100    0.0071896900
  -0.0080347900   -0.0002128300    0.0077902900
  -0.0005802400   -0.0080321100    0.0077869200
  -0.0001404900   -0.0079899500    0.0079286800
  -0.0000586400   -0.0079075700    0.0077993300
   0.0001727800   -0.0082933100    0.0072119200
  -0.0006400100   -0.0066708700    0.0090109700
  -0.0000632300   -0.0080287800    0.0077868600
  -0.0001458400   -0.0077822900    0.0079271100
  -0.0002105300   -0.0075406200    0.0074130100
   0.0000097300    0.0001372700    0.0000672000
   0.0002893500   -0.0000507700   -0.0001531900
  -0.0001328000   -0.0000697900    0.0000359100
  -0.0001659700   -0.0002069700    0.0001707300
  -0.0000799300   -0.0002641800   -0.0001474500
  -0.0005345000   -0.0000816600   -0.0004988300
  -0.0034734700    0.0012761400    0.0021858900
   0.0001590400   -0.0000841600   -0.0001439800
   0.0018439900    0.0012131300   -0.0015412200
   0.0015683100    0.0016764800   -0.0014255600
   0.0021402000    0.0018990200   -0.0013217200
   0.0015266300    0.0015085700   -0.0015355200
  -0.0085363500    0.0033246400   -0.0197820400
   0.0018593500    0.0017965000   -0.0013248000
   0.0002651800    0.0015625800   -0.0018865300
   0.0006675500    0.0014120900   -0.0010865400

105  
  0.0070710678118655   0.0070710678118655   0.0000000000000000
   0.0012586400   -0.0011240800   -0.0011988800
   0.0018906800    0.0001490600   -0.0002875400
   0.0020853400    0.0000286400    0.0000469100
   0.0020979200    0.0001095000   -0.0000615600
   0.0018264500   -0.0001663000   -0.0000191500
   0.0018874600   -0.0000796800    0.0002269700
   0.0016957400   -0.0000889300    0.0001970400
   0.0020372200    0.0000144800    0.0001266100
  -0.0011240800    0.0012586400   -0.0011988800
   0.0000286400    0.0020853400    0.0000469100
   0.0001490600    0.0018906800   -0.0002875400
   0.0001095000    0.0020979200   -0.0000615600
  -0.0001663000    0.0018264500   -0.0000191500
  -0.0000889300    0.0016957400    0.0001970400
  -0.0000796800    0.0018874600    0.0002269700
   0.0000144800    0.0020372200    0.0001266100
   0.0262739200    0.0262739200    0.0216574600
   0.0001673800   -0.0000008600   -0.0014224400
  -0.0000008600    0.0001673800   -0.0014224400
   0.0001144700    0.0001144700   -0.0019295700
  -0.0000364500   -0.0000364500   -0.0019280900
  -0.0000219700    0.0000128600   -0.0018582700
   0.0000128600   -0.0000219700   -0.0018582700
  -0.0001119500   -0.0001119500   -0.0020348200
  -0.0005108000   -0.0005108000    0.0016486100
   0.0000143400    0.0003524900    0.0021715600
   0.0003524900    0.0000143400    0.0021715600
   0.0000407900    0.0000407900    0.0019598300
   0.0003095900    0.0003095900    0.0021803500
   0.0006347900    0.0000423800    0.0012829100
   0.0000423800    0.0006347900    0.0012829100
   0.0000742900    0.0000742900    0.0017365600
   0.0005208100   -0.0010761700   -0.0000768100
   0.0001020900   -0.0021031900   -0.0000867800
   0.0000324300   -0.0019814300   -0.0000544500
   0.0001027000   -0.0022446500   -0.0001352300
   0.0008153000   -0.0009926000   -0.0004309600
  -0.0000240400   -0.0021810600   -0.0002467200
  -0.0003080600   -0.0022534000    0.0003249900
  -0.0001321900   -0.0017387200    0.0000026300
  -0.0010761700    0.0005208100   -0.0000768100
  -0.0019814300    0.0000324300   -0.0000544500
  -0.0021031900    0.0001020900   -0.0000867800
  -0.0022446500    0.0001027000   -0.0001352300
  -0.0009926000    0.0008153000   -0.0004309600
  -0.0022534000   -0.0003080600    0.0003249900
  -0.0021810600   -0.0000240400   -0.0002467200
  -0.0017387200   -0.0001321900    0.0000026300
  -0.0001038400   -0.0001038400    0.0001454900
  -0.0005515800   -0.0000549500    0.0002950100
  -0.0000549500   -0.0005515800    0.0002950100
  -0.0005551300   -0.0005551300    0.0009598600
  -0.0001118000   -0.0001118000    0.0000994600
   0.0001842400   -0.0003187000   -0.0000211000
  -0.0003187000    0.0001842400   -0.0000211000
  -0.0000867800   -0.0000867800    0.0001863400
   0.0007943600    0.0072689500    0.0081090400
  -0.0001901000    0.0066761700    0.0082448900
  -0.0039722100    0.0120378200    0.0047326100
   0.0000945200    0.0079949900    0.0080171100
   0.0000855100    0.0082560100    0.0076370200
   0.0000340400    0.0078081100    0.0076921000
  -0.0002636600    0.0074427000    0.0076683100
  -0.0002115700    0.0078729000    0.0078635000
   0.0004767100   -0.0079807700   -0.0070232700
   0.0005493600   -0.0080360000   -0.0073342900
   0.0024304800   -0.0099446500   -0.0017932100
  -0.0004815300   -0.0076480200   -0.0078744100
  -0.0003726300   -0.0070977900   -0.0083688800
   0.0001532600   -0.0075538700   -0.0079030400
   0.0000683700   -0.0076269900   -0.0078230400
  -0.0001635900   -0.0076114000   -0.0077829600
   0.0072689500    0.0007943600    0.0081090400
   0.0120378200   -0.0039722100    0.0047326100
   0.0066761700   -0.0001901000    0.0082448900
   0.0079949900    0.0000945200    0.0080171100
   0.0082560100    0.0000855100    0.0076370200
   0.0074427000   -0.0002636600    0.0076683100
   0.0078081100    0.0000340400    0.0076921000
   0.0078729000   -0.0002115700    0.0078635000
   0.0210541200   -0.0043694400    0.0066914700
   0.0075455400   -0.0080631100   -0.0003452500
   0.0074559700   -0.0077400400    0.0007129800
   0.0075593000   -0.0077621100    0.0002735600
   0.0079565600   -0.0075049300   -0.0000182600
   0.0078900100   -0.0075576000   -0.0000813700
   0.0076581800   -0.0078749200   -0.0002069000
   0.0079277400   -0.0076491600   -0.0001701300
  -0.0079807700    0.0004767100   -0.0070232700
  -0.0099446500    0.0024304800   -0.0017932100
  -0.0080360000    0.0005493600   -0.0073342900
  -0.0076480200   -0.0004815300   -0.0078744100
  -0.0070977900   -0.0003726300   -0.0083688800
  -0.0076269900    0.0000683700   -0.0078230400
  -0.0075538700    0.0001532600   -0.0079030400
  -0.0076114000   -0.0001635900   -0.0077829600
  -0.0043694400    0.0210541200    0.0066914700
  -0.0077400400    0.0074559700    0.0007129800
  -0.0080631100    0.0075455400   -0.0003452500
  -0.0077621100    0.0075593000    0.0002735600
  -0.0075049300    0.0079565600   -0.0000182600
  -0.0078749200    0.0076581800   -0.0002069000
  -0.0075576000    0.0078900100   -0.0000813700
  -0.0076491600    0.0079277400   -0.0001701300
  -0.0895917300   -0.0895917300   -0.0335554900
  -0.0010080400   -0.0013377100    0.0010459100
  -0.0013377100   -0.0010080400    0.0010459100
  -0.0009225200   -0.0009225200    0.0014564100
  -0.0015402300   -0.0015402300    0.0019862600
  -0.0015086400   -0.0016458900    0.0020178000
  -0.0016458900   -0.0015086400    0.0020178000
  -0.0015913500   -0.0015913500    0.0021326900
  -0.0008237800   -0.0008237800   -0.0007320200
  -0.0023391300    0.0017090400    0.0023525000
   0.0017090400   -0.0023391300    0.0023525000
   0.0001023500    0.0001023500    0.0000494300
  -0.0007588300   -0.0007588300    0.0006869200
  -0.0001232000   -0.0001270700    0.0005886300
  -0.0001270700   -0.0001232000    0.0005886300
  -0.0003058200   -0.0003058200   -0.0002259500
   0.0077499700    0.0077499700    0.0000644300
   0.0090628100    0.0072050200    0.0006687000
   0.0072050200    0.0090628100    0.0006687000
   0.0088110900    0.0088110900    0.0003147100
   0.0075200100    0.0075200100    0.0000280900
   0.0077204700    0.0075810600    0.0001045300
   0.0075810600    0.0077204700    0.0001045300
   0.0080802000    0.0080802000   -0.0008503900
   0.0078426900    0.0006814500   -0.0082476300
   0.0077664500    0.0002130300   -0.0076050000
   0.0076393200   -0.0009652300   -0.0087784800
   0.0079090700    0.0000873700   -0.0083476700
   0.0072879000   -0.0001969900   -0.0075554800
   0.0078747600   -0.0000310400   -0.0080349300
   0.0073958600    0.0001650200   -0.0075004500
   0.0077785300   -0.0000067100   -0.0078200700
   0.0006814500    0.0078426900   -0.0082476300
  -0.0009652300    0.0076393200   -0.0087784800
   0.0002130300    0.0077664500   -0.0076050000
   0.0000873700    0.0079090700   -0.0083476700
  -0.0001969900    0.0072879000   -0.0075554800
   0.0001650200    0.0073958600   -0.0075004500
  -0.0000310400    0.0078747600   -0.0080349300
  -0.0000067100    0.0077785300   -0.0078200700
  -0.0028051400    0.0227604600    0.0028614400
  -0.0020115900    0.0010464900    0.0021807800
  -0.0023514500    0.0010824100    0.0017190600
  -0.0015620900    0.0010910200    0.0015695800
  -0.0015625400    0.0010867000    0.0021496800
  -0.0016142200    0.0013028700    0.0011228700
  -0.0017454200    0.0013117100    0.0013464900
  -0.0017539600    0.0016491600    0.0015225500
  -0.0035293400   -0.0035293400   -0.0021035300
  -0.0013236700   -0.0019520100   -0.0017659400
  -0.0019520100   -0.0013236700   -0.0017659400
  -0.0018287900   -0.0018287900   -0.0022457000
  -0.0009101800   -0.0009101800   -0.0018327600
  -0.0011022600   -0.0021765900   -0.0020311700
  -0.0021765900   -0.0011022600   -0.0020311700
  -0.0017823200   -0.0017823200   -0.0014872600
   0.0227604600   -0.0028051400    0.0028614400
   0.0010824100   -0.0023514500    0.0017190600
   0.0010464900   -0.0020115900    0.0021807800
   0.0010910200   -0.0015620900    0.0015695800
   0.0010867000   -0.0015625400    0.0021496800
   0.0013117100   -0.0017454200    0.0013464900
   0.0013028700   -0.0016142200    0.0011228700
   0.0016491600   -0.0017539600    0.0015225500
   0.0016617400   -0.0006364500   -0.0003215100
   0.0018358900   -0.0016507000   -0.0013280600
   0.0010961900   -0.0020341500   -0.0016365600
   0.0016807200   -0.0016386800   -0.0009558800
   0.0022033700   -0.0011128100   -0.0018372800
   0.0055304200   -0.0058740000   -0.0059710400
   0.0020464500   -0.0014224900   -0.0011777500
   0.0015983900   -0.0016048900   -0.0017129100
  -0.0006364500    0.0016617400   -0.0003215100
  -0.0020341500    0.0010961900   -0.0016365600
  -0.0016507000    0.0018358900   -0.0013280600
  -0.0016386800    0.0016807200   -0.0009558800
  -0.0011128100    0.0022033700   -0.0018372800
  -0.0014224900    0.0020464500   -0.0011777500
  -0.0058740000    0.0055304200   -0.0059710400
  -0.0016048900    0.0015983900   -0.0017129100
   0.0026403500    0.0026403500   -0.0006236600
   0.0015186700    0.0023472700    0.0017095200
   0.0023472700    0.0015186700    0.0017095200
   0.0011225600    0.0011225600    0.0016079500
   0.0083012100    0.0083012100    0.0031379800
   0.0016735400    0.0021909100    0.0009599700
   0.0021909100    0.0016735400    0.0009599700
   0.0015368100    0.0015368100    0.0017841300
  -0.0076151700   -0.0076151700   -0.0000780400
  -0.0073360900   -0.0063090100   -0.0011748300
  -0.0063090100   -0.0073360900   -0.0011748300
  -0.0078563100   -0.0078563100   -0.0001529700
  -0.0077623900   -0.0077623900    0.0001292100
  -0.0076095000   -0.0076412700    0.0001985900
  -0.0076412700   -0.0076095000    0.0001985900
  -0.0068007200   -0.0068007200   -0.0005009100
  -0.0074886600   -0.0000949500    0.0077990500
  -0.0074665700    0.0000656300    0.0075469200
  -0.0058915300    0.0017752700    0.0076232900
  -0.0076585600   -0.0000245400    0.0077544200
  -0.0077854400   -0.0002314800    0.0078490800
  -0.0074963000   -0.0001164300    0.0074785800
  -0.0060082800    0.0005085700    0.0084079800
  -0.0078462200   -0.0002101500    0.0076214700
  -0.0000949500   -0.0074886600    0.0077990500
   0.0017752700   -0.0058915300    0.0076232900
   0.0000656300   -0.0074665700    0.0075469200
  -0.0000245400   -0.0076585600    0.0077544200
  -0.0002314800   -0.0077854400    0.0078490800
   0.0005085700   -0.0060082800    0.0084079800
  -0.0001164300   -0.0074963000    0.0074785800
  -0.0002101500   -0.0078462200    0.0076214700
  -0.0003361900   -0.0003361900    0.0000579500
  -0.0004492400    0.0000198100    0.0001334600
   0.0000198100   -0.0004492400    0.0001334600
   0.0002065400    0.0002065400    0.0000093400
   0.0080311700    0.0080311700   -0.0009868300
  -0.0000737900   -0.0000417000   -0.0003541200
  -0.0000417000   -0.0000737900   -0.0003541200
   0.0000730700    0.0000730700    0.0005463500
   0.0035299600    0.0035299600   -0.0039658800
   0.0019988000    0.0017978100   -0.0016582400
   0.0017978100    0.0019988000   -0.0016582400
   0.0015945900    0.0015945900   -0.0018590100
   0.0007734400    0.0007734400   -0.0028799400
   0.0017335600    0.0032204500   -0.0019124800
   0.0032204500    0.0017335600   -0.0019124800
   0.0018004700    0.0018004700   -0.0011884200

105  
 -0.0070710678118655  -0.0070710678118655   0.0000000000000000
   0.0026153100    0.0011732500    0.0011158900
   0.0020390000   -0.0001426100    0.0002864800
   0.0018382600   -0.0000270900   -0.0000412500
   0.0018326700   -0.0001103100    0.0000587900
   0.0020959000    0.0001649200    0.0000170500
   0.0020318600    0.0000840000   -0.0002257300
   0.0022369000    0.0000882300   -0.0002027800
   0.0018914600   -0.0000190700   -0.0001304200
   0.0011732500    0.0026153100    0.0011158900
  -0.0000270900    0.0018382600   -0.0000412500
  -0.0001426100    0.0020390000    0.0002864800
  -0.0001103100    0.0018326700    0.0000587900
   0.0001649200    0.0020959000    0.0000170500
   0.0000882300    0.0022369000   -0.0002027800
   0.0000840000    0.0020318600   -0.0002257300
  -0.0000190700    0.0018914600   -0.0001304200
  -0.0247642600   -0.0247642600   -0.0239095500
  -0.0001596300    0.0000015500   -0.0025145700
   0.0000015500   -0.0001596300   -0.0025145700
  -0.0001116000   -0.0001116000   -0.0019941700
   0.0000430400    0.0000430400   -0.0020089600
   0.0000214800   -0.0000108900   -0.0020673400
  -0.0000108900    0.0000214800   -0.0020673400
   0.0001129100    0.0001129100   -0.0018850400
   0.0005108100    0.0005108100    0.0022677700
  -0.0000156700   -0.0003502200    0.0017504700
  -0.0003502200   -0.0000156700    0.0017504700
  -0.0000391500   -0.0000391500    0.0019678100
  -0.0003169900   -0.0003169900    0.0017427600
  -0.0006104600   -0.0000365300    0.0026421300
  -0.0000365300   -0.0006104600    0.0026421300
  -0.0000813200   -0.0000813200    0.0021899000
  -0.0004839900   -0.0028326400    0.0000610600
  -0.0001031700   -0.0018148300    0.0000914000
  -0.0000319700   -0.0019371800    0.0000491400
  -0.0001031000   -0.0016825000    0.0001354500
  -0.0008212600   -0.0029715500    0.0004377800
   0.0000247200   -0.0017425400    0.0002474700
   0.0003089400   -0.0016494500   -0.0003686800
   0.0001316800   -0.0021935100    0.0000040200
  -0.0028326400   -0.0004839900    0.0000610600
  -0.0019371800   -0.0000319700    0.0000491400
  -0.0018148300   -0.0001031700    0.0000914000
  -0.0016825000   -0.0001031000    0.0001354500
  -0.0029715500   -0.0008212600    0.0004377800
  -0.0016494500    0.0003089400   -0.0003686800
  -0.0017425400    0.0000247200    0.0002474700
  -0.0021935100    0.0001316800    0.0000040200
   0.0001065100    0.0001065100   -0.0001480800
   0.0005691000    0.0000711900   -0.0002915400
   0.0000711900    0.0005691000   -0.0002915400
   0.0005218100    0.0005218100   -0.0010049900
   0.0000932900    0.0000932900   -0.0001032200
  -0.0001778600    0.0003305600    0.0000270800
   0.0003305600   -0.0001778600    0.0000270800
   0.0000907800    0.0000907800   -0.0001874700
  -0.0007980700    0.0083453700    0.0074917200
   0.0002034300    0.0089206400    0.0073702500
   0.0040565300    0.0036645500    0.0108566700
  -0.0000935600    0.0076160500    0.0076044300
  -0.0001064100    0.0073399300    0.0079899900
  -0.0000355100    0.0078033800    0.0079185500
   0.0002557200    0.0081594900    0.0079537600
   0.0002116200    0.0077391900    0.0077466400
  -0.0004504800   -0.0076253200   -0.0085941300
  -0.0005452100   -0.0075693500   -0.0082716300
  -0.0023865400   -0.0056461300   -0.0137129800
   0.0004907100   -0.0079630000   -0.0077406100
   0.0003805900   -0.0084991800   -0.0072416400
  -0.0001521600   -0.0080613400   -0.0077083400
  -0.0000624900   -0.0079853000   -0.0077781600
   0.0001672000   -0.0080113400   -0.0078317300
   0.0083453700   -0.0007980700    0.0074917200
   0.0036645500    0.0040565300    0.0108566700
   0.0089206400    0.0002034300    0.0073702500
   0.0076160500   -0.0000935600    0.0076044300
   0.0073399300   -0.0001064100    0.0079899900
   0.0081594900    0.0002557200    0.0079537600
   0.0078033800   -0.0000355100    0.0079185500
   0.0077391900    0.0002116200    0.0077466400
  -0.0057041700   -0.0112190500   -0.0069460500
   0.0080526900   -0.0075455100    0.0003426600
   0.0081732800   -0.0078667300   -0.0007137100
   0.0080538200   -0.0078390300   -0.0002714100
   0.0076561200   -0.0081183900    0.0000196400
   0.0077137100   -0.0080432000    0.0000780600
   0.0079411000   -0.0077325600    0.0002089700
   0.0076839300   -0.0079559900    0.0001697000
  -0.0076253200   -0.0004504800   -0.0085941300
  -0.0056461300   -0.0023865400   -0.0137129800
  -0.0075693500   -0.0005452100   -0.0082716300
  -0.0079630000    0.0004907100   -0.0077406100
  -0.0084991800    0.0003805900   -0.0072416400
  -0.0079853000   -0.0000624900   -0.0077781600
  -0.0080613400   -0.0001521600   -0.0077083400
  -0.0080113400    0.0001672000   -0.0078317300
  -0.0112190500   -0.0057041700   -0.0069460500
  -0.0078667300    0.0081732800   -0.0007137100
  -0.0075455100    0.0080526900    0.0003426600
  -0.0078390300    0.0080538200   -0.0002714100
  -0.0081183900    0.0076561200    0.0000196400
  -0.0077325600    0.0079411000    0.0002089700
  -0.0080432000    0.0077137100    0.0000780600
  -0.0079559900    0.0076839300    0.0001697000
   0.0853749100    0.0853749100    0.0348075800
  -0.0020980600   -0.0017655800    0.0020663900
  -0.0017655800   -0.0020980600    0.0020663900
  -0.0021786800   -0.0021786800    0.0016524400
  -0.0015609300   -0.0015609300    0.0011090200
  -0.0015923900   -0.0014656200    0.0010768000
  -0.0014656200   -0.0015923900    0.0010768000
  -0.0014975900   -0.0014975900    0.0009662700
   0.0008583500    0.0008583500    0.0007556400
   0.0022978200   -0.0016695800   -0.0023087000
  -0.0016695800    0.0022978200   -0.0023087000
  -0.0001006000   -0.0001006000   -0.0000544000
   0.0007424100    0.0007424100   -0.0006751800
   0.0001189100    0.0001326600   -0.0005919100
   0.0001326600    0.0001189100   -0.0005919100
   0.0003095200    0.0003095200    0.0002236400
   0.0078624000    0.0078624000   -0.0000750700
   0.0065454300    0.0083580000   -0.0006797700
   0.0083580000    0.0065454300   -0.0006797700
   0.0067917300    0.0067917300   -0.0003148300
   0.0080930900    0.0080930900   -0.0000420600
   0.0078932900    0.0080257400   -0.0001095400
   0.0080257400    0.0078932900   -0.0001095400
   0.0075112500    0.0075112500    0.0008811300
   0.0077377300   -0.0006328300   -0.0073929700
   0.0078355700   -0.0002101300   -0.0079962700
   0.0079977900    0.0010080100   -0.0068431400
   0.0076692000   -0.0000902200   -0.0072666000
   0.0083131800    0.0002000600   -0.0080608800
   0.0077289000    0.0000354800   -0.0075732600
   0.0082097000   -0.0001878200   -0.0080945800
   0.0078220500    0.0000050900   -0.0077846600
  -0.0006328300    0.0077377300   -0.0073929700
   0.0010080100    0.0079977900   -0.0068431400
  -0.0002101300    0.0078355700   -0.0079962700
  -0.0000902200    0.0076692000   -0.0072666000
   0.0002000600    0.0083131800   -0.0080608800
  -0.0001878200    0.0082097000   -0.0080945800
   0.0000354800    0.0077289000   -0.0075732600
   0.0000050900    0.0078220500   -0.0077846600
  -0.0003475200   -0.0193267000    0.0003402200
  -0.0010885800    0.0020551500    0.0009099200
  -0.0007471500    0.0020244300    0.0013864800
  -0.0015242900    0.0020129700    0.0015352700
  -0.0015233800    0.0020183700    0.0009616900
  -0.0014713800    0.0018136600    0.0019728600
  -0.0013618300    0.0017829400    0.0017656800
  -0.0013470700    0.0014439000    0.0015832100
   0.0004340400    0.0004340400   -0.0010927700
  -0.0017836600   -0.0011450400   -0.0013367400
  -0.0011450400   -0.0017836600   -0.0013367400
  -0.0012893800   -0.0012893800   -0.0008518900
  -0.0021765300   -0.0021765300   -0.0012746300
  -0.0019929900   -0.0009451100   -0.0010730500
  -0.0009451100   -0.0019929900   -0.0010730500
  -0.0013175900   -0.0013175900   -0.0016042500
  -0.0193267000   -0.0003475200    0.0003402200
   0.0020244300   -0.0007471500    0.0013864800
   0.0020551500   -0.0010885800    0.0009099200
   0.0020129700   -0.0015242900    0.0015352700
   0.0020183700   -0.0015233800    0.0009616900
   0.0017829400   -0.0013618300    0.0017656800
   0.0018136600   -0.0014713800    0.0019728600
   0.0014439000   -0.0013470700    0.0015832100
   0.0013390400   -0.0024721000   -0.0026963700
   0.0012602100   -0.0014792000   -0.0017894300
   0.0020033200   -0.0010778700   -0.0014694000
   0.0014380900   -0.0014577500   -0.0021416900
   0.0009009300   -0.0019914500   -0.0012503000
  -0.0024647700    0.0028211800    0.0028932300
   0.0010474200   -0.0016731000   -0.0019285400
   0.0014973800   -0.0014996900   -0.0013922800
  -0.0024721000    0.0013390400   -0.0026963700
  -0.0010778700    0.0020033200   -0.0014694000
  -0.0014792000    0.0012602100   -0.0017894300
  -0.0014577500    0.0014380900   -0.0021416900
  -0.0019914500    0.0009009300   -0.0012503000
  -0.0016731000    0.0010474200   -0.0019285400
   0.0028211800   -0.0024647700    0.0028932300
  -0.0014996900    0.0014973800   -0.0013922800
   0.0003811200    0.0003811200    0.0036894100
   0.0015731300    0.0007591500    0.0014069300
   0.0007591500    0.0015731300    0.0014069300
   0.0019757300    0.0019757300    0.0014981900
  -0.0053443100   -0.0053443100   -0.0000750700
   0.0014331300    0.0008965800    0.0021394500
   0.0008965800    0.0014331300    0.0021394500
   0.0015649700    0.0015649700    0.0013340700
  -0.0079956000   -0.0079956000    0.0000915400
  -0.0082735400   -0.0093002800    0.0011624900
  -0.0093002800   -0.0082735400    0.0011624900
  -0.0077514800   -0.0077514800    0.0001473600
  -0.0078499200   -0.0078499200   -0.0001177400
  -0.0080018000   -0.0079855800   -0.0002046000
  -0.0079855800   -0.0080018000   -0.0002046000
  -0.0088122000   -0.0088122000    0.0004788600
  -0.0081156800    0.0000806300    0.0078329800
  -0.0081345700   -0.0000848900    0.0080664200
  -0.0096925800   -0.0017583100    0.0079892300
  -0.0079540400    0.0000212400    0.0078482800
  -0.0078101300    0.0002276500    0.0077501800
  -0.0081130800    0.0001278100    0.0081366500
  -0.0095978600   -0.0005414700    0.0072203200
  -0.0077712400    0.0002270700    0.0079901400
   0.0000806300   -0.0081156800    0.0078329800
  -0.0017583100   -0.0096925800    0.0079892300
  -0.0000848900   -0.0081345700    0.0080664200
   0.0000212400   -0.0079540400    0.0078482800
   0.0002276500   -0.0078101300    0.0077501800
  -0.0005414700   -0.0095978600    0.0072203200
   0.0001278100   -0.0081130800    0.0081366500
   0.0002270700   -0.0077712400    0.0079901400
   0.0003487100    0.0003487100   -0.0000426500
   0.0004587200   -0.0000204000   -0.0001482700
  -0.0000204000    0.0004587200   -0.0001482700
  -0.0002012300   -0.0002012300   -0.0000069900
  -0.0084525500   -0.0084525500    0.0014033400
   0.0000778000    0.0000439200    0.0003569000
   0.0000439200    0.0000778000    0.0003569000
  -0.0000741200   -0.0000741200   -0.0005516000
  -0.0003946300   -0.0003946300    0.0008383900
   0.0011099100    0.0013005100   -0.0014456400
   0.0013005100    0.0011099100   -0.0014456400
   0.0015079600    0.0015079600   -0.0012366300
   0.0022631200    0.0022631200   -0.0002346600
   0.0013376500   -0.0000954900   -0.0011490700
  -0.0000954900    0.0013376500   -0.0011490700
   0.0012915300    0.0012915300   -0.0019265000

113  
  0.0000000000000000   0.0070710678118655   0.0070710678118655
   0.0010873800    0.0011783300    0.0011783300
   0.0028219700    0.0011563700    0.0011563700
   0.0019640600    0.0000172100    0.0000176900
   0.0019637800   -0.0000538400   -0.0000547900
   0.0019640600    0.0000176900    0.0000172100
   0.0019637800   -0.0000547900   -0.0000538400
   0.0020992200   -0.0001397800   -0.0001397800
   0.0018266000   -0.0001356700   -0.0001356700
   0.0006715900    0.0019592700    0.0015436300
   0.0000542900    0.0018073100   -0.0000417200
  -0.0003490700    0.0028399300    0.0004996500
  -0.0000195300    0.0017937900   -0.0000338900
   0.0000453000    0.0020015100   -0.0000288900
  -0.0001698300    0.0021609000   -0.0001196600
   0.0001151900    0.0019010200   -0.0001686600
  -0.0000190000    0.0020231700    0.0000276900
  -0.0000581100   -0.0000384200   -0.0021198600
  -0.0006631500    0.0015032700   -0.0019466200
   0.0003605000    0.0005011900   -0.0010897000
   0.0000174400   -0.0000392100   -0.0021341300
  -0.0000430200   -0.0000256300   -0.0019215800
   0.0001641700   -0.0001212200   -0.0017620400
   0.0000138300    0.0000287500   -0.0018956500
  -0.0001141500   -0.0001693100   -0.0020243100
   0.0006715900    0.0015436300    0.0019592700
   0.0000542900   -0.0000417200    0.0018073100
   0.0000453000   -0.0000288900    0.0020015100
  -0.0001698300   -0.0001196600    0.0021609000
  -0.0003490700    0.0004996500    0.0028399300
  -0.0000195300   -0.0000338900    0.0017937900
   0.0001151900   -0.0001686600    0.0019010200
  -0.0000190000    0.0000276900    0.0020231700
  -0.0000581100   -0.0021198600   -0.0000384200
  -0.0006631500   -0.0019466200    0.0015032700
  -0.0000430200   -0.0019215800   -0.0000256300
   0.0001641700   -0.0017620400   -0.0001212200
   0.0003605000   -0.0010897000    0.0005011900
   0.0000174400   -0.0021341300   -0.0000392100
   0.0000138300   -0.0018956500    0.0000287500
  -0.0001141500   -0.0020243100   -0.0001693100
  -0.0021554100   -0.0000838900   -0.0000838900
  -0.0017623900   -0.0000827200   -0.0000827200
  -0.0019638300    0.0008526800    0.0008582100
  -0.0019596800    0.0000481200    0.0000447600
  -0.0019638300    0.0008582100    0.0008526800
  -0.0019596800    0.0000447600    0.0000481200
  -0.0020740600   -0.0001531800   -0.0001531800
  -0.0018574200   -0.0001503200   -0.0001503200
  -0.0019823000   -0.0015965500   -0.0015965500
   0.0020047500   -0.0016038400   -0.0016038400
   0.0000091300    0.0003940000    0.0003953700
   0.0000009200   -0.0001597400   -0.0001582900
   0.0000091300    0.0003953700    0.0003940000
   0.0000009200   -0.0001582900   -0.0001597400
  -0.0002791300    0.0001226200    0.0001226200
   0.0002812300    0.0001214200    0.0001214200
   0.0033225900    0.0078108500    0.0078108500
  -0.0000072200    0.0080196100    0.0080196100
  -0.0003619300    0.0080217000    0.0074927000
  -0.0002327800    0.0079900100    0.0076128700
  -0.0003619300    0.0074927000    0.0080217000
  -0.0002327800    0.0076128700    0.0079900100
   0.0002088300    0.0078088600    0.0078088600
  -0.0001351900    0.0078847500    0.0078847500
  -0.0034297000   -0.0078120800   -0.0078120800
   0.0000078000   -0.0075970200   -0.0075970200
   0.0002305100   -0.0080155600   -0.0076210100
   0.0003568700   -0.0081125400   -0.0075943200
   0.0002305100   -0.0076210100   -0.0080155600
   0.0003568700   -0.0075943200   -0.0081125400
  -0.0002143300   -0.0078063800   -0.0078063800
   0.0001256300   -0.0077350000   -0.0077350000
   0.0108547400    0.0075810100    0.0099821600
   0.0079753900    0.0006371200    0.0081062500
   0.0078648000   -0.0001885200    0.0079187200
   0.0079355800   -0.0000552600    0.0075872900
   0.0077579200   -0.0000995200    0.0076680600
   0.0078489000    0.0001720600    0.0079201900
   0.0076844800   -0.0000666200    0.0078033200
   0.0078207200   -0.0003339900    0.0079203100
   0.0046289300   -0.0055380300    0.0078982300
   0.0076377600   -0.0075143600    0.0005928200
   0.0076723500   -0.0080262000   -0.0000518100
   0.0077466600   -0.0076857500   -0.0001759300
   0.0077628500   -0.0076896000    0.0001706900
   0.0078599300   -0.0079313900   -0.0000937100
   0.0079368900   -0.0078052200   -0.0000677400
   0.0077961000   -0.0076942900   -0.0003321600
  -0.0100243300    0.0043355700   -0.0108984100
  -0.0077916700    0.0001784300   -0.0077562500
  -0.0077124800   -0.0001819300   -0.0076539400
  -0.0084022800    0.0009750900   -0.0077607200
  -0.0076197000    0.0001666200   -0.0078870900
  -0.0079217200   -0.0000402600   -0.0078457400
  -0.0074663600    0.0002556100   -0.0080607300
  -0.0078419800   -0.0001993100   -0.0077453600
  -0.0055772100    0.0046725300    0.0043924000
  -0.0078291700    0.0078627400    0.0001779700
  -0.0071932500    0.0078480200    0.0009732700
  -0.0079001000    0.0079590700   -0.0001691700
  -0.0076923600    0.0077632800   -0.0000396300
  -0.0079896200    0.0077358800    0.0001636500
  -0.0081561600    0.0075418300    0.0002701000
  -0.0077679600    0.0078703400   -0.0002072700
  -0.0023438700   -0.0023502000    0.0047835200
  -0.0007479500    0.0016614800    0.0007752500
  -0.0015192600   -0.0015340800    0.0015589600
  -0.0015471500   -0.0013921100    0.0017005000
  -0.0015486200   -0.0016165400    0.0014765500
  -0.0015454900   -0.0010847900    0.0020080800
  -0.0010535300   -0.0015783000    0.0015132600
  -0.0020454500   -0.0015793600    0.0015228500
   0.0001607800   -0.0611974600   -0.0611974600
   0.0000135900    0.0008105700    0.0008105700
   0.0005939400   -0.0002476800    0.0002161000
  -0.0005991500    0.0002087700   -0.0002470000
   0.0005939400    0.0002161000   -0.0002476800
  -0.0005991500   -0.0002470000    0.0002087700
   0.0000109600   -0.0003844100   -0.0003844100
  -0.0000006800    0.0000489700    0.0000489700
   0.0108547400    0.0099821600    0.0075810100
   0.0079753900    0.0081062500    0.0006371200
   0.0077579200    0.0076680600   -0.0000995200
   0.0078489000    0.0079201900    0.0001720600
   0.0078648000    0.0079187200   -0.0001885200
   0.0079355800    0.0075872900   -0.0000552600
   0.0076844800    0.0078033200   -0.0000666200
   0.0078207200    0.0079203100   -0.0003339900
   0.0046289300    0.0078982300   -0.0055380300
   0.0076377600    0.0005928200   -0.0075143600
   0.0077628500    0.0001706900   -0.0076896000
   0.0078599300   -0.0000937100   -0.0079313900
   0.0076723500   -0.0000518100   -0.0080262000
   0.0077466600   -0.0001759300   -0.0076857500
   0.0079368900   -0.0000677400   -0.0078052200
   0.0077961000   -0.0003321600   -0.0076942900
   0.0000328700    0.0069118700   -0.0086897300
  -0.0000045700    0.0078766700   -0.0077305700
   0.0006976900    0.0075066100   -0.0074631100
  -0.0007270700    0.0081549100   -0.0081087500
   0.0000091400    0.0076725600   -0.0078993900
  -0.0000185000    0.0077132000   -0.0079362500
   0.0000041100    0.0078652900   -0.0077501900
  -0.0000031100    0.0079079300   -0.0077073200
  -0.0012967000    0.0012144400    0.0012144400
  -0.0026561700    0.0095918600    0.0095918600
  -0.0015121300    0.0012011000    0.0014682200
  -0.0015131200    0.0018691600    0.0011086600
  -0.0015121300    0.0014682200    0.0012011000
  -0.0015131200    0.0011086600    0.0018691600
  -0.0015390800    0.0017587700    0.0017587700
  -0.0017850000    0.0016156500    0.0016156500
  -0.0002718700    0.0068861900    0.0068861900
  -0.0018022200   -0.0018982100   -0.0018982100
  -0.0015895500   -0.0016295900   -0.0019082400
  -0.0015877200   -0.0019814600   -0.0012317600
  -0.0015895500   -0.0019082400   -0.0016295900
  -0.0015877200   -0.0012317600   -0.0019814600
  -0.0013100800   -0.0014718500   -0.0014718500
  -0.0015523500   -0.0013475200   -0.0013475200
   0.0015555800   -0.0013791800    0.0012408800
   0.0015338300   -0.0018461300    0.0017203100
   0.0014769400    0.0055742800    0.0085210400
   0.0015493200   -0.0019497300    0.0011524600
   0.0015472600   -0.0018627800    0.0012334600
   0.0015492600   -0.0013335500    0.0017573600
   0.0010415100   -0.0014356100    0.0016343700
   0.0020584200   -0.0014715200    0.0016544400
   0.0053954000   -0.0023924200   -0.0023924200
   0.0022348300   -0.0022999400   -0.0022999400
   0.0015911200   -0.0015842200   -0.0021129300
   0.0018197000   -0.0019882600   -0.0013617000
   0.0015911200   -0.0021129300   -0.0015842200
   0.0018197000   -0.0013617000   -0.0019882600
   0.0016017700   -0.0014460700   -0.0014460700
   0.0019610600   -0.0018542300   -0.0018542300
  -0.0023438700    0.0047835200   -0.0023502000
  -0.0007479500    0.0007752500    0.0016614800
  -0.0015486200    0.0014765500   -0.0016165400
  -0.0015454900    0.0020080800   -0.0010847900
  -0.0015192600    0.0015589600   -0.0015340800
  -0.0015471500    0.0017005000   -0.0013921100
  -0.0010535300    0.0015132600   -0.0015783000
  -0.0020454500    0.0015228500   -0.0015793600
   0.0008715200    0.0007975000    0.0007975000
  -0.0022245200    0.0007094100    0.0007094100
   0.0014820000    0.0009360800    0.0014995300
   0.0012776600    0.0017420500    0.0011100000
   0.0014820000    0.0014995300    0.0009360800
   0.0012776600    0.0011100000    0.0017420500
   0.0011371600    0.0012428000    0.0012428000
   0.0014900900    0.0016451800    0.0016451800
  -0.0100243300   -0.0108984100    0.0043355700
  -0.0077916700   -0.0077562500    0.0001784300
  -0.0076197000   -0.0078870900    0.0001666200
  -0.0079217200   -0.0078457400   -0.0000402600
  -0.0077124800   -0.0076539400   -0.0001819300
  -0.0084022800   -0.0077607200    0.0009750900
  -0.0074663600   -0.0080607300    0.0002556100
  -0.0078419800   -0.0077453600   -0.0001993100
  -0.0055772100    0.0043924000    0.0046725300
  -0.0078291700    0.0001779700    0.0078627400
  -0.0076923600   -0.0000396300    0.0077632800
  -0.0079896200    0.0001636500    0.0077358800
  -0.0071932500    0.0009732700    0.0078480200
  -0.0079001000   -0.0001691700    0.0079590700
  -0.0081561600    0.0002701000    0.0075418300
  -0.0077679600   -0.0002072700    0.0078703400
   0.0000328700   -0.0086897300    0.0069118700
  -0.0000045700   -0.0077305700    0.0078766700
   0.0000091400   -0.0078993900    0.0076725600
  -0.0000185000   -0.0079362500    0.0077132000
   0.0006976900   -0.0074631100    0.0075066100
  -0.0007270700   -0.0081087500    0.0081549100
   0.0000041100   -0.0077501900    0.0078652900
  -0.0000031100   -0.0077073200    0.0079079300
  -0.0000028500    0.0004612100    0.0004612100
  -0.0000130600    0.0001098000    0.0001098000
  -0.0002561000    0.0000802400    0.0003800300
   0.0002749000    0.0003722000    0.0000671800
  -0.0002561000    0.0003800300    0.0000802400
   0.0002749000    0.0000671800    0.0003722000
  -0.0000042900    0.0006437900    0.0006437900
   0.0000048200   -0.0000063300   -0.0000063300
   0.0015555800    0.0012408800   -0.0013791800
   0.0015338300    0.0017203100   -0.0018461300
   0.0015472600    0.0012334600   -0.0018627800
   0.0015492600    0.0017573600   -0.0013335500
   0.0014769400    0.0085210400    0.0055742800
   0.0015493200    0.0011524600   -0.0019497300
   0.0010415100    0.0016343700   -0.0014356100
   0.0020584200    0.0016544400   -0.0014715200
