96   
12   

1    
  0.0026071388291069  -0.0045256587416466   0.0085276749515868
  -0.0192888800    0.0605106000   -0.0666796500
  -0.0006387400    0.0059488600    0.0010955900
   0.0008543100    0.0050882700    0.0010982500
  -0.0006239100    0.0051959100    0.0015729600
  -0.0000148200    0.0051937600   -0.0004940100
   0.0000366000    0.0052674100   -0.0001725300
  -0.0000593900    0.0053260400   -0.0001707800
  -0.0000995300    0.0052397000    0.0002419800
   0.0001273300   -0.0045999600   -0.0011895800
  -0.0000210400   -0.0055156700   -0.0002439700
   0.0000009100   -0.0057842900   -0.0003820300
   0.0001315600   -0.0053127700    0.0001563600
   0.0001235500   -0.0061014400   -0.0003823100
  -0.0004672600   -0.0048947100   -0.0007102300
   0.0004519900   -0.0051642700   -0.0005743800
   0.0001299800   -0.0053233500    0.0001606600
   0.0007532800    0.0026843800    0.0051471000
   0.0009758900   -0.0007395600    0.0009373600
  -0.0004636800   -0.0004285600    0.0005822900
   0.0001778900    0.0004462100    0.0001039500
  -0.0000222900    0.0001279900    0.0001896500
  -0.0000208800    0.0001042300    0.0001456200
   0.0000405100    0.0001338700    0.0001915800
  -0.0000016200   -0.0000306600   -0.0000657000
   0.0110142900    0.0029171400    0.0036856600
   0.0116838400    0.0050440800    0.0000996600
   0.0089237900   -0.0012250400    0.0015463000
   0.0116582000    0.0050225000    0.0000579700
   0.0107266300    0.0051632100    0.0000355900
   0.0107596800    0.0051489100   -0.0000468900
   0.0106938700    0.0051443200    0.0000960500
   0.0107578600    0.0051148300   -0.0000276700
  -0.0088470800    0.0010902500    0.0036780700
  -0.0043787000   -0.0071824000    0.0015774900
  -0.0110339000    0.0052482700    0.0000980200
  -0.0110051800    0.0051984100    0.0000613700
  -0.0107427100    0.0051350100    0.0000321400
  -0.0106789200    0.0051694600    0.0000943200
  -0.0107712200    0.0051346800   -0.0000457600
  -0.0107385000    0.0050988000   -0.0000257600
   0.0007281600   -0.0096161800    0.0110458600
   0.0001148700   -0.0001029200   -0.0005186000
   0.0004013900    0.0002198000   -0.0001589300
   0.0001868800   -0.0002512200   -0.0001780200
  -0.0000246600   -0.0000145900    0.0001385700
  -0.0000436100   -0.0001036400    0.0003192400
   0.0000625300   -0.0000719400    0.0002748300
  -0.0000000600   -0.0000686700   -0.0000275900
   0.0099211500   -0.0049420400    0.0014475100
   0.0108787400   -0.0051890400   -0.0001857400
   0.0109051600   -0.0045516900    0.0000209400
   0.0107821700   -0.0052108300    0.0003404300
   0.0109870500   -0.0051155500    0.0009962700
   0.0108844200   -0.0053337000   -0.0001999600
   0.0103694000   -0.0058699900    0.0001427300
   0.0107457400   -0.0050198200   -0.0001400000
  -0.0099262700   -0.0049458400    0.0015780200
  -0.0109654000   -0.0045200500    0.0000755000
  -0.0108923100   -0.0051360500   -0.0002003500
  -0.0107670900   -0.0051310800   -0.0000478600
  -0.0109928100   -0.0051190400    0.0008777700
  -0.0104279000   -0.0058422200    0.0000920800
  -0.0108978700   -0.0052834300   -0.0001893300
  -0.0107304100   -0.0049468600    0.0002377000
  -0.0000207300    0.0161314400    0.0804603200
   0.0045591400    0.0189374300    0.0829212300
  -0.0017302300    0.0180350200    0.0807268900
  -0.0002593200    0.0140063600    0.0824942000
  -0.0001354000    0.0168370300    0.0815823100
   0.0002087300    0.0172409700    0.0815032500
  -0.0002300500    0.0172947300    0.0812843100
  -0.0001083800    0.0167499600    0.0809531000
  -0.0000241100    0.0129047200   -0.0794355800
  -0.0004333100    0.0129777000   -0.0794059700
   0.0036040900    0.0120466800   -0.0770191300
  -0.0002555200    0.0155968700   -0.0808058100
  -0.0001376800    0.0169114000   -0.0809232100
  -0.0002556300    0.0165006600   -0.0815016500
   0.0002350300    0.0165529700   -0.0812773900
  -0.0001083900    0.0170385200   -0.0813366800
   0.0000138800   -0.0157072500    0.0879965100
   0.0023657100   -0.0194592500    0.0838253700
  -0.0017440600   -0.0190459300    0.0831240800
   0.0007478900   -0.0139343900    0.0819627500
   0.0000311000   -0.0160255500    0.0829672300
   0.0002640300   -0.0167375500    0.0809509700
  -0.0000314800   -0.0167118300    0.0810898400
   0.0002038800   -0.0165969400    0.0813474600
   0.0000293800   -0.0175231700   -0.0808513700
  -0.0002868700   -0.0169474500   -0.0813845500
   0.0005181300   -0.0169176100   -0.0815257400
   0.0002086000   -0.0170878300   -0.0811949800
   0.0000316500   -0.0246704800   -0.0743111400
  -0.0012378900   -0.0162565700   -0.0809967900
   0.0018526400   -0.0158591700   -0.0803115700
   0.0007222200   -0.0187093200   -0.0801240800

1    
 -0.0026071388291069   0.0045256587416466  -0.0085276749515868
   0.0193689600   -0.0496035000    0.0661966300
   0.0006414100    0.0046332600   -0.0010974100
  -0.0008596500    0.0054974700   -0.0011009400
   0.0006215000    0.0053938900   -0.0015744500
   0.0000170600    0.0053913300    0.0004922200
  -0.0000389700    0.0053186400    0.0001731400
   0.0000626100    0.0052644800    0.0001735400
   0.0000981800    0.0053474800   -0.0002473300
  -0.0001237900   -0.0059568700    0.0011554500
   0.0000155200   -0.0050697700    0.0002485700
  -0.0000028500   -0.0047985900    0.0003878300
  -0.0001289800   -0.0052736000   -0.0001546100
  -0.0001318800   -0.0044734300    0.0003775200
   0.0004732200   -0.0056898900    0.0007143900
  -0.0004555000   -0.0054156900    0.0005737200
  -0.0001266600   -0.0052627000   -0.0001607000
  -0.0007375000   -0.0028181800   -0.0052819100
  -0.0009831400    0.0007524500   -0.0009470000
   0.0004590200    0.0004297100   -0.0005794400
  -0.0001824600   -0.0004596400   -0.0001031200
   0.0000199000   -0.0001328200   -0.0001810700
   0.0000101800   -0.0001072700   -0.0001502300
  -0.0000299300   -0.0001319200   -0.0001941000
   0.0000058600    0.0000361800    0.0000668100
   0.0104463000    0.0073707200   -0.0036786400
   0.0097644200    0.0052274300   -0.0000988500
   0.0125215900    0.0114518800   -0.0015079500
   0.0097881500    0.0052464800   -0.0000658200
   0.0107170600    0.0051039100   -0.0000405400
   0.0106869300    0.0051252000    0.0000414300
   0.0107540300    0.0051267900   -0.0000912600
   0.0106908700    0.0051616300    0.0000242500
  -0.0124810800    0.0089599500   -0.0036783400
  -0.0172787900    0.0178111800   -0.0014742300
  -0.0104243600    0.0050186100   -0.0001011300
  -0.0104271300    0.0050777400   -0.0000690300
  -0.0107099300    0.0051395100   -0.0000459300
  -0.0107673600    0.0051001400   -0.0000873700
  -0.0106776400    0.0051397500    0.0000370000
  -0.0107014700    0.0051718700    0.0000281100
  -0.0007548600    0.0088291300   -0.0100196200
  -0.0001162400    0.0000927200    0.0005187100
  -0.0004040200   -0.0002274300    0.0001557400
  -0.0001792300    0.0002498200    0.0001815700
   0.0000133200    0.0000163300   -0.0001369900
   0.0000496300    0.0000977600   -0.0003166500
  -0.0000698500    0.0000818700   -0.0002705700
   0.0000115600    0.0000613300    0.0000266900
   0.0115064200   -0.0053391600   -0.0014142100
   0.0105699900   -0.0050860600    0.0001878700
   0.0105570700   -0.0057137300   -0.0000139200
   0.0106614300   -0.0050646400   -0.0003330200
   0.0104572500   -0.0051591100   -0.0010129000
   0.0105572700   -0.0049417900    0.0002042800
   0.0110868400   -0.0043833600   -0.0001495300
   0.0107099600   -0.0052501100    0.0001481800
  -0.0115029900   -0.0053322700   -0.0015326900
  -0.0104957700   -0.0057445800   -0.0000725800
  -0.0105583900   -0.0051319300    0.0002077500
  -0.0106743600   -0.0051412200    0.0000467700
  -0.0104605100   -0.0051533100   -0.0008813700
  -0.0110221600   -0.0044229300   -0.0000933800
  -0.0105472800   -0.0049855100    0.0001867900
  -0.0107165200   -0.0053319500   -0.0002435600
   0.0000216700    0.0176567000    0.0817313800
  -0.0049178000    0.0148124400    0.0790740100
   0.0017489800    0.0157220900    0.0814612900
   0.0002618700    0.0197807300    0.0796707100
   0.0001294700    0.0169369500    0.0806091500
  -0.0002064500    0.0165204400    0.0806768700
   0.0002249000    0.0164759800    0.0808980100
   0.0001176200    0.0170193400    0.0812330200
   0.0000215500    0.0208535700   -0.0827429600
   0.0005273000    0.0208131700   -0.0827988700
  -0.0033541200    0.0216902400   -0.0849926100
   0.0002624200    0.0181676200   -0.0813792700
   0.0001294900    0.0168756800   -0.0812733300
   0.0002623500    0.0172877700   -0.0806815600
  -0.0002426200    0.0172358100   -0.0809071400
   0.0001152900    0.0167326200   -0.0808395300
  -0.0000398000   -0.0179942500    0.0744338900
  -0.0023283000   -0.0143705500    0.0783970900
   0.0017217600   -0.0147518100    0.0790772800
  -0.0007151800   -0.0198296800    0.0802356200
  -0.0000361200   -0.0177594500    0.0791524600
  -0.0002570500   -0.0170497300    0.0812432200
   0.0000248400   -0.0170755900    0.0810986900
  -0.0002008500   -0.0171842900    0.0808382200
  -0.0000281300   -0.0162472400   -0.0813257700
   0.0002746800   -0.0168209400   -0.0808118100
  -0.0005084200   -0.0168487900   -0.0806670300
  -0.0002056900   -0.0166797600   -0.0809888400
  -0.0000214600   -0.0086380900   -0.0886706900
   0.0012335300   -0.0174974200   -0.0811736600
  -0.0018466900   -0.0178975400   -0.0818689600
  -0.0007412800   -0.0150597000   -0.0820614500

17   
  0.0049917387288788  -0.0086650184340607   0.0000000000000000
   0.0014425900   -0.0008282900   -0.0059456100
   0.0010333600    0.0044635600    0.0005918600
  -0.0000329400    0.0051054800    0.0000714600
   0.0003403100    0.0054825600   -0.0003522200
  -0.0000333600    0.0053939100   -0.0000670700
   0.0000560500    0.0053641200   -0.0001021700
  -0.0000199900    0.0052717000   -0.0001106200
  -0.0000147800    0.0051971900   -0.0000199600
  -0.0000315400   -0.0051823500   -0.0000674000
   0.0000563700   -0.0052086600   -0.0001024300
  -0.0000176300   -0.0053097500   -0.0001104800
  -0.0000153000   -0.0053815600   -0.0000172500
   0.0014053900   -0.0115471500   -0.0062224700
   0.0010190000   -0.0061039000    0.0005791500
  -0.0000354300   -0.0054721900    0.0000790600
   0.0003549700   -0.0050964300   -0.0003618400
  -0.0558870000    0.0919639400   -0.0181363900
  -0.0000078100   -0.0000574800   -0.0000462300
  -0.0000380600   -0.0000402400    0.0001350600
  -0.0000715800    0.0000695600   -0.0003765300
   0.0001386700   -0.0001884000   -0.0000341000
  -0.0000063200   -0.0001060300   -0.0000120100
  -0.0000438100   -0.0000844900   -0.0000146400
  -0.0000001800    0.0001512800    0.0000231000
   0.0115571500    0.0052316200   -0.0007920700
   0.0110362800    0.0047147000   -0.0000013400
   0.0106831600    0.0041329400   -0.0002417900
   0.0112068700    0.0047258400    0.0002468200
   0.0107197700    0.0051261000    0.0000079400
   0.0106999200    0.0051953200   -0.0000347000
   0.0107839500    0.0051559900   -0.0000555700
   0.0107424200    0.0051446000    0.0000138900
  -0.0022881900   -0.0003383700    0.0137174000
  -0.0104922900    0.0039703900   -0.0002917800
  -0.0110156200    0.0049937800    0.0002806500
  -0.0105983400    0.0050872500    0.0000381600
  -0.0107455200    0.0051306300    0.0000059400
  -0.0107881100    0.0051068900   -0.0000476800
  -0.0107358500    0.0051599800   -0.0000095400
  -0.0107304400    0.0052869000    0.0000911400
   0.0000092000    0.0002437100   -0.0004190700
   0.0000951700   -0.0001765900    0.0000417400
  -0.0000245100   -0.0001098300    0.0000454100
   0.0001435300   -0.0000449300   -0.0000651900
   0.0000060000    0.0002448100   -0.0004051600
   0.0000999500   -0.0001779600    0.0000394500
  -0.0000276600   -0.0001054500    0.0000384600
   0.0001474200   -0.0000478700   -0.0000726400
   0.0107100900   -0.0051504600    0.0000059300
   0.0106616200   -0.0051654800   -0.0000530900
   0.0107169900   -0.0051175700   -0.0000062500
   0.0107182200   -0.0049865300    0.0000926900
   0.0190494600   -0.0106362500    0.0134253100
   0.0109655400   -0.0063218700   -0.0002981600
   0.0104338200   -0.0052742700    0.0002702500
   0.0108511700   -0.0051925200    0.0000502800
  -0.0107290700   -0.0051502200    0.0000069300
  -0.0107508100   -0.0050792400   -0.0000369100
  -0.0106677000   -0.0051216600   -0.0000577500
  -0.0107127500   -0.0051370700    0.0000171400
  -0.0100183600   -0.0051245500   -0.0006278900
  -0.0104179300   -0.0055596700   -0.0000088200
  -0.0107648800   -0.0061524200   -0.0002513500
  -0.0102376500   -0.0055439300    0.0002512200
  -0.0001620800   -0.0026963100    0.0869676200
   0.0145486000    0.0091841800    0.0781397700
  -0.0013165700    0.0163288600    0.0807773100
   0.0009654400    0.0155391800    0.0809883300
   0.0000499100    0.0167483700    0.0810447100
  -0.0001295100    0.0170541200    0.0810467400
  -0.0000460500    0.0168778400    0.0810708300
   0.0000789800    0.0169718800    0.0813001300
  -0.0002074700    0.0156844300   -0.0796926900
   0.0015814000    0.0164596000   -0.0825669700
  -0.0008966300    0.0174854500   -0.0812080300
   0.0000470700    0.0168536800   -0.0810635800
   0.0003047200    0.0171551200   -0.0796811300
  -0.0002295000    0.0164938000   -0.0819113100
   0.0000314300    0.0164994700   -0.0809728100
   0.0000487500    0.0169459700   -0.0812381900
   0.0003086900   -0.0166119000    0.0825085000
  -0.0002309600   -0.0172872000    0.0802847800
   0.0000390000   -0.0172779200    0.0812341500
   0.0000412400   -0.0168253800    0.0809539900
  -0.0002106600   -0.0181117000    0.0824848400
   0.0015797700   -0.0173119500    0.0796187800
  -0.0008857700   -0.0162816600    0.0809818700
   0.0000526000   -0.0169189000    0.0811311700
   0.0000558700   -0.0170297400   -0.0811489100
  -0.0001296200   -0.0167208600   -0.0811557500
  -0.0000473500   -0.0169018300   -0.0811181200
   0.0000733500   -0.0168081100   -0.0808938600
  -0.0001169000   -0.0357065200   -0.0753739700
   0.0151952000   -0.0249306400   -0.0841661800
  -0.0012286200   -0.0173854700   -0.0814104900
   0.0009526900   -0.0182689800   -0.0812218100

17   
  0.0000000000000000   0.0000000000000000   0.0100000000000000
   0.0000000000    0.0114121900    0.0095654900
   0.0006970300    0.0040706300    0.0002505100
  -0.0006970300    0.0040706300    0.0002505100
   0.0000000000    0.0049809600   -0.0000467300
   0.0000000000    0.0052481200    0.0001874500
  -0.0000891200    0.0054328200    0.0002748600
   0.0000891200    0.0054328200    0.0002748600
   0.0000000000    0.0053383100   -0.0000564300
   0.0000000000   -0.0053437200    0.0001940400
  -0.0000848900   -0.0051538000    0.0002744600
   0.0000848900   -0.0051538000    0.0002744600
   0.0000000000   -0.0052478700   -0.0000602000
   0.0000000000    0.0003186600    0.0088975600
   0.0006911300   -0.0065077100    0.0002426000
  -0.0006911300   -0.0065077100    0.0002426000
   0.0000000000   -0.0056059000   -0.0000443800
   0.0000000000    0.0209207800   -0.1377103600
  -0.0001848600   -0.0000501600   -0.0000155800
   0.0001848600   -0.0000501600   -0.0000155800
   0.0000000000    0.0004300900   -0.0001533000
   0.0000000000    0.0000437900    0.0003497100
  -0.0000029200    0.0000168200    0.0000576000
   0.0000029200    0.0000168200    0.0000576000
   0.0000000000   -0.0000141700    0.0000304000
  -0.0034537000   -0.0041721200    0.0219160300
   0.0110292500    0.0052495800   -0.0001037900
   0.0114406500    0.0062765900    0.0002645000
   0.0112456500    0.0051272200    0.0002353400
   0.0108048900    0.0051675500    0.0002232400
   0.0107624400    0.0050856100    0.0000211900
   0.0106800700    0.0050902400    0.0000462700
   0.0106435300    0.0051596500    0.0001481500
   0.0034537000   -0.0041721200    0.0219160300
  -0.0114406500    0.0062765900    0.0002645000
  -0.0110292500    0.0052495800   -0.0001037900
  -0.0112456500    0.0051272200    0.0002353400
  -0.0108048900    0.0051675500    0.0002232400
  -0.0106800700    0.0050902400    0.0000462700
  -0.0107624400    0.0050856100    0.0000211900
  -0.0106435300    0.0051596500    0.0001481500
   0.0000000000   -0.0004803900    0.0049091700
   0.0000021400    0.0000535000    0.0000254500
  -0.0000021400    0.0000535000    0.0000254500
   0.0000000000   -0.0000802300   -0.0000244500
   0.0000000000   -0.0004697600    0.0048867500
   0.0000040500    0.0000468200    0.0000288900
  -0.0000040500    0.0000468200    0.0000288900
   0.0000000000   -0.0000795500   -0.0000283900
   0.0106422900   -0.0051047600    0.0002232700
   0.0107642600   -0.0051736400    0.0000405300
   0.0106838000   -0.0051862500    0.0000176100
   0.0108037500   -0.0051193900    0.0001394800
   0.0243502100   -0.0141176600    0.0212124500
   0.0100110100   -0.0040043900    0.0002581300
   0.0104190900   -0.0050298600   -0.0001010700
   0.0101944700   -0.0051412200    0.0002259800
  -0.0106422900   -0.0051047600    0.0002232700
  -0.0106838000   -0.0051862500    0.0000176100
  -0.0107642600   -0.0051736400    0.0000405300
  -0.0108037500   -0.0051193900    0.0001394800
  -0.0243502100   -0.0141176600    0.0212124500
  -0.0104190900   -0.0050298600   -0.0001010700
  -0.0100110100   -0.0040043900    0.0002581300
  -0.0101944700   -0.0051412200    0.0002259800
   0.0000000000    0.0154944500    0.0834324800
  -0.0039251000    0.0190795600    0.0844117700
   0.0039251000    0.0190795600    0.0844117700
   0.0000000000    0.0167120000    0.0802482500
   0.0000000000    0.0173072300    0.0808637600
   0.0003530000    0.0166539100    0.0811230800
  -0.0003530000    0.0166539100    0.0811230800
   0.0000000000    0.0167716600    0.0806510300
   0.0000000000    0.0140765500   -0.0783262100
  -0.0031804800    0.0182345800   -0.0784148200
   0.0031804800    0.0182345800   -0.0784148200
   0.0000000000    0.0167530100   -0.0811861400
   0.0000000000    0.0144651200   -0.0835925900
  -0.0016854600    0.0179022700   -0.0830723500
   0.0016854600    0.0179022700   -0.0830723500
   0.0000000000    0.0172204000   -0.0815496000
   0.0000000000   -0.0193315100    0.0785619000
  -0.0016963700   -0.0158610900    0.0790920700
   0.0016963700   -0.0158610900    0.0790920700
   0.0000000000   -0.0165533200    0.0806085500
   0.0000000000   -0.0196872900    0.0838651600
  -0.0031454300   -0.0155502600    0.0837516400
   0.0031454300   -0.0155502600    0.0837516400
   0.0000000000   -0.0170179000    0.0810065700
   0.0000000000   -0.0164799000   -0.0813181200
   0.0003449100   -0.0171269200   -0.0810635000
  -0.0003449100   -0.0171269200   -0.0810635000
   0.0000000000   -0.0170052600   -0.0815265000
   0.0000000000   -0.0184526100   -0.0787104000
  -0.0040593400   -0.0146376800   -0.0777248600
   0.0040593400   -0.0146376800   -0.0777248600
   0.0000000000   -0.0170648500   -0.0819427200

25   
  0.0026071388291069  -0.0045256587416466   0.0085276749515868
  -0.0004329800    0.0026385000    0.0036765200
   0.0005102600    0.0049427000    0.0001074500
  -0.0030212600   -0.0017240200    0.0014982100
   0.0004777400    0.0049157500    0.0000615500
  -0.0000283100    0.0052976400    0.0000257600
  -0.0000239000    0.0052734000   -0.0000481900
   0.0000356900    0.0053353200    0.0000998300
  -0.0000081800    0.0052522400   -0.0000231700
   0.0002165200   -0.0058621000    0.0013469200
   0.0000248600   -0.0053215000   -0.0003531000
  -0.0000704600   -0.0053005300   -0.0002237100
  -0.0007063000   -0.0053084300    0.0001382100
  -0.0002017800   -0.0048203500    0.0010948000
  -0.0001502500   -0.0054616300    0.0005104900
  -0.0000169300   -0.0052940800   -0.0001504100
   0.0005668000   -0.0051216000    0.0000516100
  -0.0120932900   -0.0065158100    0.0186584500
  -0.0000975000   -0.0003743200   -0.0000569500
   0.0000109000   -0.0002611500   -0.0001058100
   0.0005030000   -0.0003192400    0.0003382300
   0.0000020000   -0.0000112100    0.0002004000
  -0.0000501800    0.0000433300    0.0000551500
  -0.0000268200    0.0000227100    0.0000401700
  -0.0000030600   -0.0000110900    0.0000939200
  -0.0254288000    0.0488862800   -0.1022355700
   0.0105198400    0.0053359400    0.0005011800
   0.0114572200    0.0057513800    0.0005598700
   0.0101477200    0.0046845700    0.0004593400
   0.0107424200    0.0050948500   -0.0000816900
   0.0106348900    0.0052741300    0.0000735400
   0.0107756600    0.0050476200    0.0000548000
   0.0107013200    0.0051094700   -0.0001468300
  -0.0043197300    0.0046475200    0.0017701600
  -0.0104526800    0.0046634100    0.0001602200
  -0.0104186000    0.0046341700    0.0001709200
   0.0017070400    0.0051234300   -0.0012442900
  -0.0106746800    0.0052147500    0.0000288400
  -0.0106910400    0.0051486700   -0.0000445800
  -0.0107149200    0.0051680100   -0.0000325100
  -0.0107525100    0.0051343200    0.0001634700
   0.0122586400    0.0062039500    0.0181244100
   0.0003763900   -0.0000943000   -0.0001134800
  -0.0000646500   -0.0007889900    0.0005479100
   0.0001479100   -0.0000400100    0.0000556000
  -0.0000099900   -0.0000111000    0.0001761800
  -0.0000185900   -0.0000003400   -0.0000175500
   0.0000007500   -0.0000724700    0.0000273100
   0.0001369100    0.0001014700    0.0001524600
   0.0106655000   -0.0049824700    0.0005758000
   0.0107120700   -0.0050313900    0.0003985800
   0.0104865100   -0.0055214600    0.0000681000
   0.0108141700   -0.0050727900   -0.0001018900
   0.0109340800   -0.0052489600    0.0006325300
   0.0107439000   -0.0052352000   -0.0001764500
   0.0110124200   -0.0047628700    0.0001711300
   0.0107366400   -0.0050468300   -0.0000914300
  -0.0112825200   -0.0056385600   -0.0006358300
  -0.0107387900   -0.0051973400   -0.0000329300
  -0.0105460900   -0.0050758300   -0.0000221600
  -0.0109057400   -0.0050919300   -0.0001738900
  -0.0100726600   -0.0048620200   -0.0006695200
  -0.0106767500   -0.0052003800   -0.0000012700
  -0.0107102500   -0.0051478900   -0.0000507100
  -0.0109173200   -0.0051488000   -0.0001482200
  -0.0011327000    0.0163986500    0.0803823200
   0.0056983300    0.0044802000    0.0905537800
  -0.0009969200    0.0162036600    0.0813214800
   0.0005347700    0.0176043100    0.0814171700
  -0.0002193800    0.0167969900    0.0808564000
  -0.0000959200    0.0167025600    0.0812726600
  -0.0001640700    0.0166168800    0.0810664900
   0.0001764300    0.0170962200    0.0812087400
   0.0117387100    0.0042011500   -0.0699031900
   0.0017402500    0.0164574400   -0.0817491900
   0.0005893300    0.0174646000   -0.0810129600
  -0.0011385600    0.0165165200   -0.0804919000
   0.0002838600    0.0167622600   -0.0807852900
  -0.0000601900    0.0170000800   -0.0814301200
   0.0000355500    0.0171914500   -0.0810605400
  -0.0001538000    0.0169222400   -0.0811736900
   0.0004354500   -0.0157456000    0.0814334500
   0.0023217600   -0.0176024800    0.0827095400
  -0.0069982800   -0.0200641400    0.0957472600
  -0.0009008700   -0.0184376300    0.0815149200
   0.0000595100   -0.0169511700    0.0811654600
  -0.0002189900   -0.0171400900    0.0809344000
  -0.0003416300   -0.0168991300    0.0819735600
   0.0000781000   -0.0171596900    0.0811542500
  -0.0000237100   -0.0169963800   -0.0813923200
   0.0001582500   -0.0164297800   -0.0810914500
   0.0002664200   -0.0167449200   -0.0805123300
   0.0003229000   -0.0170037600   -0.0810102400
  -0.0003463300   -0.0192984600   -0.0794973700
  -0.0010917100   -0.0165729200   -0.0805145000
   0.0059011600   -0.0141755100   -0.0683675100
   0.0018100100   -0.0171600900   -0.0806071500

25   
 -0.0026071388291069   0.0045256587416466  -0.0085276749515868
   0.0004255100    0.0079097100   -0.0036768400
  -0.0005065000    0.0056398200   -0.0000999900
   0.0030191800    0.0123559100   -0.0015578100
  -0.0004630900    0.0056677900   -0.0000649200
   0.0000230100    0.0052784400   -0.0000323100
   0.0000231200    0.0053089900    0.0000487500
  -0.0000355400    0.0052457100   -0.0000940700
   0.0000149700    0.0053299600    0.0000224500
  -0.0002038400   -0.0047272800   -0.0013243900
  -0.0000342000   -0.0052607800    0.0003547400
   0.0000730200   -0.0052770600    0.0002285100
   0.0006804500   -0.0052732700   -0.0001401900
   0.0002057200   -0.0057641200   -0.0011106500
   0.0001470100   -0.0051229300   -0.0005151400
   0.0000282700   -0.0052823500    0.0001547000
  -0.0005733500   -0.0054590000   -0.0000553900
   0.0125482400    0.0066769200   -0.0191516800
   0.0001102900    0.0003717600    0.0000569500
  -0.0000173900    0.0002735000    0.0001026700
  -0.0004838800    0.0003136200   -0.0003330500
  -0.0000085100    0.0000212300   -0.0001907200
   0.0000476400   -0.0000598000   -0.0000543700
   0.0000299900   -0.0000320800   -0.0000433000
   0.0000082800    0.0000232900   -0.0000908000
   0.0464262900   -0.0387588900    0.1021474000
   0.0109227100    0.0049263100   -0.0005045200
   0.0099768100    0.0045402900   -0.0005683000
   0.0113200600    0.0055738700   -0.0004438200
   0.0107047100    0.0051962600    0.0000903700
   0.0108213300    0.0049865600   -0.0000730500
   0.0106852600    0.0052231900   -0.0000677600
   0.0107406500    0.0051749400    0.0001479400
  -0.0171934100    0.0056671500   -0.0017912500
  -0.0109846700    0.0056184200   -0.0001740700
  -0.0110214800    0.0056418700   -0.0001722900
  -0.0230520400    0.0050904400    0.0013496400
  -0.0107751700    0.0050636600   -0.0000203100
  -0.0107769100    0.0051122900    0.0000273100
  -0.0107340500    0.0051069600    0.0000401700
  -0.0106874400    0.0051599100   -0.0001621600
  -0.0118954300   -0.0058997700   -0.0176282900
  -0.0003673800    0.0001049900    0.0001202900
   0.0000648900    0.0007965100   -0.0005427200
  -0.0001442600    0.0000275100   -0.0000575500
   0.0000069300   -0.0000051200   -0.0001902200
  -0.0000056700   -0.0000029000    0.0000102200
   0.0000256400    0.0000750100   -0.0000276200
  -0.0001356200   -0.0000850000   -0.0001484000
   0.0107786300   -0.0052887800   -0.0005661300
   0.0107472800   -0.0052391100   -0.0003975500
   0.0109636700   -0.0047554500   -0.0000752500
   0.0106329900   -0.0052064200    0.0000963900
   0.0105009100   -0.0050321600   -0.0006341000
   0.0106987700   -0.0050537600    0.0001681600
   0.0104388100   -0.0055123400   -0.0001471200
   0.0107183100   -0.0052204700    0.0000747100
  -0.0101647100   -0.0046573700    0.0006321800
  -0.0107200500   -0.0050687300    0.0000241200
  -0.0109063400   -0.0052047400    0.0000222200
  -0.0105423700   -0.0051687500    0.0001785400
  -0.0113783200   -0.0054202600    0.0006699300
  -0.0107727700   -0.0050697000    0.0000240000
  -0.0107373500   -0.0051428600    0.0000422400
  -0.0105328100   -0.0051213100    0.0001422700
   0.0010367800    0.0174703900    0.0818537500
  -0.0060440400    0.0299086000    0.0712573900
   0.0009936900    0.0175761300    0.0808626900
  -0.0005177400    0.0161716400    0.0807774400
   0.0002192200    0.0169790300    0.0813301500
   0.0000928100    0.0170828200    0.0809204400
   0.0001692100    0.0171594400    0.0811143800
  -0.0001804000    0.0166779900    0.0809765100
  -0.0113341900    0.0289457900   -0.0918579100
  -0.0016856000    0.0172142100   -0.0804884600
  -0.0005866200    0.0162970300   -0.0811702800
   0.0011382900    0.0172753600   -0.0817084900
  -0.0002831800    0.0170045800   -0.0814003700
   0.0000537100    0.0167646600   -0.0807677800
  -0.0000129000    0.0165745200   -0.0811290600
   0.0001597200    0.0168588700   -0.0810258600
  -0.0004491900   -0.0180286700    0.0807537700
  -0.0023142000   -0.0161584500    0.0794839900
   0.0067322000   -0.0138182800    0.0669454200
   0.0009023300   -0.0153649400    0.0806932900
  -0.0000650900   -0.0168256000    0.0810301600
   0.0002133900   -0.0166284900    0.0812499200
   0.0003403700   -0.0168665300    0.0801929300
  -0.0000884600   -0.0166070900    0.0810302600
   0.0000135100   -0.0167846600   -0.0807881300
  -0.0001575200   -0.0173510400   -0.0811013700
  -0.0002584900   -0.0170312100   -0.0816609700
  -0.0003116200   -0.0167740100   -0.0811806600
   0.0003511300   -0.0144567400   -0.0826820500
   0.0010884500   -0.0172049800   -0.0816695200
  -0.0061001100   -0.0197890900   -0.0942986400
  -0.0018203100   -0.0166014800   -0.0815917600

25   
  0.0049917387288788   0.0086650184340607   0.0000000000000000
   0.0051608900    0.0125667500    0.0000000000
   0.0002816700    0.0045675100    0.0000000000
   0.0141996500    0.0270377600    0.0000000000
   0.0003331800    0.0046706500    0.0000000000
   0.0000399700    0.0052554700    0.0000000000
   0.0000157800    0.0052400300    0.0000000000
  -0.0000294100    0.0052881800    0.0000000000
   0.0000387800    0.0053180500    0.0000000000
  -0.0000104200   -0.0057900200    0.0003995800
  -0.0000008200   -0.0052376200    0.0005155100
   0.0000660700   -0.0049169600    0.0000751200
   0.0001391300   -0.0053684600   -0.0001056200
  -0.0000104200   -0.0057900200   -0.0003995800
  -0.0000008200   -0.0052376200   -0.0005155100
   0.0000660700   -0.0049169600   -0.0000751200
   0.0001391300   -0.0053684600    0.0001056200
   0.0094233500    0.0049069900   -0.0149669100
  -0.0002344700    0.0001045200    0.0002488000
   0.0002364000    0.0011575600    0.0013279100
  -0.0000000300    0.0001293500    0.0002604000
  -0.0000108400    0.0000059600    0.0000681200
   0.0000159500   -0.0000285000   -0.0000238900
   0.0000371000   -0.0000268000   -0.0000535100
  -0.0001260400   -0.0000845100   -0.0000240700
  -0.0739389700   -0.0877238400    0.0000000000
   0.0108338900    0.0050240900    0.0000000000
   0.0090612200    0.0021995600    0.0000000000
   0.0094891400    0.0059196100    0.0000000000
   0.0107963400    0.0052363800    0.0000000000
   0.0108011700    0.0050185000    0.0000000000
   0.0106078500    0.0051814400    0.0000000000
   0.0107916600    0.0052604900    0.0000000000
   0.0026532800    0.0055259100    0.0000000000
  -0.0112417900    0.0067429500    0.0000000000
  -0.0113174400    0.0066741000    0.0000000000
   0.0132676500    0.0049419500    0.0000000000
  -0.0108354700    0.0051033400    0.0000000000
  -0.0107375800    0.0050941900    0.0000000000
  -0.0106785400    0.0051290700    0.0000000000
  -0.0107641900    0.0051378900    0.0000000000
   0.0094233500    0.0049069900    0.0149669100
  -0.0002344700    0.0001045200   -0.0002488000
   0.0002364000    0.0011575600   -0.0013279100
  -0.0000000300    0.0001293500   -0.0002604000
  -0.0000108400    0.0000059600   -0.0000681200
   0.0000159500   -0.0000285000    0.0000238900
   0.0000371000   -0.0000268000    0.0000535100
  -0.0001260400   -0.0000845100    0.0000240700
   0.0106729900   -0.0050572800    0.0002136900
   0.0106224400   -0.0050370100   -0.0002303200
   0.0105806400   -0.0050655100    0.0001060200
   0.0109594000   -0.0053559500   -0.0000301100
   0.0106729900   -0.0050572800   -0.0002136900
   0.0106224400   -0.0050370100    0.0002303200
   0.0105806400   -0.0050655100   -0.0001060200
   0.0109594000   -0.0053559500    0.0000301100
  -0.0110461100   -0.0051567100   -0.0007443100
  -0.0106719900   -0.0050053200   -0.0000161200
  -0.0105863400   -0.0052206400    0.0000808000
  -0.0107129000   -0.0049467500    0.0000330300
  -0.0110461100   -0.0051567100    0.0007443100
  -0.0106719900   -0.0050053200    0.0000161200
  -0.0105863400   -0.0052206400   -0.0000808000
  -0.0107129000   -0.0049467500   -0.0000330300
  -0.0050337200    0.0259362600    0.0863531100
  -0.0022899900    0.0245969100    0.0740855800
   0.0033331100    0.0183719400    0.0796486200
   0.0032147600    0.0180425000    0.0822783200
   0.0000124100    0.0170275500    0.0814864500
   0.0001276900    0.0169368900    0.0813148100
   0.0001944600    0.0167863900    0.0812646500
  -0.0000792900    0.0167814700    0.0810868900
  -0.0050337200    0.0259362600   -0.0863531100
  -0.0022899900    0.0245969100   -0.0740855800
   0.0033331100    0.0183719400   -0.0796486200
   0.0032147600    0.0180425000   -0.0822783200
   0.0000124100    0.0170275500   -0.0814864500
   0.0001276900    0.0169368900   -0.0813148100
   0.0001944600    0.0167863900   -0.0812646500
  -0.0000792900    0.0167814700   -0.0810868900
   0.0004920100   -0.0150201800    0.0835127400
   0.0008227700   -0.0165271400    0.0819465100
   0.0070345300   -0.0130552700    0.0737215800
  -0.0009995700   -0.0164725500    0.0812508500
  -0.0001026800   -0.0169499400    0.0810960900
  -0.0000538000   -0.0168495200    0.0813410000
  -0.0001329700   -0.0170261700    0.0821160300
  -0.0003076100   -0.0167904800    0.0812229300
  -0.0001026800   -0.0169499400   -0.0810960900
  -0.0000538000   -0.0168495200   -0.0813410000
  -0.0001329700   -0.0170261700   -0.0821160300
  -0.0003076100   -0.0167904800   -0.0812229300
   0.0004920100   -0.0150201800   -0.0835127400
   0.0008227700   -0.0165271400   -0.0819465100
   0.0070345300   -0.0130552700   -0.0737215800
  -0.0009995700   -0.0164725500   -0.0812508500

25   
 -0.0049917387288788  -0.0086650184340607   0.0000000000000000
  -0.0045533700   -0.0009346900   -0.0000000000
  -0.0002862500    0.0060166500   -0.0000000000
  -0.0151837300   -0.0181443200   -0.0000000000
  -0.0003251200    0.0059247600   -0.0000000000
  -0.0000411100    0.0053298700   -0.0000000000
  -0.0000186500    0.0053519200   -0.0000000000
   0.0000358000    0.0052992800   -0.0000000000
  -0.0000358700    0.0052677400   -0.0000000000
   0.0000095000   -0.0048026200   -0.0004001100
   0.0000083700   -0.0053523500   -0.0005126500
  -0.0000705800   -0.0056657200   -0.0000775600
  -0.0001412100   -0.0052173700    0.0001063800
   0.0000095000   -0.0048026200    0.0004001100
   0.0000083700   -0.0053523500    0.0005126500
  -0.0000705800   -0.0056657200    0.0000775600
  -0.0001412100   -0.0052173700   -0.0001063800
  -0.0093416200   -0.0049151400    0.0147522200
   0.0002380000   -0.0001073800   -0.0002485000
  -0.0002480300   -0.0011880300   -0.0013450300
   0.0000029600   -0.0001292800   -0.0002552400
   0.0000104500   -0.0000045400   -0.0000669100
  -0.0000134700    0.0000338700    0.0000299600
  -0.0000380800    0.0000264400    0.0000550400
   0.0001240800    0.0000836800    0.0000239000
   0.0956791300    0.0985636200   -0.0000000000
   0.0106130600    0.0052419600   -0.0000000000
   0.0123863700    0.0080658600   -0.0000000000
   0.0119614600    0.0043554400   -0.0000000000
   0.0106527400    0.0050387400   -0.0000000000
   0.0106506600    0.0052587700   -0.0000000000
   0.0108375700    0.0050887800   -0.0000000000
   0.0106499100    0.0050079600   -0.0000000000
  -0.0239185700    0.0046847300   -0.0000000000
  -0.0102000700    0.0035563800   -0.0000000000
  -0.0101268300    0.0035679400   -0.0000000000
  -0.0349319400    0.0054703000   -0.0000000000
  -0.0106088500    0.0051602100   -0.0000000000
  -0.0107123700    0.0051813000   -0.0000000000
  -0.0107699300    0.0051437900   -0.0000000000
  -0.0106827500    0.0051397600   -0.0000000000
  -0.0093416200   -0.0049151400   -0.0147522200
   0.0002380000   -0.0001073800    0.0002485000
  -0.0002480300   -0.0011880300    0.0013450300
   0.0000029600   -0.0001292800    0.0002552400
   0.0000104500   -0.0000045400    0.0000669100
  -0.0000134700    0.0000338700   -0.0000299600
  -0.0000380800    0.0000264400   -0.0000550400
   0.0001240800    0.0000836800   -0.0000239000
   0.0107776200   -0.0052099300   -0.0002128300
   0.0108249100   -0.0052304500    0.0002317000
   0.0108633900   -0.0052079700   -0.0001085800
   0.0104907000   -0.0049200100    0.0000343200
   0.0107776200   -0.0052099300    0.0002128300
   0.0108249100   -0.0052304500   -0.0002317000
   0.0108633900   -0.0052079700    0.0001085800
   0.0104907000   -0.0049200100   -0.0000343200
  -0.0104078100   -0.0051096800    0.0007421600
  -0.0107737100   -0.0052715900    0.0000179200
  -0.0108574600   -0.0050498600   -0.0000798800
  -0.0107347900   -0.0053252900   -0.0000256100
  -0.0104078100   -0.0051096800   -0.0007421600
  -0.0107737100   -0.0052715900   -0.0000179200
  -0.0108574600   -0.0050498600    0.0000798800
  -0.0107347900   -0.0053252900    0.0000256100
   0.0050422700    0.0078150800    0.0758321400
   0.0022637400    0.0092333300    0.0880803400
  -0.0032978400    0.0154223900    0.0825196900
  -0.0032489000    0.0157203700    0.0798788400
  -0.0000094500    0.0167537100    0.0807086300
  -0.0001238500    0.0168419000    0.0808813700
  -0.0001931500    0.0169852500    0.0809320500
   0.0000707900    0.0169995700    0.0811024300
   0.0050422700    0.0078150800   -0.0758321400
   0.0022637400    0.0092333300   -0.0880803400
  -0.0032978400    0.0154223900   -0.0825196900
  -0.0032489000    0.0157203700   -0.0798788400
  -0.0000094500    0.0167537100   -0.0807086300
  -0.0001238500    0.0168419000   -0.0808813700
  -0.0001931500    0.0169852500   -0.0809320500
   0.0000707900    0.0169995700   -0.0811024300
  -0.0004882800   -0.0187338300    0.0787032100
  -0.0008354700   -0.0172401700    0.0802310400
  -0.0070209700   -0.0207269100    0.0884840200
   0.0009865700   -0.0173146100    0.0809279300
   0.0000902200   -0.0168325700    0.0810953600
   0.0000568000   -0.0169365900    0.0808337200
   0.0001336000   -0.0167485400    0.0800712800
   0.0003150500   -0.0169935200    0.0809692100
   0.0000902200   -0.0168325700   -0.0810953600
   0.0000568000   -0.0169365900   -0.0808337200
   0.0001336000   -0.0167485400   -0.0800712800
   0.0003150500   -0.0169935200   -0.0809692100
  -0.0004882800   -0.0187338300   -0.0787032100
  -0.0008354700   -0.0172401700   -0.0802310400
  -0.0070209700   -0.0207269100   -0.0884840200
   0.0009865700   -0.0173146100   -0.0809279300

65   
  0.0049917387288788  -0.0086650184340607   0.0000000000000000
  -0.0000309100    0.0007837400   -0.0016189700
   0.0014263200    0.0019388200   -0.0014862700
   0.0043004600    0.0033314300   -0.0044993100
  -0.0004901800    0.0012622900    0.0008192800
  -0.0002498700    0.0052584600    0.0000343900
   0.0000704900    0.0053200600   -0.0002555200
  -0.0001053600    0.0052807800   -0.0005201900
  -0.0002067700    0.0053155400    0.0001395500
   0.0000646500   -0.0050742900    0.0007678700
   0.0002626000   -0.0050439300   -0.0000476000
   0.0001671400   -0.0053133800    0.0002765100
   0.0003785400   -0.0052086700    0.0002501200
   0.0000728300   -0.0118175500    0.0045681000
   0.0012575200   -0.0070571500   -0.0026774200
  -0.0000664300   -0.0064586300   -0.0005611400
   0.0013803300   -0.0042293300    0.0024157700
  -0.0000967600   -0.0187613400    0.0012245200
   0.0135674900   -0.0090278600   -0.0039785900
   0.0004020600    0.0004485700    0.0000735700
   0.0009447300   -0.0013783300    0.0001510300
   0.0000512100   -0.0001422800   -0.0003529100
  -0.0002476600    0.0001040000    0.0003846200
   0.0000706700    0.0000471600    0.0000348400
   0.0000790300    0.0000885000    0.0001053000
   0.0159064000   -0.0095711000   -0.0094322900
   0.0176124100   -0.0080198100    0.0077462300
   0.0109816400    0.0054274600    0.0001910600
   0.0107703300    0.0058052000   -0.0000706800
   0.0108182900    0.0049577700   -0.0001712700
   0.0107411500    0.0051539200    0.0001342600
   0.0108015100    0.0053098100    0.0002410300
   0.0105955500    0.0052804600    0.0000059800
  -0.0110747500   -0.0011920600   -0.0022756000
  -0.0080404200    0.0032837400    0.0011278000
  -0.0124883500   -0.0022532700    0.0051216500
  -0.0081489200    0.0036290800   -0.0010285400
  -0.0107425500    0.0049932300    0.0001383100
  -0.0107532800    0.0051196600    0.0003582600
  -0.0107533400    0.0050069800    0.0001732200
  -0.0106584100    0.0053431500   -0.0001802900
  -0.0002145600   -0.0012102300   -0.0024264800
   0.0012460000   -0.0006187900    0.0027414100
  -0.0005584600    0.0008024500   -0.0004111100
   0.0000501900   -0.0000432400   -0.0001071500
   0.0003116400    0.0002890300   -0.0021183300
  -0.0000794200   -0.0003214800    0.0017233500
  -0.0001051700   -0.0004745000    0.0000329000
   0.0000471100    0.0000628000    0.0003009300
   0.0105091900   -0.0051499800    0.0000442500
   0.0106084400   -0.0049861600   -0.0002601300
   0.0108670900   -0.0050787300   -0.0004901300
   0.0105224300   -0.0051851200   -0.0001598600
   0.0115631200   -0.0067824500    0.0020165900
   0.0169296200   -0.0094584000   -0.0068665600
   0.0116952100   -0.0054277900    0.0004629200
   0.0095093700   -0.0056930800   -0.0014547800
  -0.0105676800   -0.0052351400   -0.0000050800
  -0.0109786300   -0.0050660000   -0.0002532800
  -0.0108105300   -0.0050231000    0.0000882700
  -0.0104434300   -0.0055704200   -0.0000075500
  -0.0109809900   -0.0065615500    0.0015559200
  -0.0096983600   -0.0056126300   -0.0015362100
  -0.0106872100   -0.0049519400    0.0007260000
  -0.0096405100   -0.0067534700    0.0001332800
  -0.0715545000    0.1646063300    0.0900913500
   0.0097363700   -0.0016396100    0.0821359800
  -0.0050554200    0.0068967600    0.0824378300
   0.0088647800    0.0143216500    0.0814511000
   0.0014141600    0.0124761900    0.0813279800
   0.0005243000    0.0136280200    0.0806817500
   0.0004263900    0.0136821700    0.0814866200
   0.0006382900    0.0135901500    0.0806057500
   0.0048414200    0.0101630300   -0.0806460100
  -0.0040631700    0.0254696800   -0.0818964100
   0.0030313200    0.0213741300   -0.0809087300
  -0.0025396800    0.0177053000   -0.0820663500
  -0.0007248900    0.0235314200   -0.0813327800
   0.0000514700    0.0194984100   -0.0815654400
  -0.0001637100    0.0196153900   -0.0823059100
   0.0010728800    0.0197009500   -0.0801978700
   0.0009427200   -0.0214113600    0.0815302300
  -0.0013837400   -0.0197395200    0.0811143600
   0.0020816400   -0.0217969200    0.0773910500
   0.0007295700   -0.0228763700    0.0855201000
   0.0009568000   -0.0214178100    0.0816691600
  -0.0014482200   -0.0197827400    0.0809624100
   0.0021455400   -0.0217479400    0.0828704300
   0.0007127600   -0.0228672900    0.0786717400
  -0.0004206800   -0.0137804900   -0.0814875500
  -0.0004758600   -0.0136323200   -0.0806210300
  -0.0020942100   -0.0126714900   -0.0796097900
  -0.0005700300   -0.0125246600   -0.0824597400
  -0.0033082800   -0.0077007800   -0.0822626700
   0.0061591100   -0.0262929200   -0.0821778800
  -0.0034131500   -0.0207435200   -0.0847579700
   0.0052221700   -0.0095247800   -0.0767076000

65   
 -0.0049917387288788   0.0086650184340607   0.0000000000000000
   0.0000537900    0.0098706100    0.0016388300
  -0.0013056300    0.0086190900    0.0015256100
  -0.0044490800    0.0072338600    0.0046279600
   0.0005028600    0.0092630100   -0.0008106900
   0.0002630200    0.0053302500   -0.0000308200
  -0.0000613600    0.0052656400    0.0002340900
   0.0001004100    0.0053104300    0.0005140500
   0.0002180800    0.0052829900   -0.0001548900
  -0.0000627400   -0.0055259800   -0.0007625600
  -0.0002684300   -0.0055634100    0.0000567500
  -0.0001894400   -0.0052766700   -0.0002649400
  -0.0003964900   -0.0053958200   -0.0002411100
  -0.0000223800    0.0013210600   -0.0047421700
  -0.0012414000   -0.0035932500    0.0026436700
   0.0000814000   -0.0041016000    0.0005633300
  -0.0014272300   -0.0063885500   -0.0024337300
   0.0001850800    0.0196466400   -0.0013406000
  -0.0127848900    0.0086687800    0.0038607800
  -0.0004472200   -0.0004539200   -0.0000586300
  -0.0009732500    0.0013536900   -0.0001525000
  -0.0000573000    0.0001394800    0.0003624300
   0.0002410100   -0.0001005500   -0.0003776900
  -0.0000668800   -0.0000559300   -0.0000261600
  -0.0000698000   -0.0000811800   -0.0000980800
   0.0052210200    0.0205137300    0.0099838400
   0.0042125000    0.0176909900   -0.0072265700
   0.0104454100    0.0048616000   -0.0001817500
   0.0106926000    0.0044468600    0.0000725200
   0.0106277300    0.0053185400    0.0001505300
   0.0107096600    0.0051168900   -0.0001478800
   0.0106303000    0.0049844500   -0.0002376000
   0.0108584200    0.0049990900   -0.0000081600
  -0.0103198800    0.0115622500    0.0023703600
  -0.0133533200    0.0069895900   -0.0010954700
  -0.0090568500    0.0124629100   -0.0049776600
  -0.0133657100    0.0066652200    0.0010584700
  -0.0107028100    0.0053044100   -0.0001244900
  -0.0106836500    0.0051775900   -0.0003337800
  -0.0106976400    0.0052764700   -0.0001592300
  -0.0108072100    0.0049408600    0.0001980300
   0.0002165100    0.0012185800    0.0024268200
  -0.0012416400    0.0006281500   -0.0027320600
   0.0005495300   -0.0008082600    0.0004231700
  -0.0000611500    0.0000317300    0.0001209100
  -0.0003024500   -0.0002603500    0.0021058500
   0.0001018700    0.0003148700   -0.0017369100
   0.0001025100    0.0004705200   -0.0000460800
  -0.0000413200   -0.0000668600   -0.0002775200
   0.0109517300   -0.0051252800   -0.0000457300
   0.0108363700   -0.0052841200    0.0002481400
   0.0105575900   -0.0052300300    0.0004599300
   0.0109182900   -0.0051060800    0.0001381300
   0.0098844600   -0.0034622500   -0.0020636300
   0.0045879800   -0.0007954500    0.0066830400
   0.0097419200   -0.0048792300   -0.0004843900
   0.0119090700   -0.0046093900    0.0014163000
  -0.0108828300   -0.0050536800    0.0000003300
  -0.0104542600   -0.0052206400    0.0002527900
  -0.0106137000   -0.0052512500   -0.0001003200
  -0.0110007600   -0.0046900600    0.0000176600
  -0.0104680800   -0.0037075400   -0.0015933900
  -0.0117414300   -0.0046704500    0.0015114100
  -0.0107589900   -0.0053329300   -0.0007853400
  -0.0117968700   -0.0035129900   -0.0001759300
   0.0706658900   -0.1317703800    0.0712536500
  -0.0096993700    0.0350352000    0.0798714300
   0.0050957200    0.0265164800    0.0796718600
  -0.0088695800    0.0191083500    0.0806606400
  -0.0013914500    0.0209045800    0.0808135600
  -0.0004670300    0.0197394800    0.0813835800
  -0.0003841200    0.0197004300    0.0805603700
  -0.0006501500    0.0197828000    0.0814440900
  -0.0048551400    0.0236377400   -0.0812042500
   0.0040535400    0.0083465800   -0.0802257300
  -0.0030228100    0.0124213700   -0.0811676300
   0.0025448200    0.0161215800   -0.0800118200
   0.0007146000    0.0103044000   -0.0807837300
  -0.0000407700    0.0143098500   -0.0805378900
   0.0001752000    0.0141892400   -0.0797276700
  -0.0010611900    0.0140937200   -0.0818316800
  -0.0009504400   -0.0124081600    0.0805717400
   0.0013266600   -0.0140666000    0.0809161100
  -0.0020504400   -0.0120409600    0.0846618000
  -0.0007158600   -0.0109235000    0.0764994100
  -0.0009427000   -0.0124051800    0.0803815900
   0.0013817800   -0.0140507600    0.0810342500
  -0.0021124900   -0.0120700500    0.0791623200
  -0.0007290700   -0.0109065100    0.0833892500
   0.0003838600   -0.0196105500   -0.0805946500
   0.0004674800   -0.0197536600   -0.0814462600
   0.0020899100   -0.0206791600   -0.0824766100
   0.0005033200   -0.0208409700   -0.0795884200
   0.0031466800   -0.0257370900   -0.0797631500
  -0.0059787100   -0.0070202600   -0.0798898500
   0.0031664600   -0.0122631800   -0.0772965600
  -0.0050216200   -0.0243419200   -0.0853670200

65   
  0.0000000000000000   0.0000000000000000   0.0100000000000000
  -0.0000000000    0.0078121100    0.0006095900
   0.0045690400    0.0075837100    0.0022019800
  -0.0045690400    0.0075837100    0.0022019800
  -0.0000000000    0.0040895200    0.0009827500
  -0.0000000000    0.0049614300    0.0003857900
   0.0004354500    0.0046373900    0.0000029400
  -0.0004354500    0.0046373900    0.0000029400
  -0.0000000000    0.0051607600   -0.0002061600
  -0.0000000000   -0.0034282200    0.0012628900
   0.0002705300   -0.0049839800   -0.0002534500
  -0.0002705300   -0.0049839800   -0.0002534500
  -0.0000000000   -0.0049050200    0.0001048700
  -0.0000000000   -0.0056132000    0.0078289900
  -0.0013209600   -0.0031854500    0.0016305900
   0.0013209600   -0.0031854500    0.0016305900
  -0.0000000000   -0.0054162500    0.0010622700
  -0.0000000000   -0.0067374500    0.0023930800
  -0.0027390400    0.0019351500    0.0033731700
   0.0027390400    0.0019351500    0.0033731700
  -0.0000000000    0.0001342500   -0.0008602200
  -0.0000000000    0.0000751600   -0.0002283200
  -0.0000211300    0.0000594400    0.0000302000
   0.0000211300    0.0000594400    0.0000302000
  -0.0000000000   -0.0002403700   -0.0004196300
   0.0046801300    0.0147839800    0.0060437600
   0.0136215500   -0.0047090100    0.0053311200
   0.0094115300    0.0042259400    0.0001979400
   0.0116314200    0.0059674700    0.0005433700
   0.0105839000    0.0056629500    0.0000481500
   0.0114266900    0.0049713300   -0.0000920400
   0.0107899800    0.0052888800    0.0000031800
   0.0109144100    0.0050277300    0.0000198000
  -0.0046801300    0.0147839800    0.0060437600
  -0.0094115300    0.0042259400    0.0001979400
  -0.0136215500   -0.0047090100    0.0053311200
  -0.0116314200    0.0059674700    0.0005433700
  -0.0105839000    0.0056629500    0.0000481500
  -0.0107899800    0.0052888800    0.0000031800
  -0.0114266900    0.0049713300   -0.0000920400
  -0.0109144100    0.0050277300    0.0000198000
  -0.0000000000    0.0016235000    0.0027559800
   0.0013746300   -0.0009140100    0.0026611000
  -0.0013746300   -0.0009140100    0.0026611000
  -0.0000000000    0.0000368700   -0.0000895100
  -0.0000000000    0.0016230700   -0.0024922600
   0.0009401000   -0.0003906500   -0.0019763800
  -0.0009401000   -0.0003906500   -0.0019763800
  -0.0000000000   -0.0001616200   -0.0004765900
   0.0110799900   -0.0049403700   -0.0001331000
   0.0120556100   -0.0055513000    0.0008762400
   0.0107983100   -0.0053766300   -0.0000750800
   0.0108171400   -0.0052279300    0.0000788600
   0.0119278500   -0.0072028700    0.0011162000
   0.0048416600   -0.0001740700    0.0156627400
   0.0125525000   -0.0050583200    0.0012648300
   0.0107949000   -0.0052844000    0.0005405100
  -0.0110799900   -0.0049403700   -0.0001331000
  -0.0107983100   -0.0053766300   -0.0000750800
  -0.0120556100   -0.0055513000    0.0008762400
  -0.0108171400   -0.0052279300    0.0000788600
  -0.0119278500   -0.0072028700    0.0011162000
  -0.0125525000   -0.0050583200    0.0012648300
  -0.0048416600   -0.0001740700    0.0156627400
  -0.0107949000   -0.0052844000    0.0005405100
  -0.0000000000    0.0059958000   -0.0737824800
  -0.0002535600    0.0154506700    0.0786255500
   0.0002535600    0.0154506700    0.0786255500
  -0.0000000000    0.0164492700    0.0785816200
  -0.0000000000    0.0166026800    0.0767762000
  -0.0007878900    0.0168329600    0.0823888000
   0.0007878900    0.0168329600    0.0823888000
  -0.0000000000    0.0173717600    0.0817183200
  -0.0000000000    0.0171935200   -0.0796544900
   0.0009391900    0.0164699200   -0.0829802200
  -0.0009391900    0.0164699200   -0.0829802200
  -0.0000000000    0.0157082700   -0.0839613500
  -0.0000000000    0.0166172200   -0.0739995800
  -0.0007947000    0.0158482800   -0.0831716500
   0.0007947000    0.0158482800   -0.0831716500
  -0.0000000000    0.0177876400   -0.0828602300
  -0.0000000000   -0.0160888900    0.0826895000
   0.0019196100   -0.0158012600    0.0858928100
  -0.0019196100   -0.0158012600    0.0858928100
  -0.0000000000   -0.0197150200    0.0869055400
  -0.0000000000   -0.0163456200    0.0827676600
  -0.0037349700   -0.0189154800    0.0858387600
   0.0037349700   -0.0189154800    0.0858387600
  -0.0000000000   -0.0116901000    0.0868322900
  -0.0000000000   -0.0163908800   -0.0818913900
  -0.0009833600   -0.0179684700   -0.0802440400
   0.0009833600   -0.0179684700   -0.0802440400
  -0.0000000000   -0.0152158300   -0.0808162800
  -0.0000000000   -0.0154810400   -0.0758663500
   0.0026693200   -0.0139817400   -0.0678562700
  -0.0026693200   -0.0139817400   -0.0678562700
  -0.0000000000   -0.0219730200   -0.0712332300

65   
  0.0000000000000000   0.0000000000000000  -0.0100000000000000
  -0.0000000000    0.0027514700   -0.0005818600
  -0.0042252300    0.0030247000   -0.0020472800
   0.0042252300    0.0030247000   -0.0020472800
  -0.0000000000    0.0065820000   -0.0010142800
  -0.0000000000    0.0056466800   -0.0003848800
  -0.0004106600    0.0059576900   -0.0000057400
   0.0004106600    0.0059576900   -0.0000057400
  -0.0000000000    0.0053919500    0.0002404400
  -0.0000000000   -0.0071224300   -0.0012529200
  -0.0002847800   -0.0056072000    0.0002535900
   0.0002847800   -0.0056072000    0.0002535900
  -0.0000000000   -0.0056927000   -0.0000744300
  -0.0000000000   -0.0047235800   -0.0085348900
   0.0013151500   -0.0074561200   -0.0016531000
  -0.0013151500   -0.0074561200   -0.0016531000
  -0.0000000000   -0.0051812700   -0.0010772300
  -0.0000000000    0.0066494100   -0.0023229400
   0.0026637900   -0.0018965800   -0.0033101200
  -0.0026637900   -0.0018965800   -0.0033101200
  -0.0000000000   -0.0001340600    0.0008488400
  -0.0000000000   -0.0000604500    0.0002198900
   0.0000278500   -0.0000485700   -0.0000295600
  -0.0000278500   -0.0000485700   -0.0000295600
  -0.0000000000    0.0002209600    0.0004462200
   0.0166006000   -0.0042219300   -0.0059635800
   0.0079306700    0.0147271800   -0.0052407400
   0.0119939300    0.0060451300   -0.0001771200
   0.0097924300    0.0042686200   -0.0005569200
   0.0108586600    0.0046136200   -0.0000324800
   0.0100099400    0.0052875400    0.0000923500
   0.0105724800    0.0050289000   -0.0000115200
   0.0105653100    0.0052473900   -0.0000206200
  -0.0166006000   -0.0042219300   -0.0059635800
  -0.0119939300    0.0060451300   -0.0001771200
  -0.0079306700    0.0147271800   -0.0052407400
  -0.0097924300    0.0042686200   -0.0005569200
  -0.0108586600    0.0046136200   -0.0000324800
  -0.0105724800    0.0050289000   -0.0000115200
  -0.0100099400    0.0052875400    0.0000923500
  -0.0105653100    0.0052473900   -0.0000206200
  -0.0000000000   -0.0016022700   -0.0027862300
  -0.0013639800    0.0009017200   -0.0026691300
   0.0013639800    0.0009017200   -0.0026691300
  -0.0000000000   -0.0000280400    0.0000992200
  -0.0000000000   -0.0016428600    0.0025249900
  -0.0009519100    0.0004006800    0.0019993900
   0.0009519100    0.0004006800    0.0019993900
  -0.0000000000    0.0001592600    0.0004587100
   0.0103730700   -0.0053501000    0.0001505100
   0.0094019200   -0.0047238300   -0.0008427700
   0.0106027100   -0.0049187500    0.0001058400
   0.0106123700   -0.0050528700   -0.0000992300
   0.0094995400   -0.0030486700   -0.0011451000
   0.0168857300   -0.0102827300   -0.0164330500
   0.0088427700   -0.0052156900   -0.0012941000
   0.0106312300   -0.0050107800   -0.0005204200
  -0.0103730700   -0.0053501000    0.0001505100
  -0.0106027100   -0.0049187500    0.0001058400
  -0.0094019200   -0.0047238300   -0.0008427700
  -0.0106123700   -0.0050528700   -0.0000992300
  -0.0094995400   -0.0030486700   -0.0011451000
  -0.0088427700   -0.0052156900   -0.0012941000
  -0.0168857300   -0.0102827300   -0.0164330500
  -0.0106312300   -0.0050107800   -0.0005204200
  -0.0000000000    0.0277264500    0.2369671000
   0.0002471200    0.0183475600    0.0833567200
  -0.0002471200    0.0183475600    0.0833567200
  -0.0000000000    0.0173542500    0.0833597400
  -0.0000000000    0.0171989900    0.0853561300
   0.0008607400    0.0169479800    0.0795084300
  -0.0008607400    0.0169479800    0.0795084300
  -0.0000000000    0.0163940900    0.0799993700
  -0.0000000000    0.0165416600   -0.0815341500
  -0.0009916600    0.0172977700   -0.0790126800
   0.0009916600    0.0172977700   -0.0790126800
  -0.0000000000    0.0180808300   -0.0779503800
  -0.0000000000    0.0172481600   -0.0880705700
   0.0007745500    0.0179255200   -0.0787632000
  -0.0007745500    0.0179255200   -0.0787632000
  -0.0000000000    0.0159097300   -0.0789340600
  -0.0000000000   -0.0175950400    0.0790984900
  -0.0018685600   -0.0178899000    0.0760927000
   0.0018685600   -0.0178899000    0.0760927000
  -0.0000000000   -0.0142843500    0.0750690800
  -0.0000000000   -0.0174510800    0.0791750300
   0.0037362500   -0.0148488900    0.0760349100
  -0.0037362500   -0.0148488900    0.0760349100
  -0.0000000000   -0.0220969600    0.0750028900
  -0.0000000000   -0.0174218600   -0.0797798300
   0.0010522200   -0.0158264900   -0.0817089700
  -0.0010522200   -0.0158264900   -0.0817089700
  -0.0000000000   -0.0185260300   -0.0812404300
  -0.0000000000   -0.0183460800   -0.0860892800
  -0.0025133400   -0.0196105500   -0.0942854300
   0.0025133400   -0.0196105500   -0.0942854300
  -0.0000000000   -0.0119715100   -0.0907809500
