80   
10   

1    
  0.0016172226064751  -0.0053087905997427   0.0083187338825803
  -0.0141501500    0.0516315700   -0.0828361700
   0.0001801500   -0.0006079600   -0.0001484600
  -0.0002451200   -0.0004774500   -0.0001493000
  -0.0009363200   -0.0003779800   -0.0001425700
   0.0000574900   -0.0003816300    0.0000969800
   0.0000117200   -0.0004294800    0.0000200800
  -0.0000011800   -0.0004235600    0.0000193200
  -0.0000130600   -0.0004617600    0.0000634600
   0.0000267300    0.0005868300   -0.0002212000
   0.0002651200    0.0002222500    0.0001660000
  -0.0003082500    0.0002832800    0.0000926000
  -0.0000134800    0.0002962700   -0.0000708800
   0.0000252500    0.0004223000   -0.0001038600
  -0.0001026400    0.0004526900   -0.0000545100
   0.0000605600    0.0005157100    0.0000179500
  -0.0000119500    0.0004749200   -0.0001716400
  -0.0001944100   -0.0005739800    0.0002797800
   0.0000114900    0.0006163600   -0.0003385400
   0.0004858000    0.0029971300    0.0000567900
   0.0003616100   -0.0002698200    0.0003448200
   0.0000220100   -0.0000050400    0.0001686000
  -0.0000001900    0.0000402100    0.0002321500
  -0.0000258500    0.0000119800    0.0001446500
  -0.0000215500    0.0000080200    0.0001144800
   0.0005522300   -0.0003798300   -0.0002319700
   0.0000121700   -0.0046009500    0.0047287600
   0.0004986400   -0.0047290200    0.0004116700
  -0.0003789400   -0.0000676000   -0.0002926900
  -0.0000767800    0.0000824200   -0.0000607300
   0.0000013200   -0.0000859500    0.0002341900
  -0.0000272800   -0.0000045200    0.0000861800
   0.0000769600    0.0000939100   -0.0000087500
  -0.0000185600    0.0013502700    0.0069464400
  -0.0018869100    0.0042165600    0.0098933800
   0.0054515100    0.0069279200    0.0135634200
   0.0000037500    0.0012524700    0.0072520100
  -0.0000251500    0.0020880800    0.0068702300
  -0.0002237000    0.0020310600    0.0069636200
   0.0001848500    0.0020303800    0.0068232000
   0.0000052200    0.0021039400    0.0069507300
  -0.0000830200    0.0117188200    0.0022896600
  -0.0062608500    0.0024467800    0.0022606000
   0.0122743400   -0.0039962700    0.0022696200
   0.0001701200    0.0156788900   -0.0000414500
   0.0000107100    0.0114886900    0.0000004300
  -0.0000170300    0.0115366000   -0.0003440400
   0.0000044800    0.0116053200   -0.0003411300
   0.0000259800    0.0116341400   -0.0000566900
  -0.0000172700    0.0018053500   -0.0066894400
   0.0152851200   -0.0117341300    0.0124547100
  -0.0115479700   -0.0088572600    0.0085923800
   0.0000050600    0.0022233900   -0.0067997400
  -0.0000250300    0.0018608400   -0.0070614700
   0.0001679400    0.0020232500   -0.0068574900
  -0.0002063800    0.0020251000   -0.0067191700
   0.0000052200    0.0019870000   -0.0071558800
  -0.0000531400    0.0026960100    0.0141279900
   0.0000968900   -0.0017402400    0.0067160000
  -0.0000965300   -0.0017575500    0.0066842200
   0.0003836200   -0.0017244500    0.0071066800
   0.0000278900   -0.0013975900    0.0088378500
   0.0000228800   -0.0020701800    0.0067778400
   0.0000141600   -0.0020509100    0.0069086200
  -0.0000013800   -0.0019639300    0.0066908800
  -0.0000852300   -0.0116277000    0.0005964500
  -0.0005213200   -0.0110187500    0.0002296000
   0.0003890400   -0.0110537000    0.0004915100
   0.0001054300   -0.0115821600   -0.0007017200
  -0.0000827800   -0.0114101600    0.0003597600
   0.0004355200   -0.0122144000    0.0009204600
  -0.0005671800   -0.0122491800    0.0006592800
   0.0001063800   -0.0113197500   -0.0000844100
   0.0000285600   -0.0022653900   -0.0058717200
   0.0001168100   -0.0020992000   -0.0070105200
  -0.0000795900   -0.0020804300   -0.0071425100
  -0.0000015900   -0.0020145500   -0.0069325600
  -0.0000448800   -0.0122993600    0.0063707000
  -0.0005939900   -0.0022054100   -0.0066883200
   0.0005934500   -0.0022234700   -0.0066572700
   0.0003824700   -0.0026340600   -0.0058999200

1    
 -0.0016172226064751   0.0053087905997427  -0.0083187338825803
   0.0141834600   -0.0522071700    0.0822261000
  -0.0001827800   -0.0000752200    0.0001462700
   0.0002476600   -0.0002061900    0.0001458900
   0.0009293100   -0.0002852400    0.0001360300
  -0.0000533500   -0.0002935200   -0.0000992100
  -0.0000124400   -0.0002412100   -0.0000190000
   0.0000011000   -0.0002439200   -0.0000188500
   0.0000081300   -0.0002137100   -0.0000613400
  -0.0000204600    0.0000893400    0.0002276300
  -0.0002622600    0.0004444000   -0.0001527300
   0.0003051100    0.0003833600   -0.0000822700
   0.0000068800    0.0003811800    0.0000804800
  -0.0000211900    0.0002705900    0.0001021500
   0.0001137300    0.0002175800    0.0000565100
  -0.0000697400    0.0001589000   -0.0000153500
   0.0000076500    0.0002167500    0.0001756800
   0.0001910300    0.0005833600   -0.0002886400
  -0.0000128100   -0.0005951400    0.0003682400
  -0.0004924000   -0.0029861300   -0.0000704800
  -0.0003673700    0.0002631100   -0.0003438300
  -0.0000150300    0.0000097200   -0.0001650000
  -0.0000024800   -0.0000373500   -0.0002373900
   0.0000283000   -0.0000129500   -0.0001496700
   0.0000163400   -0.0000050900   -0.0001106800
  -0.0005517200    0.0003728700    0.0002424100
  -0.0000133900    0.0045379700   -0.0046762000
  -0.0004783900    0.0047036500   -0.0004100400
   0.0003840700    0.0000628300    0.0003020400
   0.0000701100   -0.0000944300    0.0000571000
  -0.0000015100    0.0000838000   -0.0002343900
   0.0000278200    0.0000052200   -0.0000871300
  -0.0000702200   -0.0001050200    0.0000059800
   0.0000127900    0.0026709300    0.0064728500
   0.0018064300   -0.0001483300    0.0036745300
  -0.0054686600   -0.0029628300   -0.0000895100
   0.0000034600    0.0027862600    0.0061656900
   0.0000260400    0.0019335700    0.0065560200
   0.0002203900    0.0019893900    0.0064595900
  -0.0001818000    0.0019908200    0.0065948700
  -0.0000056000    0.0019214100    0.0064749800
   0.0000840500    0.0111631900   -0.0022771200
   0.0062371200    0.0203890700   -0.0022295800
  -0.0124391300    0.0270541200   -0.0022193900
  -0.0001670000    0.0071449300    0.0000447800
  -0.0000101100    0.0113795100   -0.0000005900
   0.0000181100    0.0113248400    0.0003473600
  -0.0000045000    0.0112535800    0.0003506500
  -0.0000261700    0.0112340600    0.0000560900
   0.0000121800    0.0021757800   -0.0067212700
  -0.0146814300    0.0152988800   -0.0252781400
   0.0111885400    0.0126468600   -0.0217018200
   0.0000074200    0.0017531900   -0.0066356200
   0.0000264600    0.0021481400   -0.0063607200
  -0.0001705500    0.0019910900   -0.0065630400
   0.0002094600    0.0019927900   -0.0066999400
  -0.0000051300    0.0020325700   -0.0062625800
   0.0000379000   -0.0065677000   -0.0004784500
  -0.0001096200   -0.0022687800    0.0067032000
   0.0001100900   -0.0022466900    0.0067333800
  -0.0003758700   -0.0022817400    0.0062917400
  -0.0000286400   -0.0026351900    0.0045569900
  -0.0000266200   -0.0019389300    0.0066436700
  -0.0000110000   -0.0019547900    0.0065125000
   0.0000013300   -0.0020552800    0.0067193800
   0.0000818300   -0.0112467600   -0.0005950300
   0.0005161100   -0.0118489300   -0.0002526700
  -0.0003852100   -0.0118154500   -0.0005075900
  -0.0001082700   -0.0112732900    0.0006880500
   0.0000836800   -0.0114685100   -0.0003726900
  -0.0004557100   -0.0106416700   -0.0009202500
   0.0005869600   -0.0106082000   -0.0006642600
  -0.0001068800   -0.0115567600    0.0000707100
  -0.0000267100   -0.0017577100   -0.0075416400
  -0.0001177300   -0.0019168500   -0.0064075800
   0.0000799000   -0.0019329600   -0.0062786100
   0.0000002000   -0.0020181500   -0.0064865500
   0.0000488800    0.0087022800   -0.0205743400
   0.0005880800   -0.0018171300   -0.0067450200
  -0.0005883900   -0.0017956800   -0.0067766200
  -0.0003798300   -0.0014012900   -0.0075267300

17   
  0.0029140959433242  -0.0095659837357745   0.0000000000000000
   0.0010826000   -0.0009823200    0.0000062900
   0.0000258200   -0.0039227100   -0.0029556700
   0.0008721300   -0.0019080900   -0.0044187800
  -0.0007738200   -0.0008789400    0.0002562000
   0.0000393400   -0.0002458600    0.0000651700
   0.0000021500   -0.0004140100   -0.0000739900
  -0.0000479200   -0.0003631700   -0.0000133100
  -0.0000382000   -0.0002784200    0.0000321500
  -0.0000270800    0.0004162200    0.0000444100
  -0.0000511700    0.0003600100   -0.0000037700
   0.0000030300    0.0003100300   -0.0000622900
   0.0000262700    0.0004468400    0.0000735400
  -0.0007494800   -0.0001607000    0.0002348800
   0.0008881600   -0.0012072000   -0.0044464700
   0.0000201000   -0.0032319000   -0.0029958800
   0.0010557500   -0.0002660500   -0.0000393200
  -0.0532947300    0.1680302100   -0.0159808600
   0.0003925900    0.0001229200   -0.0006050200
  -0.0007416600    0.0004670900   -0.0004666300
   0.0062543400    0.0070637400    0.0025587100
   0.0000855800   -0.0004835600    0.0000203400
   0.0000809600    0.0000309200    0.0000183300
  -0.0002493100    0.0001288800    0.0000300400
   0.0000443500    0.0009305800   -0.0005006200
  -0.0001612200    0.0031971400    0.0027184300
   0.0001141500   -0.0001000800    0.0000553200
  -0.0005214200    0.0000947500    0.0000579500
   0.0000072900    0.0000102000   -0.0001923400
  -0.0001553400    0.0031584200    0.0027633300
   0.0001163700   -0.0001080600    0.0000572400
  -0.0005213600    0.0000818400    0.0000555900
   0.0000098600    0.0000133100   -0.0001680800
  -0.0125784500   -0.0198934000    0.0011980900
   0.0007674000   -0.0021351500    0.0105128700
   0.0006056300   -0.0038414100    0.0066290600
   0.0300033900   -0.0340790700   -0.0023000700
   0.0001545300    0.0020551200    0.0067430100
   0.0000244400    0.0018851100    0.0069369000
  -0.0000109900    0.0018297000    0.0065358000
  -0.0002338900    0.0020739000    0.0066769900
  -0.0006301500    0.0107683600    0.0003937600
   0.0019313100    0.0082971100   -0.0004804100
   0.0005872300    0.0021445500    0.0211251800
   0.0007172100    0.0105829000    0.0002515700
  -0.0000035400    0.0114041800    0.0000147400
  -0.0000413800    0.0108874600    0.0002018400
  -0.0001007500    0.0117533300   -0.0000394700
   0.0000144800    0.0114586900   -0.0000252700
   0.0004005500    0.0014422100   -0.0069148200
   0.0001661500    0.0025546600   -0.0065435600
   0.0000643900    0.0015923900   -0.0066372800
   0.0000659300    0.0014047100   -0.0064345300
  -0.0000215500    0.0016793100   -0.0059501000
   0.0003398100    0.0017971700   -0.0066781600
   0.0001004500    0.0020204700   -0.0068957100
   0.0000653700    0.0016456400   -0.0057114900
   0.0000931100   -0.0023433000    0.0077567000
   0.0000985100   -0.0019958600    0.0065313300
   0.0003379200   -0.0022336700    0.0067784800
  -0.0000302300   -0.0022995700    0.0074919000
   0.0000699800   -0.0025816100    0.0070120300
   0.0000543100   -0.0024298300    0.0068438100
   0.0001695000   -0.0014906600    0.0069316000
   0.0003878800   -0.0025509500    0.0065266900
   0.0000145100   -0.0114412000    0.0000069500
  -0.0001071500   -0.0111870800   -0.0000519600
  -0.0000466200   -0.0120562500    0.0002230300
  -0.0000009200   -0.0114960500    0.0000427800
   0.0007225500   -0.0123327700    0.0002671500
   0.0006406400   -0.0206777800    0.0205046900
   0.0019160700   -0.0146948600   -0.0005088500
  -0.0006414200   -0.0121364700    0.0004101900
  -0.0002023700   -0.0018864800   -0.0067901400
  -0.0000142900   -0.0021755800   -0.0069028800
   0.0000240500   -0.0021346400   -0.0065109900
   0.0001204000   -0.0019046000   -0.0067123900
   0.0320584000   -0.0397377400   -0.0163515000
   0.0006001300   -0.0076554500   -0.0068379300
   0.0007441400   -0.0059695600   -0.0029698100
  -0.0131848200   -0.0242280400   -0.0124247900

17   
  0.0000000000000000   0.0000000000000000   0.0100000000000000
  -0.0001781400   -0.0009153100    0.0000225900
   0.0000000000    0.0044052200    0.0026194200
   0.0000000000   -0.0000331300    0.0002796800
   0.0001781400   -0.0009153100    0.0000225900
   0.0001530100   -0.0004922800    0.0000643000
   0.0000000000   -0.0003673200    0.0002818200
   0.0000000000   -0.0004160100    0.0001394500
  -0.0001530100   -0.0004922800    0.0000643000
  -0.0001546700    0.0001957000    0.0000658100
   0.0000000000    0.0002726400    0.0001463000
   0.0000000000    0.0003271600    0.0002886400
   0.0001546700    0.0001957000    0.0000658100
   0.0002046500   -0.0001766100    0.0000253700
   0.0000000000    0.0006595000    0.0002914400
   0.0000000000    0.0050831200    0.0026080000
  -0.0002046500   -0.0001766100    0.0000253700
   0.0000000000    0.0167569000   -0.2059225600
  -0.0002245300    0.0005852300   -0.0003433900
   0.0002245300    0.0005852300   -0.0003433900
   0.0000000000   -0.0026841300    0.0025625100
   0.0000000000   -0.0000349900    0.0012841900
  -0.0000130900   -0.0000291100    0.0005169600
   0.0000130900   -0.0000291100    0.0005169600
   0.0000000000    0.0004989400   -0.0018277200
   0.0000000000    0.0029190800    0.0114628500
   0.0000155000    0.0000710300   -0.0000511500
  -0.0000155000    0.0000710300   -0.0000511500
   0.0000000000   -0.0002041100   -0.0011858900
   0.0000000000    0.0028039400    0.0112176100
   0.0000118500    0.0000671800   -0.0000482500
  -0.0000118500    0.0000671800   -0.0000482500
   0.0000000000   -0.0001979600   -0.0011437900
   0.0078549600    0.0129717600    0.0079691600
   0.0000000000    0.0045412900    0.0058808400
   0.0000000000   -0.0023941400    0.0067607500
  -0.0078549600    0.0129717600    0.0079691600
   0.0005068100    0.0017195200    0.0061552200
   0.0000000000    0.0022356000    0.0065796800
   0.0000000000    0.0022782200    0.0068421400
  -0.0005068100    0.0017195200    0.0061552200
   0.0000463000    0.0116105000    0.0002601800
   0.0000000000    0.0114932500    0.0038721300
   0.0000000000   -0.0209071800    0.0817136900
  -0.0000463000    0.0116105000    0.0002601800
  -0.0000804000    0.0114930100   -0.0005133400
   0.0000000000    0.0113589900    0.0012433000
   0.0000000000    0.0122671500   -0.0010436600
   0.0000804000    0.0114930100   -0.0005133400
  -0.0008664000    0.0008070800   -0.0072618600
   0.0000000000    0.0010146400   -0.0062862100
   0.0000000000    0.0018695000   -0.0068596100
   0.0008664000    0.0008070800   -0.0072618600
  -0.0012119000    0.0021075100   -0.0044110200
   0.0000000000    0.0019606800   -0.0068555400
   0.0000000000    0.0020918300   -0.0060628600
   0.0012119000    0.0021075100   -0.0044110200
   0.0012172500   -0.0018897200    0.0090520400
   0.0000000000   -0.0019230300    0.0073793000
   0.0000000000   -0.0020636400    0.0065863100
  -0.0012172500   -0.0018897200    0.0090520400
   0.0008987500   -0.0032089300    0.0061667700
   0.0000000000   -0.0021113000    0.0066149900
   0.0000000000   -0.0029906900    0.0071499400
  -0.0008987500   -0.0032089300    0.0061667700
   0.0000931900   -0.0114231100   -0.0004908800
   0.0000000000   -0.0106302700   -0.0009753400
   0.0000000000   -0.0115738800    0.0012624000
  -0.0000931900   -0.0114231100   -0.0004908800
  -0.0000422600   -0.0112859800    0.0002408400
   0.0000000000   -0.0423735700    0.0777852000
   0.0000000000   -0.0114343200    0.0038635800
   0.0000422600   -0.0112859800    0.0002408400
  -0.0004920000   -0.0023019700   -0.0073001500
   0.0000000000   -0.0017852800   -0.0065996600
   0.0000000000   -0.0018223800   -0.0068605600
   0.0004920000   -0.0023019700   -0.0073001500
  -0.0074910700    0.0086202700   -0.0055361000
   0.0000000000   -0.0063624600   -0.0067021500
   0.0000000000    0.0004205800   -0.0075568100
   0.0074910700    0.0086202700   -0.0055361000

33   
  0.0029140959433242  -0.0095659837357745   0.0000000000000000
  -0.0000330800   -0.0011353000    0.0002987100
   0.0112593500   -0.0105886900   -0.0117703700
  -0.0048809200   -0.0054625300   -0.0060611000
   0.0000115500   -0.0008407400    0.0005932900
  -0.0000509100   -0.0003914200   -0.0001224200
  -0.0000361800   -0.0003092200   -0.0000694700
  -0.0000335600   -0.0003172100    0.0000664000
   0.0000146900   -0.0002694500   -0.0000591800
   0.0000484300    0.0006667200    0.0004977100
   0.0000878400    0.0001846700    0.0000236000
  -0.0000228300    0.0002402700   -0.0000082500
  -0.0000026400    0.0003836900    0.0000287500
  -0.0000720200   -0.0049195600    0.0085905200
  -0.0000509200    0.0005328200    0.0001306100
   0.0000471100    0.0002547600    0.0003755200
   0.0006767800    0.0000211200    0.0004990700
  -0.0155701800   -0.0229475200   -0.0081691100
   0.0007229700   -0.0040579100   -0.0023826800
   0.0006019600   -0.0056789100    0.0041944300
   0.0346513500   -0.0371258200   -0.0129261800
  -0.0000135700    0.0000362000    0.0004236300
   0.0000281600   -0.0001259500   -0.0001997400
  -0.0000124500   -0.0001663200   -0.0002359000
  -0.0000667300    0.0001491800    0.0001206800
   0.0001695400   -0.0006474500   -0.0008860800
   0.0001690700    0.0005239100   -0.0009620700
   0.0000621400   -0.0004339400   -0.0000893800
   0.0002869900   -0.0005506200   -0.0014022900
  -0.0000364900   -0.0002921000    0.0004699500
   0.0003420700   -0.0002131500   -0.0000670400
   0.0001007800    0.0000162600    0.0000856300
   0.0000894200   -0.0003246700   -0.0002391700
  -0.0488088900    0.1521409100    0.0357118700
   0.0007878400   -0.0013660500    0.0063595600
   0.0002122300   -0.0012253800    0.0062231100
   0.0155654200    0.0055444300    0.0066808200
   0.0002357400    0.0010803600    0.0063215200
   0.0001571300    0.0021827400    0.0071423400
   0.0001811700    0.0021767200    0.0070569100
   0.0000765800    0.0017108500    0.0065050100
   0.0004164700    0.0151072100    0.0017546600
   0.0056786700    0.0018042300    0.0177972500
  -0.0026401400    0.0067876900    0.0108394000
   0.0005560600    0.0084832300    0.0033439900
   0.0000183600    0.0119414300    0.0000510100
   0.0003421200    0.0113498000    0.0005452100
  -0.0002448800    0.0112486900    0.0005028300
  -0.0000380600    0.0119674300    0.0000437100
   0.0007029800   -0.0026834700   -0.0053446300
   0.0003960900    0.0020052600   -0.0065563200
  -0.0010852200    0.0024666400   -0.0067383100
   0.0003765100    0.0014538700   -0.0071624900
  -0.0000120400    0.0016502800   -0.0069802500
   0.0001474000    0.0021609000   -0.0064987800
  -0.0004809500    0.0023596500   -0.0067164300
   0.0002352600    0.0026008100   -0.0068022700
   0.0000041700   -0.0026245200    0.0046682700
   0.0001603100   -0.0034689800    0.0058655800
  -0.0002289200   -0.0032816900    0.0057333800
   0.0000050800   -0.0020836200    0.0074064500
  -0.0000005200   -0.0026567900    0.0067292100
   0.0002770200   -0.0034103200    0.0087063600
  -0.0003401800   -0.0033053100    0.0078109700
   0.0000084200   -0.0020862500    0.0048966900
  -0.0000490600   -0.0120147200   -0.0003789600
   0.0002480600   -0.0111259800   -0.0005396900
  -0.0004007100   -0.0111751900   -0.0000665600
  -0.0000813000   -0.0115267900   -0.0002278400
   0.0000397600   -0.0107997000   -0.0005962900
  -0.0016216500   -0.0118666000   -0.0060394900
   0.0054342400   -0.0139558500   -0.0135261000
  -0.0001214200   -0.0112838900   -0.0002801200
   0.0000303400   -0.0013019400   -0.0068565900
   0.0000551600   -0.0016705000   -0.0069610000
  -0.0001596200   -0.0016084700   -0.0068198400
  -0.0000509000   -0.0022765900   -0.0068513700
  -0.0042941800   -0.0268103500   -0.0166629900
  -0.0038257000   -0.0058003900   -0.0081751300
   0.0033668100   -0.0079863600   -0.0070180800
   0.0002812100    0.0049614300   -0.0056446800

33   
 -0.0029140959433242   0.0095659837357745   0.0000000000000000
   0.0000314100    0.0003872700   -0.0002591700
  -0.0116060800    0.0100905100    0.0121623500
   0.0049606800    0.0047655300    0.0060838600
   0.0000026100    0.0001096900   -0.0005789700
   0.0000488800   -0.0002884300    0.0001383600
   0.0000323000   -0.0003916400    0.0000716600
   0.0000371900   -0.0003831700   -0.0000609000
  -0.0000115200   -0.0004136700    0.0000637300
  -0.0000523800    0.0000227700   -0.0005000200
  -0.0000906700    0.0004939300   -0.0000306200
   0.0000209400    0.0004376200    0.0000056900
   0.0000012400    0.0003126800   -0.0000214200
   0.0000973200    0.0056622900   -0.0087910200
   0.0000567400    0.0001758300   -0.0001532800
  -0.0000599900    0.0004371600   -0.0003945700
  -0.0006979100    0.0006415000   -0.0005195600
   0.0150118300    0.0226471200    0.0080097600
  -0.0007913100    0.0040407300    0.0023563400
  -0.0006007300    0.0058160700   -0.0041936400
  -0.0322341900    0.0352351800    0.0122171100
  -0.0000006300   -0.0000282100   -0.0004251500
  -0.0000219000    0.0001193100    0.0001975000
   0.0000160500    0.0001802500    0.0002243000
   0.0000812400   -0.0001358400   -0.0001297100
  -0.0001807300    0.0006419700    0.0009044400
  -0.0001705100   -0.0005166100    0.0009224500
  -0.0000526600    0.0004288000    0.0001412900
  -0.0002867000    0.0005334600    0.0013974300
   0.0000337700    0.0002926800   -0.0004478000
  -0.0003375200    0.0001872700    0.0000439900
  -0.0000959400   -0.0000343400   -0.0000575100
  -0.0000881700    0.0003264400    0.0002548300
   0.0472383500   -0.1467474500   -0.0215102700
  -0.0006741800    0.0053383400    0.0071588400
  -0.0003165000    0.0051984200    0.0072549700
  -0.0154975700   -0.0017304600    0.0067803300
  -0.0002245900    0.0028784200    0.0071057800
  -0.0001447000    0.0017867300    0.0063112600
  -0.0001869700    0.0017994300    0.0064070000
  -0.0000761800    0.0022620000    0.0069425200
  -0.0004257200    0.0079493600   -0.0017038800
  -0.0055169600    0.0211763700   -0.0174626300
   0.0025869400    0.0163335000   -0.0107277000
  -0.0005857400    0.0144586700   -0.0032561100
  -0.0000102400    0.0110056800   -0.0000489000
  -0.0003270600    0.0115303600   -0.0005268800
   0.0002508400    0.0116237900   -0.0004833100
   0.0000447800    0.0109584300   -0.0000049300
  -0.0007193700    0.0066795400   -0.0078486300
  -0.0004290200    0.0020315300   -0.0068717700
   0.0010952100    0.0015809700   -0.0067021200
  -0.0003922300    0.0024947500   -0.0063907600
   0.0000085300    0.0023919100   -0.0064336400
  -0.0001685000    0.0018677300   -0.0069352400
   0.0004863700    0.0016753300   -0.0067145300
  -0.0002390500    0.0014336000   -0.0065907300
   0.0000080400   -0.0014009200    0.0087825200
  -0.0001345500   -0.0005799100    0.0075510200
   0.0002092700   -0.0007654000    0.0076596800
   0.0000032700   -0.0019420100    0.0060407900
   0.0000029000   -0.0014316600    0.0066709700
  -0.0002635800   -0.0006201800    0.0047122600
   0.0003441200   -0.0007355800    0.0056276200
   0.0000068600   -0.0019434100    0.0085198700
   0.0000439800   -0.0108999800    0.0003560900
  -0.0002436700   -0.0117747900    0.0005155900
   0.0003875800   -0.0117392800    0.0000811400
   0.0000755300   -0.0113709000    0.0001980500
  -0.0000438000   -0.0120744200    0.0006309600
   0.0015945300   -0.0110333000    0.0059461700
  -0.0053316600   -0.0089533200    0.0132809700
   0.0001321400   -0.0115874900    0.0002383000
  -0.0000354400   -0.0026652400   -0.0065777800
  -0.0000509900   -0.0023014000   -0.0064977900
   0.0001449500   -0.0023631600   -0.0066450000
   0.0000428800   -0.0017191100   -0.0065897600
   0.0041181800    0.0224214900    0.0028041100
   0.0036834600    0.0022003000   -0.0053618800
  -0.0032343500    0.0043116500   -0.0064678600
  -0.0002887400   -0.0088030600   -0.0078564700

33   
  0.0000000000000000   0.0000000000000000   0.0100000000000000
   0.0000000000   -0.0005835200    0.0001500800
  -0.0116672800    0.0111155100    0.0132941000
   0.0116672800    0.0111155100    0.0132941000
   0.0000000000   -0.0009514600    0.0002657400
   0.0000000000   -0.0008144700   -0.0001106400
   0.0004189500   -0.0005987300    0.0000626300
  -0.0004189500   -0.0005987300    0.0000626300
   0.0000000000   -0.0009661200   -0.0001271100
   0.0000000000    0.0015946100    0.0017964200
   0.0003972500    0.0008183300   -0.0001440500
  -0.0003972500    0.0008183300   -0.0001440500
   0.0000000000    0.0005552100   -0.0001380200
   0.0000000000   -0.0052422900    0.0120622900
  -0.0001009100    0.0003133700    0.0000269200
   0.0001009100    0.0003133700    0.0000269200
   0.0000000000   -0.0000293100    0.0007538700
   0.0063638400    0.0078772300    0.0012954200
   0.0000000000   -0.0039525300   -0.0008218700
   0.0000000000    0.0001314700    0.0000286800
  -0.0063638400    0.0078772300    0.0012954200
   0.0000986500    0.0000150300   -0.0005772600
   0.0000000000   -0.0002289100   -0.0001385500
   0.0000000000    0.0001962500    0.0001041500
  -0.0000986500    0.0000150300   -0.0005772600
   0.0008274400    0.0000453100   -0.0005541300
   0.0000000000    0.0002127700    0.0004219100
   0.0000000000    0.0001172000   -0.0001384100
  -0.0008274400    0.0000453100   -0.0005541300
   0.0004339200    0.0009286000    0.0023222100
   0.0000000000    0.0000516100   -0.0001243500
   0.0000000000   -0.0001961500    0.0006552200
  -0.0004339200    0.0009286000    0.0023222100
   0.0000000000   -0.0284295100   -0.0931588600
   0.0002182900    0.0025034900    0.0067180200
  -0.0002182900    0.0025034900    0.0067180200
   0.0000000000    0.0020195700    0.0052789400
   0.0000000000    0.0024240900    0.0074520700
   0.0001606800    0.0016452700    0.0068308000
  -0.0001606800    0.0016452700    0.0068308000
   0.0000000000    0.0022499400    0.0058017800
   0.0000000000    0.0041249400   -0.0004789100
   0.0047081300    0.0101565500    0.0053299000
  -0.0047081300    0.0101565500    0.0053299000
   0.0000000000    0.0106249300    0.0004817000
   0.0000000000    0.0114323000   -0.0002564900
  -0.0003088500    0.0124540300   -0.0003119400
   0.0003088500    0.0124540300   -0.0003119400
   0.0000000000    0.0118658000   -0.0001402600
   0.0000000000    0.0033047200   -0.0226534900
  -0.0003109700    0.0020859500   -0.0073593200
   0.0003109700    0.0020859500   -0.0073593200
   0.0000000000    0.0016072100   -0.0036710000
   0.0000000000    0.0017160200   -0.0102006300
  -0.0003856700    0.0021104600   -0.0073912500
   0.0003856700    0.0021104600   -0.0073912500
   0.0000000000    0.0018969000   -0.0039022500
   0.0000000000   -0.0019814300    0.0083795300
  -0.0015432800   -0.0003714200    0.0094527700
   0.0015432800   -0.0003714200    0.0094527700
   0.0000000000   -0.0038988700    0.0095573900
   0.0000000000   -0.0041755900    0.0083122600
  -0.0002150700   -0.0029503600    0.0093994000
   0.0002150700   -0.0029503600    0.0093994000
   0.0000000000   -0.0013111500    0.0094962600
   0.0000000000   -0.0119830900   -0.0005136900
  -0.0014155200   -0.0130162300    0.0024387000
   0.0014155200   -0.0130162300    0.0024387000
   0.0000000000   -0.0113725000    0.0005050100
   0.0000000000   -0.0121303000   -0.0002720400
   0.0038766500   -0.0112551900    0.0113225900
  -0.0038766500   -0.0112551900    0.0113225900
   0.0000000000   -0.0108932000   -0.0006247500
   0.0000000000   -0.0018764400   -0.0063744000
  -0.0002570400   -0.0018598400   -0.0067612500
   0.0002570400   -0.0018598400   -0.0067612500
   0.0000000000   -0.0018799500   -0.0068734900
   0.0000000000    0.0082537100   -0.0091628200
  -0.0019508600   -0.0011655700    0.0008214400
   0.0019508600   -0.0011655700    0.0008214400
   0.0000000000   -0.0031860700   -0.0040527000

33   
  0.0000000000000000   0.0000000000000000  -0.0100000000000000
   0.0000000000   -0.0001562400   -0.0001462500
   0.0113285200   -0.0115508400   -0.0131229700
  -0.0113285200   -0.0115508400   -0.0131229700
   0.0000000000    0.0002373700   -0.0002720700
   0.0000000000    0.0001164900    0.0001150500
  -0.0004271300   -0.0000808300   -0.0000622200
   0.0004271300   -0.0000808300   -0.0000622200
   0.0000000000    0.0002969700    0.0001266000
   0.0000000000   -0.0008984900   -0.0017844400
  -0.0004075600   -0.0001147200    0.0001388500
   0.0004075600   -0.0001147200    0.0001388500
   0.0000000000    0.0001266900    0.0001435600
   0.0000000000    0.0063664300   -0.0129200200
   0.0000938000    0.0003987500   -0.0000187900
  -0.0000938000    0.0003987500   -0.0000187900
   0.0000000000    0.0007250700   -0.0007180000
  -0.0063591800   -0.0077317800   -0.0011263500
   0.0000000000    0.0039093000    0.0008578600
   0.0000000000   -0.0001117400   -0.0000173900
   0.0063591800   -0.0077317800   -0.0011263500
  -0.0001408200   -0.0000124900    0.0005690200
   0.0000000000    0.0002288200    0.0001493700
   0.0000000000   -0.0001792800   -0.0001234500
   0.0001408200   -0.0000124900    0.0005690200
  -0.0008345300   -0.0000593700    0.0005357900
   0.0000000000   -0.0002112600   -0.0004459200
   0.0000000000   -0.0001230500    0.0000957600
   0.0008345300   -0.0000593700    0.0005357900
  -0.0004313100   -0.0009213800   -0.0023271000
   0.0000000000   -0.0000424400    0.0001439700
   0.0000000000    0.0001893600   -0.0006753900
   0.0004313100   -0.0009213800   -0.0023271000
   0.0000000000    0.0313551200    0.1071416500
  -0.0001841300    0.0015256500    0.0067473500
   0.0001841300    0.0015256500    0.0067473500
   0.0000000000    0.0018976000    0.0081136200
   0.0000000000    0.0015930400    0.0059495000
  -0.0001483800    0.0023841800    0.0065773500
   0.0001483800    0.0023841800    0.0065773500
   0.0000000000    0.0017764400    0.0075957300
   0.0000000000    0.0188109200    0.0005342000
  -0.0047331600    0.0127657900   -0.0053025000
   0.0047331600    0.0127657900   -0.0053025000
   0.0000000000    0.0122317100   -0.0004502300
   0.0000000000    0.0114006500    0.0002919700
   0.0003142800    0.0104147100    0.0002773500
  -0.0003142800    0.0104147100    0.0002773500
   0.0000000000    0.0109603800    0.0001350200
   0.0000000000    0.0006823800    0.0094771200
   0.0002969000    0.0019293300   -0.0060962100
  -0.0002969000    0.0019293300   -0.0060962100
   0.0000000000    0.0024013500   -0.0098592700
   0.0000000000    0.0022906000   -0.0031635800
   0.0003742700    0.0018722800   -0.0060001800
  -0.0003742700    0.0018722800   -0.0060001800
   0.0000000000    0.0021160800   -0.0095769600
   0.0000000000   -0.0020250700    0.0051650200
   0.0015713200   -0.0036028500    0.0039939200
  -0.0015713200   -0.0036028500    0.0039939200
   0.0000000000   -0.0000963200    0.0039520400
   0.0000000000    0.0001313600    0.0051023900
   0.0002038000   -0.0010591700    0.0039485900
  -0.0002038000   -0.0010591700    0.0039485900
   0.0000000000   -0.0027323300    0.0038945400
   0.0000000000   -0.0108922900    0.0005150600
   0.0013863400   -0.0098783200   -0.0023832600
  -0.0013863400   -0.0098783200   -0.0023832600
   0.0000000000   -0.0114973800   -0.0004792400
   0.0000000000   -0.0107258100    0.0002479900
  -0.0040169700   -0.0116949400   -0.0116402300
   0.0040169700   -0.0116949400   -0.0116402300
   0.0000000000   -0.0119353500    0.0006346700
   0.0000000000   -0.0021495900   -0.0071253700
   0.0002470900   -0.0021787800   -0.0066231600
  -0.0002470900   -0.0021787800   -0.0066231600
   0.0000000000   -0.0021270000   -0.0065045700
   0.0000000000   -0.0120728500   -0.0043174900
   0.0019354800   -0.0029126800   -0.0142686100
  -0.0019354800   -0.0029126800   -0.0142686100
   0.0000000000   -0.0008528000   -0.0094363100

41   
  0.0016172226064751  -0.0053087905997427   0.0083187338825803
  -0.0000837300   -0.0000846000    0.0022587900
  -0.0077564700   -0.0098401600    0.0022364600
   0.0139635900   -0.0156292600    0.0022130200
   0.0001693000    0.0039325800   -0.0000646200
   0.0000090700   -0.0002929300   -0.0000024800
   0.0001137300   -0.0002098400   -0.0003478200
  -0.0001265600   -0.0002166100   -0.0003494200
   0.0000269300   -0.0001504800   -0.0000503800
  -0.0000855600    0.0000815900    0.0005627600
  -0.0007943100    0.0004751100    0.0001138700
   0.0006611900    0.0004928600    0.0003025000
   0.0001069200    0.0008200000   -0.0003079500
  -0.0000783400    0.0004500200    0.0004074800
   0.0005474400   -0.0001774900    0.0010369500
  -0.0006766400   -0.0001612100    0.0008542600
   0.0001036900   -0.0001502700   -0.0004652200
   0.0000529700   -0.0006249900    0.0001388900
   0.0010446600   -0.0013368200    0.0031995100
   0.0004037500   -0.0226549400    0.0807331700
  -0.0000082900   -0.0008493400    0.0001248700
   0.0001014400   -0.0000090600   -0.0004523200
  -0.0000247900   -0.0004787700    0.0010679000
  -0.0000575500    0.0001968100   -0.0012658400
  -0.0000945700   -0.0000114200   -0.0004245700
  -0.0003643100   -0.0000250500    0.0002610700
   0.0010802000   -0.0022688400    0.0032265100
   0.0002983600    0.0135026900    0.0505990600
   0.0004073300   -0.0002590700    0.0002789000
   0.0000009000   -0.0000228300   -0.0003873200
  -0.0000223600   -0.0001843800    0.0009829000
  -0.0000565600    0.0001261500   -0.0003759900
   0.0000078700   -0.0000302700   -0.0004162100
   0.0002251200    0.0024514600    0.0102081200
   0.0149288900   -0.0149525200    0.0125332600
  -0.0133033100   -0.0136092000    0.0110180100
   0.0003271000   -0.0024966300    0.0075422300
   0.0000095800    0.0022269800    0.0064827100
  -0.0000030200    0.0014108600    0.0058912300
   0.0000535100    0.0015099100    0.0059955800
  -0.0000216600    0.0022670100    0.0063649300
  -0.0223327400    0.0664397300   -0.1999852700
   0.0004062700    0.0131314300    0.0011292600
  -0.0002871400    0.0133406100    0.0011261800
   0.0040450600    0.0058687400    0.0037509600
   0.0000907600    0.0101347300    0.0034664100
  -0.0000673200    0.0118886300    0.0002826100
   0.0000319900    0.0118573200    0.0002878200
  -0.0000415300    0.0105344700   -0.0012982000
   0.0002344200    0.0053967100   -0.0110006100
  -0.0044417100    0.0095801700   -0.0037771800
   0.0061006300    0.0109758300   -0.0022589700
   0.0003230900    0.0032362100   -0.0067729800
   0.0000065900    0.0023209600   -0.0069529300
  -0.0001232300    0.0023202500   -0.0063875800
   0.0001612800    0.0024193400   -0.0064847100
  -0.0000210800    0.0023075700   -0.0065846700
   0.0000274800   -0.0021562400    0.0061416400
  -0.0115053400   -0.0106576400    0.0159007700
   0.0136449400   -0.0118658900    0.0172315600
  -0.0000721800   -0.0021113400    0.0064810600
  -0.0000274900   -0.0026521600    0.0060121100
   0.0005687900   -0.0021408200    0.0081082500
  -0.0006464100   -0.0020351700    0.0076627800
  -0.0000477100   -0.0022576800    0.0071695300
   0.0001555200   -0.0067156200   -0.0007633300
  -0.0001155400   -0.0131361800    0.0007397700
   0.0001410600   -0.0133291700    0.0006643100
   0.0003304400   -0.0147038200   -0.0064697100
   0.0001589900   -0.0102563000    0.0014064500
  -0.0004973600   -0.0116450700   -0.0002771000
   0.0005262000   -0.0118292400   -0.0002099600
   0.0003285900   -0.0090048300   -0.0101896600
  -0.0000262000   -0.0019989500   -0.0068720200
  -0.0007419400   -0.0016149800   -0.0041069400
   0.0006584900   -0.0015034500   -0.0036431900
  -0.0000449000   -0.0018692900   -0.0063680700
   0.0000137000   -0.0010991000   -0.0065423200
   0.0096429400    0.0062225900    0.0032071000
  -0.0075880200    0.0050646300    0.0019888700
  -0.0000549200   -0.0016740600   -0.0075368400

41   
 -0.0016172226064751   0.0053087905997427  -0.0083187338825803
   0.0000812000   -0.0006391000   -0.0022993100
   0.0076524100    0.0090040000   -0.0022531500
  -0.0136619300    0.0145546200   -0.0022768500
  -0.0001660400   -0.0045988400    0.0000304800
  -0.0000135400   -0.0003901000   -0.0000046700
  -0.0000988100   -0.0004895500    0.0003431300
   0.0001123100   -0.0004824600    0.0003420500
  -0.0000234000   -0.0005393700    0.0000534200
   0.0000774300    0.0006129000   -0.0005332900
   0.0007847500    0.0002486100   -0.0000980700
  -0.0006546200    0.0002326400   -0.0002854700
  -0.0001029800   -0.0001036700    0.0002918300
   0.0000892400    0.0002507500   -0.0004134500
  -0.0005349800    0.0008941700   -0.0010725200
   0.0006690700    0.0008749900   -0.0008794000
  -0.0001108500    0.0008514700    0.0004798900
  -0.0000501700    0.0006035700   -0.0001074400
  -0.0010963100    0.0013780800   -0.0031946100
  -0.0002695700    0.0238796400   -0.0855629500
   0.0000008000    0.0008411000   -0.0001053200
  -0.0001059700   -0.0000136200    0.0004467200
   0.0000237700    0.0005122100   -0.0011260200
   0.0000590800   -0.0002206400    0.0012850900
   0.0000989800   -0.0000112700    0.0004251800
   0.0003500500    0.0000003100   -0.0003055100
  -0.0010591100    0.0020956700   -0.0032384000
  -0.0003777500   -0.0124750200   -0.0484699400
  -0.0004007100    0.0002219800   -0.0003266700
   0.0000027100    0.0000071300    0.0003633500
   0.0000261900    0.0001336500   -0.0009930800
   0.0000596500   -0.0000845500    0.0004192500
  -0.0000075700    0.0000122900    0.0004113600
  -0.0002309500    0.0015222000    0.0032522500
  -0.0152214100    0.0191948800    0.0007881400
   0.0135361500    0.0177621800    0.0023271800
  -0.0003172500    0.0065911800    0.0059087300
  -0.0000118700    0.0018019500    0.0069691300
   0.0000017800    0.0025667700    0.0075781800
  -0.0000477400    0.0024695600    0.0074811200
   0.0000299700    0.0017545200    0.0070856400
   0.0221296600   -0.0453031100    0.2028825300
  -0.0003932000    0.0097485100   -0.0011352200
   0.0002658400    0.0095393500   -0.0011248300
  -0.0040581400    0.0172349600   -0.0037605000
  -0.0000880200    0.0127680700   -0.0035126700
   0.0000682700    0.0110687000   -0.0002538700
  -0.0000313300    0.0110948800   -0.0002545600
   0.0000448200    0.0124051200    0.0013406300
  -0.0002341600   -0.0015852700   -0.0023611600
   0.0044908200   -0.0057191700   -0.0097209000
  -0.0061442300   -0.0070994300   -0.0112570400
  -0.0003094700    0.0008183800   -0.0067000900
  -0.0000071100    0.0017061900   -0.0064997200
   0.0001308500    0.0016836500   -0.0070867700
  -0.0001894400    0.0015870000   -0.0069821600
   0.0000228100    0.0016962300   -0.0068244400
  -0.0000236500   -0.0018024900    0.0073157100
   0.0113465800    0.0066590300   -0.0021674600
  -0.0133957000    0.0078181800   -0.0033897300
   0.0000743100   -0.0018370000    0.0069760000
   0.0000249000   -0.0013616700    0.0074428700
  -0.0005607800   -0.0018557700    0.0053135000
   0.0006478500   -0.0019667800    0.0057755500
   0.0000379700   -0.0017761200    0.0062770500
  -0.0001570400   -0.0161959000    0.0008373700
   0.0001124100   -0.0097701300   -0.0007193700
  -0.0001384200   -0.0095806200   -0.0006487500
  -0.0003249400   -0.0082931000    0.0065504200
  -0.0001531200   -0.0127564700   -0.0014367200
   0.0004920000   -0.0112448100    0.0002742600
  -0.0005145300   -0.0110491700    0.0002022100
  -0.0003263800   -0.0139603300    0.0100910500
   0.0000188500   -0.0020287000   -0.0066007000
   0.0007153000   -0.0023760200   -0.0093256100
  -0.0006337100   -0.0024793700   -0.0097697400
   0.0000485600   -0.0021604400   -0.0071297800
  -0.0000258600   -0.0028870900   -0.0068592200
  -0.0098037700   -0.0102292800   -0.0169448300
   0.0076705700   -0.0090235400   -0.0156091700
   0.0000785900   -0.0023112200   -0.0059401400
