# Tetrahedron method
       -1.8794474147        0.0000000000        0.0000000000        0.0000000000        0.0000000000        0.0000000000        0.0000000000        0.0000000000        0.0000000000        0.0000000000        0.0000000000
       -1.7559610898        0.0000000000        0.0000000000        0.0000000000        0.0000000000        0.0000000000        0.0000000000        0.0000000000        0.0000000000        0.0000000000        0.0000000000
       -1.6324747649        0.0000000000        0.0000000000        0.0000000000        0.0000000000        0.0000000000        0.0000000000        0.0000000000        0.0000000000        0.0000000000        0.0000000000
       -1.5089884400        0.0000000000        0.0000000000        0.0000000000        0.0000000000        0.0000000000        0.0000000000        0.0000000000        0.0000000000        0.0000000000        0.0000000000
       -1.3855021151        0.0000000000        0.0000000000        0.0000000000        0.0000000000        0.0000000000        0.0000000000        0.0000000000        0.0000000000        0.0000000000        0.0000000000
       -1.2620157902        0.0000000000        0.0000000000        0.0000000000        0.0000000000        0.0000000000        0.0000000000        0.0000000000        0.0000000000        0.0000000000        0.0000000000
       -1.1385294654        0.0000000000        0.0000000000        0.0000000000        0.0000000000        0.0000000000        0.0000000000        0.0000000000        0.0000000000        0.0000000000        0.0000000000
       -1.0150431405        0.0000000000        0.0000000000        0.0000000000        0.0000000000        0.0000000000        0.0000000000        0.0000000000        0.0000000000        0.0000000000        0.0000000000
       -0.8915568156        0.0000000000        0.0000000000        0.0000000000        0.0000000000        0.0000000000        0.0000000000        0.0000000000        0.0000000000        0.0000000000        0.0000000000
       -0.7680704907        0.0000000000        0.0000000000        0.0000000000        0.0000000000        0.0000000000        0.0000000000        0.0000000000        0.0000000000        0.0000000000        0.0000000000
       -0.6445841658        0.0000000000        0.0000000000        0.0000000000        0.0000000000        0.0000000000        0.0000000000        0.0000000000        0.0000000000        0.0000000000        0.0000000000
       -0.5210978409        0.0000000000        0.0000000000        0.0000000000        0.0000000000        0.0000000000        0.0000000000        0.0000000000        0.0000000000        0.0000000000        0.0000000000
       -0.3976115160        0.0000000000        0.0000000000        0.0000000000        0.0000000000        0.0000000000        0.0000000000        0.0000000000        0.0000000000        0.0000000000        0.0000000000
       -0.2741251911        0.0000000000        0.0000000000        0.0000000000        0.0000000000        0.0000000000        0.0000000000        0.0000000000        0.0000000000        0.0000000000        0.0000000000
       -0.1506388662        0.0000000000        0.0000000000        0.0000000000        0.0000000000        0.0000000000        0.0000000000        0.0000000000        0.0000000000        0.0000000000        0.0000000000
       -0.0271525414        0.0000000000        0.0000000000        0.0000000000        0.0000000000        0.0000000000        0.0000000000        0.0000000000        0.0000000000        0.0000000000        0.0000000000
        0.0963337835        0.0000000000        0.0000000000        0.0000000000        0.0000000000        0.0000000000        0.0000000000        0.0000000000        0.0000000000        0.0000000000        0.0000000000
        0.2198201084        0.0000086568        0.0000086568        0.0000134428        0.0000134418        0.0000489308        0.0000490132        0.0000489304        0.0000489304        0.0000490132        0.0000489308
        0.3433064333        0.0000459877        0.0000459877        0.0000714750        0.0000714718        0.0002604327        0.0002608179        0.0002604204        0.0002604204        0.0002608179        0.0002604327
        0.4667927582        0.0000976292        0.0000976292        0.0001516931        0.0001516874        0.0005534412        0.0005548160        0.0005534227        0.0005534227        0.0005548160        0.0005534412
        0.5902790831        0.0001774204        0.0001774204        0.0002753604        0.0002753610        0.0010062101        0.0010106313        0.0010062116        0.0010062116        0.0010106313        0.0010062101
        0.7137654080        0.0002824100        0.0002824100        0.0004375548        0.0004375422        0.0016022697        0.0016132656        0.0016022733        0.0016022733        0.0016132656        0.0016022697
        0.8372517329        0.0003927435        0.0003927435        0.0006072674        0.0006073190        0.0022298328        0.0022514778        0.0022298882        0.0022298882        0.0022514778        0.0022298328
        0.9607380578        0.0005262625        0.0005262625        0.0008123006        0.0008122275        0.0029909241        0.0030298468        0.0029908994        0.0029908994        0.0030298468        0.0029909241
        1.0842243827        0.0006775377        0.0006775377        0.0010433610        0.0010433690        0.0038545871        0.0039207036        0.0038546304        0.0038546304        0.0039207036        0.0038545871
        1.2077107075        0.0008514038        0.0008514038        0.0013078037        0.0013077425        0.0048485452        0.0049551077        0.0048485950        0.0048485950        0.0049551077        0.0048485452
        1.3311970324        0.0010467276        0.0010467276        0.0016027716        0.0016025759        0.0059665974        0.0061312778        0.0059666640        0.0059666640        0.0061312778        0.0059665974
        1.4546833573        0.0012713800        0.0012713800        0.0019391564        0.0019391390        0.0072524205        0.0075020397        0.0072525725        0.0072525725        0.0075020397        0.0072524205
        1.5781696822        0.0015084211        0.0015084211        0.0022903573        0.0022900790        0.0086096197        0.0089739325        0.0086098872        0.0086098872        0.0089739325        0.0086096197
        1.7016560071        0.0017731059        0.0017731059        0.0026787060        0.0026787053        0.0101273580        0.0106438913        0.0101276873        0.0101276873        0.0106438913        0.0101273580
        1.8251423320        0.0020745495        0.0020745495        0.0031160370        0.0031155501        0.0118483411        0.0125830336        0.0118485213        0.0118485213        0.0125830336        0.0118483411
        1.9486286569        0.0023963934        0.0023963934        0.0035754522        0.0035749656        0.0136850802        0.0147000881        0.0136855192        0.0136855192        0.0147000881        0.0136850802
        2.0721149818        0.0027699776        0.0027699776        0.0041001352        0.0040989780        0.0158005392        0.0172121142        0.0158011633        0.0158011633        0.0172121142        0.0158005392
        2.1956013067        0.0031599096        0.0031599096        0.0046320095        0.0046308833        0.0179902415        0.0199149777        0.0179915330        0.0179915330        0.0199149777        0.0179902415
        2.3190876315        0.0036256365        0.0036256365        0.0052517988        0.0052496740        0.0205605381        0.0232304452        0.0205616034        0.0205616034        0.0232304452        0.0205605381
        2.4425739564        0.0041238060        0.0041238060        0.0058920351        0.0058906638        0.0232730763        0.0269042035        0.0232757143        0.0232757143        0.0269042035        0.0232730763
        2.5660602813        0.0047138228        0.0047138228        0.0066182314        0.0066141113        0.0263723157        0.0314203058        0.0263751894        0.0263751894        0.0314203058        0.0263723157
        2.6895466062        0.0054004109        0.0054004109        0.0074224964        0.0074194558        0.0298573559        0.0368755361        0.0298629833        0.0298629833        0.0368755361        0.0298573559
        2.8130329311        0.0061950196        0.0061950196        0.0082873520        0.0082860985        0.0336723487        0.0434943494        0.0336787657        0.0336787657        0.0434943494        0.0336723487
        2.9365192560        0.0071901774        0.0071901774        0.0092894484        0.0092851557        0.0380816399        0.0521560340        0.0380949694        0.0380949694        0.0521560340        0.0380816399
        3.0600055809        0.0084750983        0.0084750983        0.0104460696        0.0104409317        0.0432035259        0.0638489187        0.0432189267        0.0432189267        0.0638489187        0.0432035259
        3.1834919058        0.0103336782        0.0103336782        0.0119681252        0.0119665349        0.0498219123        0.0811851549        0.0498651013        0.0498651013        0.0811851549        0.0498219123
        3.3069782307        0.0140120019        0.0140120019        0.0143837720        0.0144209629        0.0588342033        0.1171312573        0.0588430064        0.0588430064        0.1171312573        0.0588342033
        3.4304645556        0.0157309352        0.0157309352        0.0151776277        0.0151643551        0.0655308950        0.1337723605        0.0656135000        0.0656135000        0.1337723605        0.0655308950
        3.5539508804        0.0183724119        0.0183724119        0.0163984490        0.0164358351        0.0748477472        0.1616093660        0.0749773231        0.0749773231        0.1616093660        0.0748477472
        3.6774372053        0.0258979427        0.0258979427        0.0192191065        0.0192683352        0.0925512521        0.2405972701        0.0927158441        0.0927158441        0.2405972701        0.0925512521
        3.8009235302        0.0318975881        0.0318975881        0.0199267808        0.0199811091        0.1224034261        0.2726170399        0.1225675694        0.1225675694        0.2726170399        0.1224034261
        3.9244098551        0.0394929290        0.0394929290        0.0215199940        0.0216223791        0.1560494905        0.3253353165        0.1562670878        0.1562670878        0.3253353165        0.1560494905
        4.0478961800        0.0403325694        0.0403325694        0.0220396089        0.0222216161        0.1703244029        0.3334589380        0.1706849088        0.1706849088        0.3334589380        0.1703244029
        4.1713825049        0.0446460342        0.0446460342        0.0220755037        0.0220017990        0.2127378329        0.3321443917        0.2126411211        0.2126411211        0.3321443917        0.2127378329
        4.2948688298        0.0610466164        0.0610466164        0.0231920438        0.0231206740        0.2965970938        0.3821946279        0.2964702034        0.2964702034        0.3821946279        0.2965970938
        4.4183551547        0.0654950345        0.0654950345        0.0218530577        0.0218601005        0.3080196588        0.3728375948        0.3076799030        0.3076799030        0.3728375948        0.3080196588
        4.5418414796        0.0573358493        0.0573358493        0.0198774834        0.0199010013        0.2766307772        0.3077577125        0.2767845401        0.2767845401        0.3077577125        0.2766307772
        4.6653278044        0.0365495168        0.0365495168        0.0185807411        0.0186597039        0.1908293225        0.2241820102        0.1912662845        0.1912662845        0.2241820102        0.1908293225
        4.7888141293        0.0298994093        0.0298994093        0.0184224520        0.0183847297        0.1660563937        0.2057518172        0.1660398251        0.1660398251        0.2057518172        0.1660563937
        4.9123004542        0.0211580146        0.0211580146        0.0177631229        0.0177347279        0.1444645164        0.1280663412        0.1438504654        0.1438504654        0.1280663412        0.1444645164
        5.0357867791        0.0244808378        0.0244808378        0.0193614109        0.0193494178        0.1781905959        0.1393052037        0.1786839857        0.1786839857        0.1393052037        0.1781905959
        5.1592731040        0.0337224881        0.0337224881        0.0226681544        0.0225569745        0.2925322936        0.1659791956        0.2919709521        0.2919709521        0.1659791956        0.2925322936
        5.2827594289        0.0349831883        0.0349831883        0.0236619847        0.0236404568        0.3824821450        0.1754714773        0.3821616605        0.3821616605        0.1754714773        0.3824821450
        5.4062457538        0.0337413760        0.0337413760        0.0274713134        0.0274484404        0.5288449999        0.1994538050        0.5313034333        0.5313034333        0.1994538050        0.5288449999
        5.5297320787        0.0287425968        0.0287425968        0.0275758681        0.0276107712        0.4151377905        0.2179120162        0.4172773116        0.4172773116        0.2179120162        0.4151377905
        5.6532184036        0.0270922575        0.0270922575        0.0288519494        0.0288675984        0.3525759508        0.2230692027        0.3506704603        0.3506704603        0.2230692027        0.3525759508
        5.7767047285        0.0274398682        0.0274398682        0.0318305769        0.0318485672        0.3406238506        0.2337501691        0.3400225926        0.3400225926        0.2337501691        0.3406238506
        5.9001910533        0.0273247543        0.0273247543        0.0341393270        0.0341495994        0.3661138049        0.2527553623        0.3665446218        0.3665446218        0.2527553623        0.3661138049
        6.0236773782        0.0363242593        0.0363242593        0.0673316625        0.0674132475        0.5515507634        0.3238828607        0.5506928266        0.5506928266        0.3238828607        0.5515507634
        6.1471637031        0.0303500757        0.0303500757        0.0519368596        0.0519102227        0.5128192830        0.3965086049        0.5125755817        0.5125755817        0.3965086049        0.5128192830
        6.2706500280        0.0354797123        0.0354797123        0.0536752825        0.0536276559        0.6255523808        0.4964535001        0.6251604189        0.6251604189        0.4964535001        0.6255523808
        6.3941363529        0.0351650103        0.0351650103        0.0494156023        0.0492880856        0.6224338406        0.4939169521        0.6216648463        0.6216648463        0.4939169521        0.6224338406
        6.5176226778        0.0310630118        0.0310630118        0.0551747189        0.0551360094        0.6593322562        0.5394465135        0.6591343600        0.6591343600        0.5394465135        0.6593322562
        6.6411090027        0.0283968494        0.0283968494        0.0616888874        0.0616824455        0.6519572172        0.5222982013        0.6532072040        0.6532072040        0.5222982013        0.6519572172
        6.7645953276        0.0327450762        0.0327450762        0.0742873273        0.0743182017        0.8036419476        0.4879080096        0.8027625873        0.8027625873        0.4879080096        0.8036419476
        6.8880816525        0.0327287367        0.0327287367        0.0649127484        0.0648425463        0.7398926114        0.4543933518        0.7398037764        0.7398037764        0.4543933518        0.7398926114
        7.0115679773        0.0306078183        0.0306078183        0.0645133865        0.0645472129        0.6824199537        0.4519551509        0.6822662788        0.6822662788        0.4519551509        0.6824199537
        7.1350543022        0.0230405191        0.0230405191        0.0653670188        0.0653464525        0.4622752974        0.4043879145        0.4617219463        0.4617219463        0.4043879145        0.4622752974
        7.2585406271        0.0218426086        0.0218426086        0.0631422669        0.0631631805        0.3821742959        0.4274231624        0.3818615562        0.3818615562        0.4274231624        0.3821742959
        7.3820269520        0.0227771736        0.0227771736        0.0523565571        0.0523524371        0.3764016637        0.4409355465        0.3763957338        0.3763957338        0.4409355465        0.3764016637
        7.5055132769        0.0255220990        0.0255220990        0.0534425542        0.0534335401        0.4165399198        0.5185567364        0.4165363175        0.4165363175        0.5185567364        0.4165399198
        7.6289996018        0.0305207048        0.0305207048        0.0555366044        0.0555833458        0.5235748415        0.7178325041        0.5232591691        0.5232591691        0.7178325041        0.5235748415
        7.7524859267        0.0299237674        0.0299237674        0.0620095511        0.0620589092        0.5147401759        0.8352663523        0.5149226355        0.5149226355        0.8352663523        0.5147401759
        7.8759722516        0.0298250649        0.0298250649        0.0632828340        0.0633267250        0.5197062994        0.9384307670        0.5199033260        0.5199033260        0.9384307670        0.5197062994
        7.9994585765        0.0347200359        0.0347200359        0.0604111605        0.0605089369        0.5601185455        0.9099634818        0.5595375403        0.5595375403        0.9099634818        0.5601185455
        8.1229449014        0.0427663357        0.0427663357        0.0625087687        0.0624803225        0.6527695245        1.0624659428        0.6530604169        0.6530604169        1.0624659428        0.6527695245
        8.2464312262        0.0324476601        0.0324476601        0.0447789705        0.0447646424        0.6067363676        0.6404449479        0.6064888967        0.6064888967        0.6404449479        0.6067363676
        8.3699175511        0.0457790684        0.0457790684        0.0722191207        0.0722876277        0.7410358885        0.8769455701        0.7411129040        0.7411129040        0.8769455701        0.7410358885
        8.4934038760        0.0412921816        0.0412921816        0.1141049931        0.1140890596        0.9587105100        0.7415859342        0.9592630081        0.9592630081        0.7415859342        0.9587105100
        8.6168902009        0.0250299582        0.0250299582        0.0649046277        0.0649525110        0.6221317519        0.4569923984        0.6226869729        0.6226869729        0.4569923984        0.6221317519
        8.7403765258        0.0247354198        0.0247354198        0.0551755370        0.0551965111        0.5642881145        0.3865476750        0.5641698809        0.5641698809        0.3865476750        0.5642881145
        8.8638628507        0.0174564521        0.0174564521        0.0433309580        0.0433361104        0.3911624341        0.2542775719        0.3912601685        0.3912601685        0.2542775719        0.3911624341
        8.9873491756        0.0117092686        0.0117092686        0.0342471515        0.0342063096        0.3108586640        0.1760289913        0.3108843505        0.3108843505        0.1760289913        0.3108586640
        9.1108355005        0.0103321936        0.0103321936        0.0388734740        0.0388885486        0.3489431708        0.1946244517        0.3491054448        0.3491054448        0.1946244517        0.3489431708
        9.2343218254        0.0132111345        0.0132111345        0.0809323646        0.0808850295        0.6733033678        0.2882160673        0.6730110303        0.6730110303        0.2882160673        0.6733033678
        9.3578081502        0.0076156868        0.0076156868        0.0046472963        0.0046497187        0.1506603112        0.0372708313        0.1506335937        0.1506335937        0.0372708313        0.1506603112
        9.4812944751        0.0075295450        0.0075295450        0.0061893727        0.0061917997        0.1508224824        0.0424054649        0.1507889903        0.1507889903        0.0424054649        0.1508224824
        9.6047808000        0.0070930512        0.0070930512        0.0076247564        0.0076264502        0.1410382973        0.0485170041        0.1410153420        0.1410153420        0.0485170041        0.1410382973
        9.7282671249        0.0063620063        0.0063620063        0.0085711104        0.0085717818        0.1144258747        0.0518351702        0.1144181057        0.1144181057        0.0518351702        0.1144258747
        9.8517534498        0.0061899398        0.0061899398        0.0092538671        0.0092546624        0.1055896935        0.0568581561        0.1055834433        0.1055834433        0.0568581561        0.1055896935
        9.9752397747        0.0064893099        0.0064893099        0.0103520525        0.0103532660        0.1055678310        0.0666459601        0.1055082516        0.1055082516        0.0666459601        0.1055678310
       10.0987260996        0.0060775080        0.0060775080        0.0097042995        0.0097073620        0.1013309421        0.0657686474        0.1012935513        0.1012935513        0.0657686474        0.1013309421
       10.2222124245        0.0067263011        0.0067263011        0.0108512581        0.0108466481        0.1121191879        0.0792684149        0.1121884879        0.1121884879        0.0792684149        0.1121191879
       10.3456987494        0.0073591472        0.0073591472        0.0109651950        0.0109680624        0.1277316069        0.0882478246        0.1276736356        0.1276736356        0.0882478246        0.1277316069
       10.4691850743        0.0082466900        0.0082466900        0.0115294387        0.0115300556        0.1574694971        0.1013748437        0.1574649448        0.1574649448        0.1013748437        0.1574694971
       10.5926713991        0.0068616645        0.0068616645        0.0116197606        0.0116197886        0.1107602358        0.1070682861        0.1107581602        0.1107581602        0.1070682861        0.1107602358
       10.7161577240        0.0066304741        0.0066304741        0.0114425723        0.0114424817        0.0967726681        0.1170859694        0.0967700603        0.0967700603        0.1170859694        0.0967726681
       10.8396440489        0.0067448344        0.0067448344        0.0111307530        0.0111303517        0.0909376413        0.1302368877        0.0909356947        0.0909356947        0.1302368877        0.0909376413
       10.9631303738        0.0071461738        0.0071461738        0.0107254544        0.0107252292        0.0901441030        0.1479104461        0.0901423255        0.0901423255        0.1479104461        0.0901441030
       11.0866166987        0.0079433494        0.0079433494        0.0102251129        0.0102252091        0.0940171691        0.1727437174        0.0940157727        0.0940157727        0.1727437174        0.0940171691
       11.2101030236        0.0089242077        0.0089242077        0.0090769611        0.0090767556        0.0988694727        0.2062277711        0.0988689780        0.0988689780        0.2062277711        0.0988694727
       11.3335893485        0.0114352132        0.0114352132        0.0077721520        0.0077711572        0.1184709448        0.2767654020        0.1184665275        0.1184665275        0.2767654020        0.1184709448
       11.4570756734        0.0168598277        0.0168598277        0.0056170028        0.0056177659        0.1576409612        0.3990886692        0.1576480179        0.1576480179        0.3990886692        0.1576409612
       11.5805619983        0.0133976719        0.0133976719        0.0026274902        0.0026279479        0.1693577909        0.3849906680        0.1693637495        0.1693637495        0.3849906680        0.1693577909
       11.7040483232        0.0000000000        0.0000000000        0.0000000000        0.0000000000        0.0000000000        0.0000000000        0.0000000000        0.0000000000        0.0000000000        0.0000000000
       11.8275346480        0.0000000000        0.0000000000        0.0000000000        0.0000000000        0.0000000000        0.0000000000        0.0000000000        0.0000000000        0.0000000000        0.0000000000
       11.9510209729        0.0000000000        0.0000000000        0.0000000000        0.0000000000        0.0000000000        0.0000000000        0.0000000000        0.0000000000        0.0000000000        0.0000000000
       12.0745072978        0.0000000000        0.0000000000        0.0000000000        0.0000000000        0.0000000000        0.0000000000        0.0000000000        0.0000000000        0.0000000000        0.0000000000
       12.1979936227        0.0000000000        0.0000000000        0.0000000000        0.0000000000        0.0000000000        0.0000000000        0.0000000000        0.0000000000        0.0000000000        0.0000000000
       12.3214799476        0.0000000000        0.0000000000        0.0000000000        0.0000000000        0.0000000000        0.0000000000        0.0000000000        0.0000000000        0.0000000000        0.0000000000
       12.4449662725        0.0000000000        0.0000000000        0.0000000000        0.0000000000        0.0000000000        0.0000000000        0.0000000000        0.0000000000        0.0000000000        0.0000000000
       12.5684525974        0.0000000000        0.0000000000        0.0000000000        0.0000000000        0.0000000000        0.0000000000        0.0000000000        0.0000000000        0.0000000000        0.0000000000
       12.6919389223        0.0000000000        0.0000000000        0.0000000000        0.0000000000        0.0000000000        0.0000000000        0.0000000000        0.0000000000        0.0000000000        0.0000000000
       12.8154252472        0.0000000000        0.0000000000        0.0000000000        0.0000000000        0.0000000000        0.0000000000        0.0000000000        0.0000000000        0.0000000000        0.0000000000
       12.9389115720        0.0000000000        0.0000000000        0.0000000000        0.0000000000        0.0000000000        0.0000000000        0.0000000000        0.0000000000        0.0000000000        0.0000000000
       13.0623978969        0.0000000000        0.0000000000        0.0000000000        0.0000000000        0.0000000000        0.0000000000        0.0000000000        0.0000000000        0.0000000000        0.0000000000
       13.1858842218        0.0000000000        0.0000000000        0.0000000000        0.0000000000        0.0000000000        0.0000000000        0.0000000000        0.0000000000        0.0000000000        0.0000000000
       13.3093705467        0.0000000000        0.0000000000        0.0000000000        0.0000000000        0.0000000000        0.0000000000        0.0000000000        0.0000000000        0.0000000000        0.0000000000
       13.4328568716        0.0000000000        0.0000000000        0.0000000000        0.0000000000        0.0000000000        0.0000000000        0.0000000000        0.0000000000        0.0000000000        0.0000000000
       13.5563431965        0.0000000000        0.0000000000        0.0000000000        0.0000000000        0.0000000000        0.0000000000        0.0000000000        0.0000000000        0.0000000000        0.0000000000
       13.6798295214        0.0000000000        0.0000000000        0.0000000000        0.0000000000        0.0000000000        0.0000000000        0.0000000000        0.0000000000        0.0000000000        0.0000000000
       13.8033158463        0.0000000000        0.0000000000        0.0000000000        0.0000000000        0.0000000000        0.0000000000        0.0000000000        0.0000000000        0.0000000000        0.0000000000
       13.9268021712        0.0000000000        0.0000000000        0.0000000000        0.0000000000        0.0000000000        0.0000000000        0.0000000000        0.0000000000        0.0000000000        0.0000000000
       14.0502884961        0.0000000000        0.0000000000        0.0000000000        0.0000000000        0.0000000000        0.0000000000        0.0000000000        0.0000000000        0.0000000000        0.0000000000
       14.1737748209        0.0000000000        0.0000000000        0.0000000000        0.0000000000        0.0000000000        0.0000000000        0.0000000000        0.0000000000        0.0000000000        0.0000000000
       14.2972611458        0.0000000000        0.0000000000        0.0000000000        0.0000000000        0.0000000000        0.0000000000        0.0000000000        0.0000000000        0.0000000000        0.0000000000
       14.4207474707        0.0000000000        0.0000000000        0.0000000000        0.0000000000        0.0000000000        0.0000000000        0.0000000000        0.0000000000        0.0000000000        0.0000000000
       14.5442337956        0.0000000000        0.0000000000        0.0000000000        0.0000000000        0.0000000000        0.0000000000        0.0000000000        0.0000000000        0.0000000000        0.0000000000
       14.6677201205        0.0000000000        0.0000000000        0.0000000000        0.0000000000        0.0000000000        0.0000000000        0.0000000000        0.0000000000        0.0000000000        0.0000000000
       14.7912064454        0.0000000000        0.0000000000        0.0000000000        0.0000000000        0.0000000000        0.0000000000        0.0000000000        0.0000000000        0.0000000000        0.0000000000
       14.9146927703        0.0000000000        0.0000000000        0.0000000000        0.0000000000        0.0000000000        0.0000000000        0.0000000000        0.0000000000        0.0000000000        0.0000000000
       15.0381790952        0.0000000000        0.0000000000        0.0000000000        0.0000000000        0.0000000000        0.0000000000        0.0000000000        0.0000000000        0.0000000000        0.0000000000
       15.1616654201        0.0000000000        0.0000000000        0.0000000000        0.0000000000        0.0000000000        0.0000000000        0.0000000000        0.0000000000        0.0000000000        0.0000000000
       15.2851517449        0.0000000000        0.0000000000        0.0000000000        0.0000000000        0.0000000000        0.0000000000        0.0000000000        0.0000000000        0.0000000000        0.0000000000
       15.4086380698        0.0000000000        0.0000000000        0.0000000000        0.0000000000        0.0000000000        0.0000000000        0.0000000000        0.0000000000        0.0000000000        0.0000000000
       15.5321243947        0.6858038366        0.6858038366        0.0396135690        0.0395574606        0.0166890733        0.0326408451        0.0166846708        0.0166846708        0.0326408451        0.0166890733
       15.6556107196        1.1460338785        1.1460338785        0.0461811573        0.0462192146        0.0317922476        0.0562028990        0.0317958093        0.0317958093        0.0562028990        0.0317922476
       15.7790970445        0.8050460685        0.8050460685        0.0290709529        0.0290809812        0.0196110296        0.0389951529        0.0196098328        0.0196098328        0.0389951529        0.0196110296
       15.9025833694        0.7219335253        0.7219335253        0.0225993520        0.0226071907        0.0152858291        0.0342452125        0.0152853597        0.0152853597        0.0342452125        0.0152858291
       16.0260696943        0.7327534642        0.7327534642        0.0181560985        0.0181588106        0.0134747749        0.0336299131        0.0134765042        0.0134765042        0.0336299131        0.0134747749
       16.1495560192        0.8443179770        0.8443179770        0.0139813086        0.0139804994        0.0135004861        0.0370549167        0.0135020221        0.0135020221        0.0370549167        0.0135004861
       16.2730423441        1.1188680438        1.1188680438        0.0084437545        0.0084421215        0.0158417856        0.0468032568        0.0158418001        0.0158418001        0.0468032568        0.0158417856
       16.3965286690        2.1800067288        2.1800067288        0.1687902056        0.1686585662        0.0262358880        0.0978500053        0.0262367160        0.0262367160        0.0978500053        0.0262358880
       16.5200149938        2.8702981777        2.8702981777        0.3654671756        0.3652267475        0.0531050371        0.0574568892        0.0531057678        0.0531057678        0.0574568892        0.0531050371
       16.6435013187        4.0371183501        4.0371183501        0.2466309596        0.2463729310        0.1385239559        0.0676145009        0.1383732087        0.1383732087        0.0676145009        0.1385239559
       16.7669876436        3.6874036247        3.6874036247        0.1804947835        0.1803619654        0.0953388110        0.0988295629        0.0954174953        0.0954174953        0.0988295629        0.0953388110
       16.8904739685        1.6784474629        1.6784474629        0.0934923818        0.0934398864        0.0516030249        0.0521850011        0.0515198548        0.0515198548        0.0521850011        0.0516030249
       17.0139602934        0.7114894184        0.7114894184        0.0386298839        0.0386312665        0.0212825013        0.0411749128        0.0213109472        0.0213109472        0.0411749128        0.0212825013
       17.1374466183        0.0000000000        0.0000000000        0.0000000000        0.0000000000        0.0000000000        0.0000000000        0.0000000000        0.0000000000        0.0000000000        0.0000000000
       17.2609329432        0.0404297755        0.0404297755        0.2383333797        0.2383349745        0.0165933841        0.0003952565        0.0165935398        0.0165935398        0.0003952565        0.0165933841
       17.3844192681        0.0505164767        0.0505164767        0.3389815014        0.3390239484        0.0207689563        0.0009671092        0.0207718606        0.0207718606        0.0009671092        0.0207689563
       17.5079055930        0.0681729418        0.0681729418        0.8281878394        0.8281022039        0.0455185315        0.0017037694        0.0455153501        0.0455153501        0.0017037694        0.0455185315
       17.6313919178        0.0748227907        0.0748227907        0.7804418918        0.7804721344        0.0431109318        0.0017482196        0.0431126450        0.0431126450        0.0017482196        0.0431109318
       17.7548782427        0.1318015418        0.1318015418        0.9867345622        0.9867535442        0.0552168900        0.0031803995        0.0552183457        0.0552183457        0.0031803995        0.0552168900
       17.8783645676        0.1787252047        0.1787252047        1.1902866255        1.1903522643        0.0645110452        0.0043490888        0.0645141649        0.0645141649        0.0043490888        0.0645110452
       18.0018508925        0.1157956846        0.1157956846        0.9661464371        0.9660510546        0.0496080004        0.0025726223        0.0496096336        0.0496096336        0.0025726223        0.0496080004
       18.1253372174        0.0993567929        0.0993567929        0.8621068309        0.8620095771        0.0403002968        0.0021193853        0.0402936801        0.0402936801        0.0021193853        0.0403002968
       18.2488235423        0.1072171066        0.1072171066        0.9394172779        0.9393637465        0.0414369438        0.0020740312        0.0414357418        0.0414357418        0.0020740312        0.0414369438
       18.3723098672        0.1046966442        0.1046966442        1.0539627069        1.0539425097        0.0471458877        0.0022360921        0.0471418693        0.0471418693        0.0022360921        0.0471458877
       18.4957961921        0.0954940359        0.0954940359        1.0630890537        1.0631139779        0.0474202363        0.0025156582        0.0474196214        0.0474196214        0.0025156582        0.0474202363
       18.6192825170        0.0645619559        0.0645619559        0.8783034355        0.8782368808        0.0397490033        0.0020576884        0.0397451355        0.0397451355        0.0020576884        0.0397490033
       18.7427688419        0.0074922499        0.0074922499        0.3651675017        0.3651564904        0.0166296189        0.0001618372        0.0166288691        0.0166288691        0.0001618372        0.0166296189
       18.8662551667        0.0063073126        0.0063073126        0.3897791361        0.3897600690        0.0165700443        0.0001862672        0.0165690373        0.0165690373        0.0001862672        0.0165700443
       18.9897414916        0.0053676186        0.0053676186        0.4389181758        0.4389088511        0.0172560506        0.0002406323        0.0172555390        0.0172555390        0.0002406323        0.0172560506
       19.1132278165        0.0045779268        0.0045779268        0.5460965428        0.5460877911        0.0195914282        0.0003504529        0.0195910151        0.0195910151        0.0003504529        0.0195914282
       19.2367141414        0.0044188595        0.0044188595        0.8847471171        0.8847387751        0.0284998701        0.0006556999        0.0284995450        0.0284995450        0.0006556999        0.0284998701
       19.3602004663        0.0014933884        0.0014933884        0.8360593372        0.8360455957        0.0249166962        0.0010973818        0.0249163560        0.0249163560        0.0010973818        0.0249166962
       19.4836867912        0.0000000000        0.0000000000        0.0000000000        0.0000000000        0.0000000000        0.0000000000        0.0000000000        0.0000000000        0.0000000000        0.0000000000
       19.6071731161        0.0000000000        0.0000000000        0.0000000000        0.0000000000        0.0000000000        0.0000000000        0.0000000000        0.0000000000        0.0000000000        0.0000000000
       19.7306594410        0.0000000000        0.0000000000        0.0000000000        0.0000000000        0.0000000000        0.0000000000        0.0000000000        0.0000000000        0.0000000000        0.0000000000
       19.8541457659        0.0000000000        0.0000000000        0.0000000000        0.0000000000        0.0000000000        0.0000000000        0.0000000000        0.0000000000        0.0000000000        0.0000000000
       19.9776320907        0.0027480938        0.0027480938        0.2706604101        0.2706594170        0.0002798228        0.0712809380        0.0002798056        0.0002798056        0.0712809380        0.0002798228
       20.1011184156        0.0026890996        0.0026890996        0.3823008242        0.3822945916        0.0003610288        0.0994113578        0.0003610327        0.0003610327        0.0994113578        0.0003610288
       20.2246047405        0.0034289794        0.0034289794        0.8288362778        0.8295913111        0.0008578391        0.1886860831        0.0008574528        0.0008574528        0.1886860831        0.0008578391
       20.3480910654        0.0062927609        0.0062927609        1.8767230488        1.8767800732        0.0019042596        0.4078718261        0.0019040202        0.0019040202        0.4078718261        0.0019042596
       20.4715773903        0.0097596617        0.0097596617        1.4917230010        1.4917131608        0.0019669583        0.1561197112        0.0019675136        0.0019675136        0.1561197112        0.0019669583
       20.5950637152        0.0089248265        0.0089248265        1.2560710573        1.2561136593        0.0012542510        0.0957809988        0.0012540894        0.0012540894        0.0957809988        0.0012542510
       20.7185500401        0.0102256672        0.0102256672        1.3145856139        1.3145861498        0.0006830795        0.0816296545        0.0006831463        0.0006831463        0.0816296545        0.0006830795
       20.8420363650        0.0000000000        0.0000000000        0.0000000000        0.0000000000        0.0000000000        0.0000000000        0.0000000000        0.0000000000        0.0000000000        0.0000000000
       20.9655226899        0.0000000000        0.0000000000        0.0000000000        0.0000000000        0.0000000000        0.0000000000        0.0000000000        0.0000000000        0.0000000000        0.0000000000
       21.0890090148        0.0000000000        0.0000000000        0.0000000000        0.0000000000        0.0000000000        0.0000000000        0.0000000000        0.0000000000        0.0000000000        0.0000000000
       21.2124953396        0.0000000000        0.0000000000        0.0000000000        0.0000000000        0.0000000000        0.0000000000        0.0000000000        0.0000000000        0.0000000000        0.0000000000
       21.3359816645        0.0000000000        0.0000000000        0.0000000000        0.0000000000        0.0000000000        0.0000000000        0.0000000000        0.0000000000        0.0000000000        0.0000000000
       21.4594679894        0.0000000000        0.0000000000        0.0000000000        0.0000000000        0.0000000000        0.0000000000        0.0000000000        0.0000000000        0.0000000000        0.0000000000
       21.5829543143        0.0000000000        0.0000000000        0.0000000000        0.0000000000        0.0000000000        0.0000000000        0.0000000000        0.0000000000        0.0000000000        0.0000000000
       21.7064406392        0.0000000000        0.0000000000        0.0000000000        0.0000000000        0.0000000000        0.0000000000        0.0000000000        0.0000000000        0.0000000000        0.0000000000
       21.8299269641        0.0000000000        0.0000000000        0.0000000000        0.0000000000        0.0000000000        0.0000000000        0.0000000000        0.0000000000        0.0000000000        0.0000000000
       21.9534132890        0.0000000000        0.0000000000        0.0000000000        0.0000000000        0.0000000000        0.0000000000        0.0000000000        0.0000000000        0.0000000000        0.0000000000
       22.0768996139        0.0000000000        0.0000000000        0.0000000000        0.0000000000        0.0000000000        0.0000000000        0.0000000000        0.0000000000        0.0000000000        0.0000000000
       22.2003859388        0.0000000000        0.0000000000        0.0000000000        0.0000000000        0.0000000000        0.0000000000        0.0000000000        0.0000000000        0.0000000000        0.0000000000
       22.3238722636        0.0000000000        0.0000000000        0.0000000000        0.0000000000        0.0000000000        0.0000000000        0.0000000000        0.0000000000        0.0000000000        0.0000000000
       22.4473585885        0.0000000000        0.0000000000        0.0000000000        0.0000000000        0.0000000000        0.0000000000        0.0000000000        0.0000000000        0.0000000000        0.0000000000
       22.5708449134        0.0000000000        0.0000000000        0.0000000000        0.0000000000        0.0000000000        0.0000000000        0.0000000000        0.0000000000        0.0000000000        0.0000000000
       22.6943312383        0.0000000000        0.0000000000        0.0000000000        0.0000000000        0.0000000000        0.0000000000        0.0000000000        0.0000000000        0.0000000000        0.0000000000
       22.8178175632        0.0000000000        0.0000000000        0.0000000000        0.0000000000        0.0000000000        0.0000000000        0.0000000000        0.0000000000        0.0000000000        0.0000000000
