72   
6    

1    
 -0.0050000000000000   0.0086602540378444   0.0000000000000000
   0.0644020600   -0.1172836000    0.0376935600
  -0.0028296900    0.0023586900    0.0000623300
  -0.0021520600   -0.0019312800    0.0017147400
  -0.0033229700   -0.0013010700   -0.0009186900
  -0.0034142000   -0.0001048400   -0.0003552800
  -0.0032993500   -0.0006881600    0.0016347200
  -0.0040661200   -0.0008321200    0.0018198800
  -0.0031266600   -0.0013889800   -0.0013340400
  -0.0024049800    0.0038894400    0.0037731900
   0.0032816800   -0.0039214600   -0.0012879700
   0.0034130400    0.0075389600    0.0059567800
  -0.0010628800    0.0017742400    0.0003151500
   0.0014118200   -0.0024089100    0.0007635800
   0.0023830500   -0.0030312800    0.0014990700
   0.0023461500   -0.0042445700   -0.0001504500
   0.0023258900   -0.0027947400    0.0002423400
   0.0016041200    0.0080904500   -0.0049301600
  -0.0010010700    0.0094343900    0.0002921100
  -0.0082714600    0.0019261300    0.0032946600
  -0.0020789600    0.0038468100   -0.0000353500
   0.0014064200    0.0014981900    0.0017157300
   0.0012710500    0.0028286300    0.0011222900
   0.0025312600    0.0020999600    0.0010887300
   0.0013742100    0.0031833900    0.0008989300
   0.0033655300   -0.0058077300   -0.0033328400
   0.0031730700    0.0002981800    0.0000150700
   0.0025840500    0.0000354200   -0.0002131500
   0.0042037000   -0.0008765100   -0.0005051100
  -0.0004218000    0.0045274500   -0.0015025500
   0.0025287100    0.0014789200   -0.0014957400
   0.0046682100    0.0007195300   -0.0001768900
   0.0022484300    0.0021669700   -0.0010797100
  -0.0105247700    0.0027689300    0.0126160500
  -0.0027339400   -0.0030003000   -0.0003292600
  -0.0013402200    0.0021877600   -0.0041066000
  -0.0022716400   -0.0027515900    0.0010425700
   0.0034400200   -0.0005803900   -0.0062600200
  -0.0011926400   -0.0030097500    0.0008710600
  -0.0014867400   -0.0017143300    0.0006154700
  -0.0012768200   -0.0029933400    0.0006700800
  -0.0007709800    0.0036206600   -0.0010598400
  -0.0053633600    0.0045825900    0.0014104800
   0.0051907400    0.0091517200   -0.0126048300
  -0.0007834000    0.0030785900    0.0007259200
  -0.0025047400    0.0027854500   -0.0011797400
  -0.0027278500    0.0032982900    0.0009274300
  -0.0027776000   -0.0022658400   -0.0024247500
  -0.0024397300    0.0029178400   -0.0022139200
  -0.0280376700   -0.0020661100   -0.0216545700
  -0.0013462600   -0.0023399800    0.0022458100
  -0.0014139400   -0.0003683800   -0.0005276000
   0.0004708400    0.0005668900    0.0014744600
   0.0001550500    0.0000250600    0.0002904200
  -0.0024778300    0.0008169200   -0.0016823900
   0.0000714900   -0.0000155400   -0.0000925600
  -0.0000416100   -0.0000616500   -0.0008456000
   0.0133326000    0.0230915000    0.0143657100
  -0.0006413500   -0.0013588900    0.0008159900
   0.0014834400    0.0000067000   -0.0016863000
   0.0022292100    0.0016128400   -0.0015899400
   0.0013030300    0.0007556000   -0.0017481900
  -0.0001817200    0.0000746800   -0.0009793100
  -0.0002115300    0.0008122700   -0.0002710300
   0.0015681800    0.0021879700    0.0021250600
  -0.0026824500    0.0042233300    0.0039443000
   0.0001201400    0.0004155900    0.0009712500
  -0.0242997800    0.0385267500   -0.0304967000
  -0.0002705300    0.0002620300   -0.0001066700
  -0.0021128300    0.0022409800   -0.0015892000
  -0.0002621300   -0.0003505700   -0.0003680200
  -0.0000713000    0.0016407700    0.0020392700
  -0.0001896100    0.0001444700    0.0000807700

1    
  0.0050000000000000  -0.0086602540378444   0.0000000000000000
  -0.0719900600    0.1186141700   -0.0396304700
  -0.0044337100   -0.0023803700    0.0006015300
  -0.0051715200    0.0020231300   -0.0010833000
  -0.0040055200    0.0013222500    0.0015551400
  -0.0039439300    0.0001316600    0.0009709500
  -0.0039694300    0.0006821100   -0.0010244300
  -0.0031985600    0.0008647900   -0.0011612700
  -0.0041389500    0.0013959400    0.0020338400
   0.0054174900   -0.0097513400   -0.0031447100
   0.0000052900   -0.0024897700    0.0020377100
   0.0001413300   -0.0142990600   -0.0053916000
   0.0047623900   -0.0080806200    0.0003068400
   0.0021837400   -0.0038814700   -0.0000185300
   0.0013006300   -0.0032975900   -0.0008075600
   0.0012653100   -0.0020435600    0.0007537100
   0.0013298900   -0.0035016600    0.0003999500
   0.0019920200   -0.0013493600    0.0055627400
   0.0046306800   -0.0032118900    0.0003363600
   0.0122751300    0.0041435900   -0.0026552000
   0.0058300200    0.0024998100    0.0006372700
   0.0021872200    0.0048395500   -0.0010874900
   0.0023695300    0.0035010700   -0.0004821500
   0.0011555500    0.0042064200   -0.0004621500
   0.0022746600    0.0031117800   -0.0002927700
   0.0038470700    0.0058986500    0.0025995800
   0.0040742400   -0.0003643200   -0.0006935900
   0.0047163400   -0.0000770200   -0.0003982200
   0.0030796200    0.0008960600   -0.0001229300
   0.0077766100   -0.0045691200    0.0009115200
   0.0048495300   -0.0014801200    0.0009529800
   0.0026025000   -0.0007508300   -0.0004367900
   0.0050395100   -0.0020952900    0.0005030100
   0.0070022900   -0.0089756900   -0.0130892000
  -0.0008974000   -0.0032906300   -0.0003552200
  -0.0023030900   -0.0084869100    0.0034499500
  -0.0013489100   -0.0035723400   -0.0017443500
  -0.0070739700   -0.0057248100    0.0055248900
  -0.0024831500   -0.0034021200   -0.0014645300
  -0.0021842100   -0.0046699400   -0.0012471600
  -0.0023920000   -0.0032943900   -0.0013178800
  -0.0028495700    0.0027060600    0.0003822900
   0.0016846500    0.0016286700   -0.0021828100
  -0.0089267600   -0.0029405000    0.0122160000
  -0.0028616000    0.0032156700   -0.0013786000
  -0.0011835800    0.0035106400    0.0005415900
  -0.0008962200    0.0030253900   -0.0015845800
  -0.0008641000    0.0087750800    0.0021130900
  -0.0011247500    0.0034592100    0.0016287400
   0.0271291600    0.0018240100    0.0207513900
   0.0012699100    0.0024218800   -0.0023749300
   0.0015011200    0.0003702000    0.0005025600
  -0.0004156400   -0.0005444600   -0.0014601800
  -0.0000811200   -0.0000083400   -0.0003339700
   0.0024842100   -0.0008414000    0.0016354700
  -0.0000935700    0.0000002900    0.0001008000
   0.0000326900    0.0000597600    0.0008860700
  -0.0127491900   -0.0224175100   -0.0135948100
   0.0006033100    0.0013684500   -0.0007112100
  -0.0015000900    0.0000035800    0.0016796300
  -0.0022601300   -0.0016341400    0.0016370800
  -0.0013106000   -0.0007159000    0.0017145100
   0.0001950300   -0.0000602800    0.0009639600
   0.0002219900   -0.0008469100    0.0002375400
  -0.0016387200   -0.0022684700   -0.0021684500
   0.0026538800   -0.0041919800   -0.0038920200
  -0.0000654400   -0.0003742700   -0.0009683700
   0.0256278700   -0.0407088000    0.0327372700
   0.0002656900   -0.0002521200    0.0001436200
   0.0020570400   -0.0022246900    0.0015485500
   0.0002395600    0.0003844600    0.0003138700
   0.0000936300   -0.0016452900   -0.0020083200
   0.0001871600   -0.0001690600   -0.0001022600

1    
  0.0000000000000000   0.0000000000000000   0.0100000000000000
  -0.0805865700    0.0000000000   -0.1390987100
  -0.0031228100    0.0000000000    0.0008540200
  -0.0037967200    0.0015213800    0.0004863300
  -0.0037967200   -0.0015213800    0.0004863300
  -0.0024101200    0.0000000000   -0.0010568100
  -0.0063196100    0.0000000000   -0.0035932700
  -0.0034658700    0.0018209600   -0.0010619500
  -0.0034658700   -0.0018209600   -0.0010619500
   0.0052248700   -0.0047652900    0.0015407600
   0.0074592800   -0.0003641500    0.0005389100
   0.0001126600   -0.0057266000    0.0005131100
   0.0018316000   -0.0031444400    0.0002374800
   0.0022353000   -0.0041222500   -0.0012859200
   0.0013815300   -0.0045164100   -0.0012367800
   0.0029809800   -0.0047128900   -0.0012394600
   0.0017798600   -0.0040505300   -0.0010190200
   0.0001126600    0.0057266000    0.0005131100
   0.0018316000    0.0031444400    0.0002374800
   0.0074592800    0.0003641500    0.0005389100
   0.0052248700    0.0047652900    0.0015407600
   0.0029809800    0.0047128900   -0.0012394600
   0.0017798600    0.0040505300   -0.0010190200
   0.0013815300    0.0045164100   -0.0012367800
   0.0022353000    0.0041222500   -0.0012859200
   0.0095990400   -0.0000000000    0.0061614400
   0.0029436600   -0.0000000000    0.0011297900
   0.0037419000    0.0001512100   -0.0002415200
   0.0037419000   -0.0001512100   -0.0002415200
   0.0061349500   -0.0000000000   -0.0068568200
   0.0061596300   -0.0000000000    0.0046961100
   0.0043132700    0.0005092000    0.0000827600
   0.0043132700   -0.0005092000    0.0000827600
  -0.0142873400    0.0046750500    0.0094292100
  -0.0025899100   -0.0019853600    0.0005075900
  -0.0000387400   -0.0064547800    0.0021045800
  -0.0007685800   -0.0025226800    0.0005075000
  -0.0041431900   -0.0112450700    0.0131527800
  -0.0026854100   -0.0024843300    0.0009016300
  -0.0005758700   -0.0013669600    0.0000790100
  -0.0037366400   -0.0029017300    0.0009008200
  -0.0007685800    0.0025226800    0.0005075000
  -0.0000387400    0.0064547800    0.0021045800
  -0.0142873400   -0.0046750500    0.0094292100
  -0.0025899100    0.0019853600    0.0005075900
  -0.0037366400    0.0029017300    0.0009008200
  -0.0005758700    0.0013669600    0.0000790100
  -0.0041431900    0.0112450700    0.0131527800
  -0.0026854100    0.0024843300    0.0009016300
   0.0410520900   -0.0000000000    0.0233995500
  -0.0026649600    0.0000000000   -0.0010244500
  -0.0005175800   -0.0000440100   -0.0004824500
  -0.0005175800    0.0000440100   -0.0004824500
  -0.0012757900    0.0000000000    0.0038669000
   0.0063744500   -0.0000000000    0.0056738000
  -0.0008014700   -0.0005136800    0.0006212100
  -0.0008014700    0.0005136800    0.0006212100
   0.0177521600    0.0272639000    0.0207099700
   0.0005604800   -0.0005260900   -0.0005017100
  -0.0013932200    0.0001595000   -0.0001939900
  -0.0002837100   -0.0016222900    0.0007895900
  -0.0010085600   -0.0025248800    0.0038678200
   0.0001142300    0.0007953000    0.0004102900
  -0.0002466600   -0.0005750100    0.0003604200
   0.0029094200    0.0031081300    0.0024452600
  -0.0002837100    0.0016222900    0.0007895900
  -0.0013932200   -0.0001595000   -0.0001939900
   0.0177521600   -0.0272639000    0.0207099700
   0.0005604800    0.0005260900   -0.0005017100
   0.0029094200   -0.0031081300    0.0024452600
  -0.0002466600    0.0005750100    0.0003604200
  -0.0010085600    0.0025248800    0.0038678200
   0.0001142300   -0.0007953000    0.0004102900

1    
  0.0000000000000000   0.0000000000000000  -0.0100000000000000
   0.0739711800   -0.0000000000    0.1389096300
  -0.0041971600    0.0000000000   -0.0001564800
  -0.0034892600   -0.0015272400    0.0001016400
  -0.0034892600    0.0015272400    0.0001016400
  -0.0050081400    0.0000000000    0.0017355800
  -0.0010072500    0.0000000000    0.0042784500
  -0.0038345300   -0.0018481800    0.0017672200
  -0.0038345300    0.0018481800    0.0017672200
  -0.0016908900   -0.0015752200   -0.0009983500
  -0.0038887200   -0.0059270300    0.0001155800
   0.0034461700   -0.0007881200    0.0000818500
   0.0018514500   -0.0032151900    0.0004244600
   0.0014245400   -0.0022507100    0.0019353900
   0.0022852800   -0.0018005200    0.0018890700
   0.0006507500   -0.0015705600    0.0018988600
   0.0019392200   -0.0022671600    0.0016332700
   0.0034461700    0.0007881200    0.0000818500
   0.0018514500    0.0032151900    0.0004244600
  -0.0038887200    0.0059270300    0.0001155800
  -0.0016908900    0.0015752200   -0.0009983500
   0.0006507500    0.0015705600    0.0018988600
   0.0019392200    0.0022671600    0.0016332700
   0.0022852800    0.0018005200    0.0018890700
   0.0014245400    0.0022507100    0.0019353900
  -0.0022687500    0.0000000000   -0.0068175800
   0.0043518500   -0.0000000000   -0.0017948100
   0.0035632300   -0.0001698800   -0.0003773900
   0.0035632300    0.0001698800   -0.0003773900
   0.0013108200   -0.0000000000    0.0061525100
   0.0012469200   -0.0000000000   -0.0053403300
   0.0029818800   -0.0005651700   -0.0007396700
   0.0029818800    0.0005651700   -0.0007396700
   0.0105406000   -0.0106771200   -0.0095684000
  -0.0011391000   -0.0043835000   -0.0011668300
  -0.0036412900    0.0001899000   -0.0027357200
  -0.0028827800   -0.0037731000   -0.0011763700
   0.0003917200    0.0050054600   -0.0139097800
  -0.0009437300   -0.0037882200   -0.0015553200
  -0.0030816200   -0.0049728100   -0.0006959000
   0.0001058000   -0.0033674300   -0.0015482300
  -0.0028827800    0.0037731000   -0.0011763700
  -0.0036412900   -0.0001899000   -0.0027357200
   0.0105406000    0.0106771200   -0.0095684000
  -0.0011391000    0.0043835000   -0.0011668300
   0.0001058000    0.0033674300   -0.0015482300
  -0.0030816200    0.0049728100   -0.0006959000
   0.0003917200   -0.0050054600   -0.0139097800
  -0.0009437300    0.0037882200   -0.0015553200
  -0.0429350800    0.0000000000   -0.0242081000
   0.0026147500   -0.0000000000    0.0011089200
   0.0005845100    0.0000740000    0.0004719000
   0.0005845100   -0.0000740000    0.0004719000
   0.0012841700   -0.0000000000   -0.0038120900
  -0.0061659000    0.0000000000   -0.0055553200
   0.0007988000    0.0005085800   -0.0006354500
   0.0007988000   -0.0005085800   -0.0006354500
  -0.0168699100   -0.0260757800   -0.0200831900
  -0.0005805100    0.0004997800    0.0005217100
   0.0014334400   -0.0001468200    0.0002094300
   0.0002855900    0.0016128400   -0.0007962400
   0.0010589900    0.0025927600   -0.0039282800
  -0.0000822000   -0.0007602700   -0.0004472000
   0.0002062400    0.0005399400   -0.0003761500
  -0.0030223800   -0.0032675800   -0.0025621300
   0.0002855900   -0.0016128400   -0.0007962400
   0.0014334400    0.0001468200    0.0002094300
  -0.0168699100    0.0260757800   -0.0200831900
  -0.0005805100   -0.0004997800    0.0005217100
  -0.0030223800    0.0032675800   -0.0025621300
   0.0002062400   -0.0005399400   -0.0003761500
   0.0010589900   -0.0025927600   -0.0039282800
  -0.0000822000    0.0007602700   -0.0004472000

49   
  0.0073566966228952  -0.0000000000000000   0.0067734049634347
   0.0679445600   -0.0000000000    0.0489355600
  -0.0048033800    0.0000000000   -0.0023712500
  -0.0035046400   -0.0016028800   -0.0004210800
  -0.0035046400    0.0016028800   -0.0004210800
  -0.0042636300    0.0000000000    0.0019958100
   0.0022716400   -0.0000000000    0.0087325700
  -0.0030338000    0.0003531600    0.0001429700
  -0.0030338000   -0.0003531600    0.0001429700
  -0.0035705800    0.0033941000    0.0008455100
   0.0017954200   -0.0036610100    0.0001647900
   0.0022876400   -0.0075894500    0.0005431900
   0.0030017800   -0.0043445600    0.0002259700
   0.0019756300   -0.0034312800    0.0033533500
   0.0017194000   -0.0024698200    0.0007139400
   0.0021276200   -0.0024818900    0.0018073000
   0.0012244400   -0.0026902300    0.0013806500
   0.0022876400    0.0075894500    0.0005431900
   0.0030017800    0.0043445600    0.0002259700
   0.0017954200    0.0036610100    0.0001647900
  -0.0035705800   -0.0033941000    0.0008455100
   0.0021276200    0.0024818900    0.0018073000
   0.0012244400    0.0026902300    0.0013806500
   0.0017194000    0.0024698200    0.0007139400
   0.0019756300    0.0034312800    0.0033533500
   0.0095405000   -0.0000000000    0.0080835100
   0.0030621000   -0.0000000000    0.0013201400
   0.0042651900   -0.0003463600   -0.0004757600
   0.0042651900    0.0003463600   -0.0004757600
   0.0024010000   -0.0000000000   -0.0029571600
   0.0707137300   -0.0000000000    0.0451371400
   0.0037005900    0.0015662800   -0.0010451200
   0.0037005900   -0.0015662800   -0.0010451200
  -0.0016122800   -0.0028570700    0.0027919800
  -0.0019200600   -0.0038273000    0.0000703500
  -0.0024398300   -0.0035984800    0.0007102500
  -0.0015008400   -0.0038306700    0.0011943100
  -0.0073286200   -0.0097789600    0.0005335600
  -0.0018908200   -0.0026040500   -0.0004790200
  -0.0006337000   -0.0020025400   -0.0003883300
  -0.0012344000    0.0012361100   -0.0000618100
  -0.0015008400    0.0038306700    0.0011943100
  -0.0024398300    0.0035984800    0.0007102500
  -0.0016122800    0.0028570700    0.0027919800
  -0.0019200600    0.0038273000    0.0000703500
  -0.0012344000   -0.0012361100   -0.0000618100
  -0.0006337000    0.0020025400   -0.0003883300
  -0.0073286200    0.0097789600    0.0005335600
  -0.0018908200    0.0026040500   -0.0004790200
  -0.1411560800    0.0000000000   -0.1330963400
   0.0010089700   -0.0000000000    0.0022889000
  -0.0019847400    0.0005266200    0.0001713200
  -0.0019847400   -0.0005266200    0.0001713200
   0.0006182300   -0.0000000000   -0.0007519700
  -0.0057910900    0.0000000000   -0.0039005800
   0.0009211800   -0.0000904500   -0.0001708900
   0.0009211800    0.0000904500   -0.0001708900
   0.0022457300    0.0015932400    0.0003162500
   0.0013064500    0.0003699300   -0.0016058000
  -0.0001591300   -0.0003742700    0.0003639100
   0.0000447900   -0.0021784700    0.0018188600
   0.0013929800   -0.0004001000   -0.0016383100
   0.0021544500   -0.0014857600    0.0002125700
  -0.0001386400    0.0003795400    0.0003554200
   0.0000155200    0.0022326300    0.0018615400
   0.0000447900    0.0021784700    0.0018188600
  -0.0001591300    0.0003742700    0.0003639100
   0.0022457300   -0.0015932400    0.0003162500
   0.0013064500   -0.0003699300   -0.0016058000
   0.0000155200   -0.0022326300    0.0018615400
  -0.0001386400   -0.0003795400    0.0003554200
   0.0013929800    0.0004001000   -0.0016383100
   0.0021544500    0.0014857600    0.0002125700

57   
  0.0073566966228952  -0.0000000000000000   0.0067734049634347
   0.0167874800    0.0331589400    0.0263768200
  -0.0034118400    0.0001989800    0.0004054400
  -0.0043401600   -0.0004570700   -0.0008701000
  -0.0048680800   -0.0000521800    0.0006561900
  -0.0047631600   -0.0008889400    0.0022130000
  -0.0027627600   -0.0004325800    0.0007055900
  -0.0029209100    0.0000580700    0.0004317900
  -0.0036806300    0.0030020700    0.0041960100
   0.0081124700   -0.0033985000    0.0019539300
   0.0148248200    0.0007490200   -0.0092828400
   0.0027013800   -0.0017594700    0.0005998800
   0.0020037000   -0.0050854800    0.0000959500
   0.0029510500   -0.0031764100   -0.0010825100
   0.0042934600   -0.0021000800    0.0049910600
   0.0014518400   -0.0022146200    0.0010213900
   0.0020764300   -0.0025719300    0.0000654000
   0.0205151000   -0.0281906400    0.0242193500
   0.0001300900    0.0026387100    0.0008006100
   0.0009192800    0.0037532500   -0.0000709200
   0.0016605000    0.0028761700   -0.0005367200
   0.0006648600    0.0028801800    0.0016849400
   0.0022696400    0.0035075200    0.0003205200
   0.0041102700    0.0024785100    0.0029742700
   0.0012832800    0.0028898200    0.0010685800
   0.0246400300   -0.0347819000    0.0267297400
   0.0038564400   -0.0001911100   -0.0002644100
   0.0023708000    0.0000980800    0.0000021200
   0.0029834500    0.0004296600   -0.0014814000
   0.0025645900    0.0008606200    0.0015478300
   0.0045070000    0.0004014600    0.0000262200
   0.0036202800   -0.0030341200    0.0035709900
   0.0043982800   -0.0000410000   -0.0002687400
   0.0111962500   -0.0069133100   -0.0097852900
   0.0045059700   -0.0029282400    0.0013904200
  -0.0009593600   -0.0046594200   -0.0000129100
  -0.0016430500   -0.0011433500   -0.0005739800
   0.0006098300   -0.0041807600    0.0043095200
  -0.0007005700   -0.0031403200   -0.0017772800
  -0.0022041600   -0.0040832500    0.0003547200
  -0.0016066900   -0.0037710100   -0.0005601900
  -0.0035131200    0.0037304000    0.0001606800
   0.0178273400    0.0361953800    0.0246711800
  -0.0026929400    0.0025789700   -0.0007103400
  -0.0019069900    0.0033580100   -0.0012330500
  -0.0014106200    0.0027842200   -0.0003567700
  -0.0030180500    0.0034287500    0.0010872900
   0.0004512500    0.0037914200    0.0022860400
  -0.0023648500    0.0034482300    0.0004431400
   0.0010535200    0.0031488800    0.0015268100
   0.0006903700   -0.0011445600   -0.0008997800
  -0.0001620400    0.0003851600    0.0003575300
   0.0018661100   -0.0016865900   -0.0001642900
   0.0007244300    0.0011192800   -0.0009405600
   0.0010378300   -0.0031156600    0.0015093200
  -0.0001408500   -0.0003707500    0.0003491400
   0.0017699500    0.0017613500   -0.0000465200
  -0.1379958100   -0.0001860600   -0.1020714500
  -0.0000522600   -0.0000158000    0.0010375500
  -0.0006793600    0.0000585100    0.0006597400
  -0.0006613800   -0.0000629500    0.0006354300
  -0.0001209200   -0.0000045300    0.0004942800
  -0.0021814800    0.0000092800    0.0005762900
  -0.0006593900    0.0007908400    0.0006447600
  -0.0006513100   -0.0008195700    0.0006593700
   0.0092294400   -0.0049662300   -0.0022384600
   0.0093143100    0.0049890800   -0.0022702000
  -0.0023105500   -0.0000015200   -0.0038589300
   0.0009821700    0.0000004300   -0.0012969100
  -0.0014139900    0.0009294800   -0.0022690200
  -0.0013972800   -0.0009209000   -0.0022599100
   0.0011480300   -0.0000102500   -0.0017519500
  -0.0009087800    0.0000122800   -0.0008754000
