# Tetrahedron method
       -1.9431048391        0.0000000000        0.0000000000        0.0000000000        0.0000000000        0.0000000000        0.0000000000        0.0000000000        0.0000000000        0.0000000000
       -1.8209597485        0.0000000000        0.0000000000        0.0000000000        0.0000000000        0.0000000000        0.0000000000        0.0000000000        0.0000000000        0.0000000000
       -1.6988146579        0.0000000000        0.0000000000        0.0000000000        0.0000000000        0.0000000000        0.0000000000        0.0000000000        0.0000000000        0.0000000000
       -1.5766695674        0.0000000000        0.0000000000        0.0000000000        0.0000000000        0.0000000000        0.0000000000        0.0000000000        0.0000000000        0.0000000000
       -1.4545244768        0.0000000000        0.0000000000        0.0000000000        0.0000000000        0.0000000000        0.0000000000        0.0000000000        0.0000000000        0.0000000000
       -1.3323793862        0.0000000000        0.0000000000        0.0000000000        0.0000000000        0.0000000000        0.0000000000        0.0000000000        0.0000000000        0.0000000000
       -1.2102342956        0.0000000000        0.0000000000        0.0000000000        0.0000000000        0.0000000000        0.0000000000        0.0000000000        0.0000000000        0.0000000000
       -1.0880892050        0.0000000000        0.0000000000        0.0000000000        0.0000000000        0.0000000000        0.0000000000        0.0000000000        0.0000000000        0.0000000000
       -0.9659441145        0.0000000000        0.0000000000        0.0000000000        0.0000000000        0.0000000000        0.0000000000        0.0000000000        0.0000000000        0.0000000000
       -0.8437990239        0.0000000000        0.0000000000        0.0000000000        0.0000000000        0.0000000000        0.0000000000        0.0000000000        0.0000000000        0.0000000000
       -0.7216539333        0.0000000000        0.0000000000        0.0000000000        0.0000000000        0.0000000000        0.0000000000        0.0000000000        0.0000000000        0.0000000000
       -0.5995088427        0.0000000000        0.0000000000        0.0000000000        0.0000000000        0.0000000000        0.0000000000        0.0000000000        0.0000000000        0.0000000000
       -0.4773637522        0.0000000000        0.0000000000        0.0000000000        0.0000000000        0.0000000000        0.0000000000        0.0000000000        0.0000000000        0.0000000000
       -0.3552186616        0.0000000000        0.0000000000        0.0000000000        0.0000000000        0.0000000000        0.0000000000        0.0000000000        0.0000000000        0.0000000000
       -0.2330735710        0.0000000000        0.0000000000        0.0000000000        0.0000000000        0.0000000000        0.0000000000        0.0000000000        0.0000000000        0.0000000000
       -0.1109284804        0.0000000000        0.0000000000        0.0000000000        0.0000000000        0.0000000000        0.0000000000        0.0000000000        0.0000000000        0.0000000000
        0.0112166102        0.0000000000        0.0000000000        0.0000000000        0.0000000000        0.0000000000        0.0000000000        0.0000000000        0.0000000000        0.0000000000
        0.1333617007        0.0001219790        0.0001219188        0.0001219779        0.0001219790        0.0001219779        0.0001219188        0.0000328711        0.0000328648        0.0000328648
        0.2555067913        0.0005117556        0.0005107720        0.0005108297        0.0005117556        0.0005108297        0.0005107720        0.0001378019        0.0001377451        0.0001377451
        0.3776518819        0.0015217576        0.0015193574        0.0015223426        0.0015217576        0.0015223426        0.0015193574        0.0004104909        0.0004100827        0.0004100827
        0.4997969725        0.0025099267        0.0025040997        0.0025068404        0.0025099267        0.0025068404        0.0025040997        0.0006771543        0.0006761887        0.0006761887
        0.6219420630        0.0037247650        0.0037188667        0.0037220541        0.0037247650        0.0037220541        0.0037188667        0.0010064274        0.0010042601        0.0010042601
        0.7440871536        0.0049106473        0.0049074972        0.0049133380        0.0049106473        0.0049133380        0.0049074972        0.0013276783        0.0013252963        0.0013252963
        0.8662322442        0.0063718212        0.0063653068        0.0063690267        0.0063718212        0.0063690267        0.0063653068        0.0017213595        0.0017180594        0.0017180594
        0.9883773348        0.0077421499        0.0077429970        0.0077491751        0.0077421499        0.0077491751        0.0077429970        0.0020900856        0.0020881075        0.0020881075
        1.1105224254        0.0093955876        0.0093862324        0.0093879756        0.0093955876        0.0093879756        0.0093862324        0.0025281542        0.0025273970        0.0025273970
        1.2326675159        0.0109901116        0.0109794329        0.0109806452        0.0109901116        0.0109806452        0.0109794329        0.0029475737        0.0029517391        0.0029517391
        1.3548126065        0.0127122058        0.0126899886        0.0126976422        0.0127122058        0.0126976422        0.0126899886        0.0033936516        0.0034038024        0.0034038024
        1.4769576971        0.0147799847        0.0147726608        0.0147786472        0.0147799847        0.0147786472        0.0147726608        0.0039308867        0.0039500508        0.0039500508
        1.5991027877        0.0167677129        0.0167602346        0.0167683562        0.0167677129        0.0167683562        0.0167602346        0.0044341617        0.0044656482        0.0044656482
        1.7212478783        0.0190030938        0.0189807148        0.0189885793        0.0190030938        0.0189885793        0.0189807148        0.0049878462        0.0050361660        0.0050361660
        1.8433929688        0.0214187294        0.0214053611        0.0214121030        0.0214187294        0.0214121030        0.0214053611        0.0055805924        0.0056511821        0.0056511821
        1.9655380594        0.0239300979        0.0239045947        0.0239137850        0.0239300979        0.0239137850        0.0239045947        0.0061779704        0.0062759862        0.0062759862
        2.0876831500        0.0268457717        0.0268438740        0.0268510336        0.0268457717        0.0268510336        0.0268438740        0.0068671792        0.0069999850        0.0069999850
        2.2098282406        0.0298121645        0.0297863285        0.0297973225        0.0298121645        0.0297973225        0.0297863285        0.0075379919        0.0077135591        0.0077135591
        2.3319733311        0.0330696533        0.0330424718        0.0330525352        0.0330696533        0.0330525352        0.0330424718        0.0082542859        0.0084836717        0.0084836717
        2.4541184217        0.0367701472        0.0367490353        0.0367631082        0.0367701472        0.0367631082        0.0367490353        0.0090554835        0.0093494176        0.0093494176
        2.5762635123        0.0407270581        0.0406988231        0.0407122351        0.0407270581        0.0407122351        0.0406988231        0.0098735198        0.0102464545        0.0102464545
        2.6984086029        0.0450928544        0.0450653540        0.0450781996        0.0450928544        0.0450781996        0.0450653540        0.0107398578        0.0112106736        0.0112106736
        2.8205536935        0.0500250034        0.0499781274        0.0499972616        0.0500250034        0.0499972616        0.0499781274        0.0116861465        0.0122744360        0.0122744360
        2.9426987840        0.0556285035        0.0556122420        0.0556271060        0.0556285035        0.0556271060        0.0556122420        0.0127125771        0.0134504806        0.0134504806
        3.0648438746        0.0618795048        0.0618331137        0.0618583168        0.0618795048        0.0618583168        0.0618331137        0.0137851175        0.0147083375        0.0147083375
        3.1869889652        0.0694482130        0.0693878869        0.0694104397        0.0694482130        0.0694104397        0.0693878869        0.0150267331        0.0161905128        0.0161905128
        3.3091340558        0.0782699462        0.0782090458        0.0782377551        0.0782699462        0.0782377551        0.0782090458        0.0163612428        0.0178473263        0.0178473263
        3.4312791463        0.0886983894        0.0886259569        0.0886555821        0.0886983894        0.0886555821        0.0886259569        0.0178293576        0.0197302916        0.0197302916
        3.5534242369        0.1038574298        0.1037835213        0.1038298469        0.1038574298        0.1038298469        0.1037835213        0.0197797068        0.0223966856        0.0223966856
        3.6755693275        0.1233526285        0.1232851840        0.1233211952        0.1233526285        0.1233211952        0.1232851840        0.0219856295        0.0256691408        0.0256691408
        3.7977144181        0.1675841880        0.1674857251        0.1675351047        0.1675841880        0.1675351047        0.1674857251        0.0260554386        0.0331717336        0.0331717336
        3.9198595087        0.2189017156        0.2189127887        0.2189741227        0.2189017156        0.2189741227        0.2189127887        0.0390093562        0.0428331107        0.0428331107
        4.0420045992        0.1880519717        0.1879572102        0.1882772015        0.1880519717        0.1882772015        0.1879572102        0.0260081443        0.0311739993        0.0311739993
        4.1641496898        0.5071312897        0.5065696540        0.5060850310        0.5071312897        0.5060850310        0.5065696540        0.0388581619        0.0713665841        0.0713665841
        4.2862947804        0.5036685504        0.5099468884        0.5096626671        0.5036685504        0.5096626671        0.5099468884        0.0454719366        0.0408227446        0.0408227446
        4.4084398710        0.9651444804        0.9514189409        0.9657125104        0.9651444804        0.9657125104        0.9514189409        0.0799960194        0.0523334013        0.0523334013
        4.5305849616        0.9381513064        0.9405121919        0.9415590186        0.9381513064        0.9415590186        0.9405121919        0.0727948947        0.0540017537        0.0540017537
        4.6527300521        0.4682603052        0.4687728422        0.4693612545        0.4682603052        0.4693612545        0.4687728422        0.0348560584        0.0279048881        0.0279048881
        4.7748751427        0.5215276176        0.5212995079        0.5211528864        0.5215276176        0.5211528864        0.5212995079        0.0321567784        0.0243646910        0.0243646910
        4.8970202333        0.4714539640        0.4740736629        0.4731226716        0.4714539640        0.4731226716        0.4740736629        0.0332594427        0.0208793216        0.0208793216
        5.0191653239        0.3218144663        0.3228728322        0.3240242743        0.3218144663        0.3240242743        0.3228728322        0.0295194345        0.0124313924        0.0124313924
        5.1413104144        0.3087598381        0.3097929887        0.3095774230        0.3087598381        0.3095774230        0.3097929887        0.0359538507        0.0124623106        0.0124623106
        5.2634555050        0.2181462865        0.2177788727        0.2176035840        0.2181462865        0.2176035840        0.2177788727        0.0430166434        0.0197725079        0.0197725079
        5.3856005956        0.4157952040        0.4161570101        0.4161937896        0.4157952040        0.4161937896        0.4161570101        0.0840553351        0.0735695640        0.0735695640
        5.5077456862        0.4787522421        0.4773348616        0.4780352190        0.4787522421        0.4780352190        0.4773348616        0.0774477030        0.0896708235        0.0896708235
        5.6298907768        0.6696079561        0.6700070178        0.6700044814        0.6696079561        0.6700044814        0.6700070178        0.0994104210        0.1281307604        0.1281307604
        5.7520358673        0.6264624201        0.6240313624        0.6259113585        0.6264624201        0.6259113585        0.6240313624        0.0737943495        0.1107941552        0.1107941552
        5.8741809579        0.6751994124        0.6717805018        0.6729756374        0.6751994124        0.6729756374        0.6717805018        0.0792279910        0.1074552045        0.1074552045
        5.9963260485        0.6782767591        0.6773889783        0.6780081550        0.6782767591        0.6780081550        0.6773889783        0.0669590475        0.1182179390        0.1182179390
        6.1184711391        0.6167553926        0.6186280948        0.6171712010        0.6167553926        0.6171712010        0.6186280948        0.0471129878        0.1205582459        0.1205582459
        6.2406162297        0.4570110542        0.4564380525        0.4564404085        0.4570110542        0.4564404085        0.4564380525        0.0449478182        0.0936204666        0.0936204666
        6.3627613202        0.5673772289        0.5669887063        0.5689475097        0.5673772289        0.5689475097        0.5669887063        0.0702506533        0.1115187828        0.1115187828
        6.4849064108        0.4805219632        0.4791126977        0.4799305561        0.4805219632        0.4799305561        0.4791126977        0.0541957613        0.0921312126        0.0921312126
        6.6070515014        0.3709563092        0.3711868688        0.3710904656        0.3709563092        0.3710904656        0.3711868688        0.0572462735        0.0617047411        0.0617047411
        6.7291965920        0.3580307244        0.3577282336        0.3579071650        0.3580307244        0.3579071650        0.3577282336        0.0670793512        0.0535426278        0.0535426278
        6.8513416825        0.4210311356        0.4210554411        0.4218982731        0.4210311356        0.4218982731        0.4210554411        0.0955172918        0.0486003362        0.0486003362
        6.9734867731        0.3606786022        0.3606662162        0.3610490846        0.3606786022        0.3610490846        0.3606662162        0.0927306279        0.0404751427        0.0404751427
        7.0956318637        0.4173838751        0.4164668727        0.4156974854        0.4173838751        0.4156974854        0.4164668727        0.1016488063        0.0450052351        0.0450052351
        7.2177769543        0.6869384342        0.6853647073        0.6878294521        0.6869384342        0.6878294521        0.6853647073        0.0962188381        0.0816539970        0.0816539970
        7.3399220449        0.4107336551        0.4132443456        0.4122372116        0.4107336551        0.4122372116        0.4132443456        0.0628579970        0.0449148146        0.0449148146
        7.4620671354        0.4348842258        0.4349910198        0.4330849312        0.4348842258        0.4330849312        0.4349910198        0.0747630178        0.0308527089        0.0308527089
        7.5842122260        0.8362519446        0.8393979020        0.8377102715        0.8362519446        0.8377102715        0.8393979020        0.1296091493        0.0379551600        0.0379551600
        7.7063573166        0.5192032583        0.5204257149        0.5191991502        0.5192032583        0.5191991502        0.5204257149        0.0987708256        0.0260596260        0.0260596260
        7.8285024072        0.2640294811        0.2628831629        0.2630562641        0.2640294811        0.2630562641        0.2628831629        0.0593388537        0.0181567012        0.0181567012
        7.9506474977        0.2203192697        0.2210946795        0.2202500436        0.2203192697        0.2202500436        0.2210946795        0.0480139332        0.0153037423        0.0153037423
        8.0727925883        0.2196127795        0.2196526496        0.2198688531        0.2196127795        0.2198688531        0.2196526496        0.0407658705        0.0159091775        0.0159091775
        8.1949376789        0.2106848106        0.2103399296        0.2105219697        0.2106848106        0.2105219697        0.2103399296        0.0331324245        0.0156428864        0.0156428864
        8.3170827695        0.1536395392        0.1531438371        0.1537396964        0.1536395392        0.1537396964        0.1531438371        0.0220042342        0.0112795555        0.0112795555
        8.4392278601        0.1530838046        0.1527384686        0.1529299376        0.1530838046        0.1529299376        0.1527384686        0.0201732137        0.0116650886        0.0116650886
        8.5613729506        0.1513988287        0.1514901251        0.1513466246        0.1513988287        0.1513466246        0.1514901251        0.0171540920        0.0117469739        0.0117469739
        8.6835180412        0.1167820585        0.1169802121        0.1168869288        0.1167820585        0.1168869288        0.1169802121        0.0138858657        0.0086761928        0.0086761928
        8.8056631318        0.0960473653        0.0961236651        0.0958520686        0.0960473653        0.0958520686        0.0961236651        0.0127727994        0.0068094671        0.0068094671
        8.9278082224        0.0887298298        0.0889232792        0.0887164612        0.0887298298        0.0887164612        0.0889232792        0.0123014299        0.0060332445        0.0060332445
        9.0499533130        0.0882898043        0.0884243703        0.0884578126        0.0882898043        0.0884578126        0.0884243703        0.0122648518        0.0057547897        0.0057547897
        9.1720984035        0.0927359800        0.0927234054        0.0928511562        0.0927359800        0.0928511562        0.0927234054        0.0127129562        0.0057961771        0.0057961771
        9.2942434941        0.1027478232        0.1027252684        0.1024982305        0.1027478232        0.1024982305        0.1027252684        0.0139780148        0.0061375693        0.0061375693
        9.4163885847        0.1249979912        0.1247827352        0.1247522225        0.1249979912        0.1247522225        0.1247827352        0.0181009927        0.0066344686        0.0066344686
        9.5385336753        0.1459349343        0.1456768868        0.1459667180        0.1459349343        0.1459667180        0.1456768868        0.0188397944        0.0068811901        0.0068811901
        9.6606787658        0.1523054762        0.1516679672        0.1519771467        0.1523054762        0.1519771467        0.1516679672        0.0212853670        0.0065491680        0.0065491680
        9.7828238564        0.1866660019        0.1868336800        0.1867330359        0.1866660019        0.1867330359        0.1868336800        0.0260436194        0.0060598303        0.0060598303
        9.9049689470        0.2692529816        0.2695409304        0.2693862150        0.2692529816        0.2693862150        0.2695409304        0.0390939380        0.0059541285        0.0059541285
       10.0271140376        0.3494256316        0.3483410454        0.3487641448        0.3494256316        0.3487641448        0.3483410454        0.0475813042        0.0058097576        0.0058097576
       10.1492591282        0.2526485270        0.2526371204        0.2527984928        0.2526485270        0.2527984928        0.2526371204        0.0301185867        0.0051541051        0.0051541051
       10.2714042187        0.2472676250        0.2475621457        0.2472180758        0.2472676250        0.2472180758        0.2475621457        0.0247068458        0.0053063723        0.0053063723
       10.3935493093        0.2114055662        0.2115299549        0.2114505291        0.2114055662        0.2114505291        0.2115299549        0.0165996369        0.0060920410        0.0060920410
       10.5156943999        0.1573505879        0.1573705392        0.1573835626        0.1573505879        0.1573835626        0.1573705392        0.0065972984        0.0059350243        0.0059350243
       10.6378394905        0.1046254448        0.1051024144        0.1047101788        0.1046254448        0.1047101788        0.1051024144        0.0016707035        0.0059401801        0.0059401801
       10.7599845810        0.0724630340        0.0727698885        0.0725964273        0.0724630340        0.0725964273        0.0727698885        0.0013849416        0.0074450214        0.0074450214
       10.8821296716        0.1349855389        0.1363264231        0.1355523905        0.1349855389        0.1355523905        0.1363264231        0.0022030923        0.0109724135        0.0109724135
       11.0042747622        0.2441385442        0.2427373931        0.2430439276        0.2441385442        0.2430439276        0.2427373931        0.0035353086        0.0156576892        0.0156576892
       11.1264198528        0.2622649427        0.2633563678        0.2625124072        0.2622649427        0.2625124072        0.2633563678        0.0041578965        0.0127532206        0.0127532206
       11.2485649434        0.1047530632        0.1046456834        0.1047289910        0.1047530632        0.1047289910        0.1046456834        0.0025258754        0.0061331077        0.0061331077
       11.3707100339        0.0748348284        0.0746623719        0.0747642056        0.0748348284        0.0747642056        0.0746623719        0.0020932094        0.0042051808        0.0042051808
       11.4928551245        0.0594309754        0.0592826412        0.0593350149        0.0594309754        0.0593350149        0.0592826412        0.0017348237        0.0030678025        0.0030678025
       11.6150002151        0.0494710054        0.0492844264        0.0493715928        0.0494710054        0.0493715928        0.0492844264        0.0014122956        0.0022888715        0.0022888715
       11.7371453057        0.0422214090        0.0421066942        0.0421556314        0.0422214090        0.0421556314        0.0421066942        0.0011258155        0.0017114507        0.0017114507
       11.8592903963        0.0365330270        0.0364457601        0.0364840444        0.0365330270        0.0364840444        0.0364457601        0.0008724758        0.0012690101        0.0012690101
       11.9814354868        0.0317117389        0.0316459184        0.0316784559        0.0317117389        0.0316784559        0.0316459184        0.0006533534        0.0009186829        0.0009186829
       12.1035805774        0.0274407171        0.0273853276        0.0274161997        0.0274407171        0.0274161997        0.0273853276        0.0004674707        0.0006422677        0.0006422677
       12.2257256680        0.0235649788        0.0235276714        0.0235469246        0.0235649788        0.0235469246        0.0235276714        0.0003150020        0.0004269182        0.0004269182
       12.3478707586        0.0196646575        0.0196371592        0.0196504827        0.0196646575        0.0196504827        0.0196371592        0.0001937579        0.0002587763        0.0002587763
       12.4700158491        0.0157070648        0.0156859216        0.0156972376        0.0157070648        0.0156972376        0.0156859216        0.0001024569        0.0001354111        0.0001354111
       12.5921609397        0.0111928679        0.0111795065        0.0111860596        0.0111928679        0.0111860596        0.0111795065        0.0000386472        0.0000507814        0.0000507814
       12.7143060303        0.0047117349        0.0047068784        0.0047091808        0.0047117349        0.0047091808        0.0047068784        0.0000032357        0.0000044322        0.0000044322
       12.8364511209        0.0000000000        0.0000000000        0.0000000000        0.0000000000        0.0000000000        0.0000000000        0.0000000000        0.0000000000        0.0000000000
       12.9585962115        0.0000000000        0.0000000000        0.0000000000        0.0000000000        0.0000000000        0.0000000000        0.0000000000        0.0000000000        0.0000000000
       13.0807413020        0.0000000000        0.0000000000        0.0000000000        0.0000000000        0.0000000000        0.0000000000        0.0000000000        0.0000000000        0.0000000000
       13.2028863926        0.0000000000        0.0000000000        0.0000000000        0.0000000000        0.0000000000        0.0000000000        0.0000000000        0.0000000000        0.0000000000
       13.3250314832        0.0000000000        0.0000000000        0.0000000000        0.0000000000        0.0000000000        0.0000000000        0.0000000000        0.0000000000        0.0000000000
       13.4471765738        0.0000000000        0.0000000000        0.0000000000        0.0000000000        0.0000000000        0.0000000000        0.0000000000        0.0000000000        0.0000000000
       13.5693216644        0.0000000000        0.0000000000        0.0000000000        0.0000000000        0.0000000000        0.0000000000        0.0000000000        0.0000000000        0.0000000000
       13.6914667549        0.0000000000        0.0000000000        0.0000000000        0.0000000000        0.0000000000        0.0000000000        0.0000000000        0.0000000000        0.0000000000
       13.8136118455        0.0000000000        0.0000000000        0.0000000000        0.0000000000        0.0000000000        0.0000000000        0.0000000000        0.0000000000        0.0000000000
       13.9357569361        0.0000000000        0.0000000000        0.0000000000        0.0000000000        0.0000000000        0.0000000000        0.0000000000        0.0000000000        0.0000000000
       14.0579020267        0.0000000000        0.0000000000        0.0000000000        0.0000000000        0.0000000000        0.0000000000        0.0000000000        0.0000000000        0.0000000000
       14.1800471172        0.0000000000        0.0000000000        0.0000000000        0.0000000000        0.0000000000        0.0000000000        0.0000000000        0.0000000000        0.0000000000
       14.3021922078        0.0000000000        0.0000000000        0.0000000000        0.0000000000        0.0000000000        0.0000000000        0.0000000000        0.0000000000        0.0000000000
       14.4243372984        0.0000000000        0.0000000000        0.0000000000        0.0000000000        0.0000000000        0.0000000000        0.0000000000        0.0000000000        0.0000000000
       14.5464823890        0.0000000000        0.0000000000        0.0000000000        0.0000000000        0.0000000000        0.0000000000        0.0000000000        0.0000000000        0.0000000000
       14.6686274796        0.0000000000        0.0000000000        0.0000000000        0.0000000000        0.0000000000        0.0000000000        0.0000000000        0.0000000000        0.0000000000
       14.7907725701        0.0000000000        0.0000000000        0.0000000000        0.0000000000        0.0000000000        0.0000000000        0.0000000000        0.0000000000        0.0000000000
       14.9129176607        0.0000000000        0.0000000000        0.0000000000        0.0000000000        0.0000000000        0.0000000000        0.0000000000        0.0000000000        0.0000000000
       15.0350627513        0.0000000000        0.0000000000        0.0000000000        0.0000000000        0.0000000000        0.0000000000        0.0000000000        0.0000000000        0.0000000000
       15.1572078419        0.0000000000        0.0000000000        0.0000000000        0.0000000000        0.0000000000        0.0000000000        0.0000000000        0.0000000000        0.0000000000
       15.2793529324        0.0000000000        0.0000000000        0.0000000000        0.0000000000        0.0000000000        0.0000000000        0.0000000000        0.0000000000        0.0000000000
       15.4014980230        0.0010486096        0.0010484790        0.0010485205        0.0010486096        0.0010485205        0.0010484790        0.0000709402        0.0181436272        0.0181436272
       15.5236431136        0.0022254103        0.0022252661        0.0022252520        0.0022254103        0.0022252520        0.0022252661        0.0006741500        0.0410234311        0.0410234311
       15.6457882042        0.0030601064        0.0030601825        0.0030601330        0.0030601064        0.0030601330        0.0030601825        0.0018017674        0.0599190861        0.0599190861
       15.7679332948        0.0038311604        0.0038315699        0.0038312968        0.0038311604        0.0038312968        0.0038315699        0.0035717253        0.0794060974        0.0794060974
       15.8900783853        0.0046230431        0.0046240756        0.0046235633        0.0046230431        0.0046235633        0.0046240756        0.0061893737        0.1010216951        0.1010216951
       16.0122234759        0.0055101990        0.0055119611        0.0055110988        0.0055101990        0.0055110988        0.0055119611        0.0100027653        0.1263873703        0.1263873703
       16.1343685665        0.0065715153        0.0065738919        0.0065728930        0.0065715153        0.0065728930        0.0065738919        0.0155570161        0.1574810865        0.1574810865
       16.2565136571        0.0079418346        0.0079458222        0.0079438891        0.0079418346        0.0079438891        0.0079458222        0.0239301194        0.1980172168        0.1980172168
       16.3786587477        0.0099491820        0.0099561044        0.0099523251        0.0099491820        0.0099523251        0.0099561044        0.0379245551        0.2575921859        0.2575921859
       16.5008038382        0.0142689540        0.0142542756        0.0142701535        0.0142689540        0.0142701535        0.0142542756        0.0732428355        0.3876291517        0.3876291517
       16.6229489288        0.0146683892        0.0146632431        0.0146697884        0.0146683892        0.0146697884        0.0146632431        0.0675243132        0.3894014183        0.3894014183
       16.7450940194        0.0162639936        0.0162572266        0.0162638066        0.0162639936        0.0162638066        0.0162572266        0.0580996820        0.4188088417        0.4188088417
       16.8672391100        0.0157271084        0.0157195823        0.0157251137        0.0157271084        0.0157251137        0.0157195823        0.0426855960        0.3784932829        0.3784932829
       16.9893842005        0.0163741698        0.0163693914        0.0163729506        0.0163741698        0.0163729506        0.0163693914        0.0382786567        0.3785441528        0.3785441528
       17.1115292911        0.0211670020        0.0211480976        0.0211595958        0.0211670020        0.0211595958        0.0211480976        0.0431525173        0.4876963034        0.4876963034
       17.2336743817        0.0311341027        0.0310988690        0.0311190642        0.0311341027        0.0311190642        0.0310988690        0.1036657666        0.8335115016        0.8335115016
       17.3558194723        0.0362121552        0.0361665857        0.0361903076        0.0362121552        0.0361903076        0.0361665857        0.1098420810        0.9278110210        0.9278110210
       17.4779645629        0.1010470540        0.1010301292        0.1011416675        0.1010470540        0.1011416675        0.1010301292        0.1214598481        2.1152893601        2.1152893601
       17.6001096534        0.0351518382        0.0351431716        0.0351450658        0.0351518382        0.0351450658        0.0351431716        0.0996975122        0.8870798321        0.8870798321
       17.7222547440        0.0277216775        0.0277469842        0.0277170368        0.0277216775        0.0277170368        0.0277469842        0.1000060767        0.7366534822        0.7366534822
       17.8443998346        0.0274291459        0.0274327418        0.0274272001        0.0274291459        0.0274272001        0.0274327418        0.0398831455        0.6278317549        0.6278317549
       17.9665449252        0.0280662265        0.0280368421        0.0280524199        0.0280662265        0.0280524199        0.0280368421        0.0494571150        0.6494074374        0.6494074374
       18.0886900157        0.0302006185        0.0303211566        0.0302526458        0.0302006185        0.0302526458        0.0303211566        0.0637527697        0.7368824877        0.7368824877
       18.2108351063        0.0528245697        0.0531796122        0.0530959322        0.0528245697        0.0530959322        0.0531796122        0.1042423754        1.3629436182        1.3629436182
       18.3329801969        0.0388441627        0.0387244149        0.0388033967        0.0388441627        0.0388033967        0.0387244149        0.0584203700        0.9775601558        0.9775601558
       18.4551252875        0.0180246867        0.0180057471        0.0180281336        0.0180246867        0.0180281336        0.0180057471        0.0308931462        0.4361440448        0.4361440448
       18.5772703781        0.0049866502        0.0049813899        0.0049833072        0.0049866502        0.0049833072        0.0049813899        0.0339560518        0.1300063965        0.1300063965
       18.6994154686        0.0051478182        0.0050086257        0.0050366707        0.0051478182        0.0050366707        0.0050086257        0.1295491312        0.1064317881        0.1064317881
       18.8215605592        0.0117825292        0.0117271316        0.0117410932        0.0117825292        0.0117410932        0.0117271316        0.4126938625        0.2096892710        0.2096892710
       18.9437056498        0.0302636731        0.0302572563        0.0300274937        0.0302636731        0.0300274937        0.0302572563        0.9400921829        0.4406097999        0.4406097999
       19.0658507404        0.0476889079        0.0447942831        0.0443860428        0.0476889079        0.0443860428        0.0447942831        1.6217867523        0.4933041158        0.4933041158
       19.1879958310        0.0584830861        0.0581883776        0.0580739341        0.0584830861        0.0580739341        0.0581883776        2.3555392359        0.6088519704        0.6088519704
       19.3101409215        0.0496197996        0.0499662522        0.0499557013        0.0496197996        0.0499557013        0.0499662522        1.9384898104        0.6024574384        0.6024574384
       19.4322860121        0.0516908996        0.0516825426        0.0516234151        0.0516908996        0.0516234151        0.0516825426        1.6597282411        0.6236311862        0.6236311862
       19.5544311027        0.0622623153        0.0625776456        0.0625609075        0.0622623153        0.0625609075        0.0625776456        1.7230560178        0.7016058759        0.7016058759
       19.6765761933        0.0726060443        0.0730057189        0.0729994851        0.0726060443        0.0729994851        0.0730057189        1.9367693480        0.5965232102        0.5965232102
       19.7987212838        0.1364162145        0.1336251202        0.1342623064        0.1364162145        0.1342623064        0.1336251202        3.4921027837        0.5851506151        0.5851506151
       19.9208663744        0.0539783536        0.0538959160        0.0533401977        0.0539783536        0.0533401977        0.0538959160        1.3534032314        0.3611926422        0.3611926422
       20.0430114650        0.0863750302        0.0861288358        0.0863736669        0.0863750302        0.0863736669        0.0861288358        1.7524355947        1.0304347052        1.0304347052
       20.1651565556        0.0623779645        0.0575262390        0.0606042064        0.0623779645        0.0606042064        0.0575262390        0.9287380924        0.7749987929        0.7749987929
       20.2873016462        0.0622935410        0.0623822143        0.0623228885        0.0622935410        0.0623228885        0.0623822143        0.7454151160        0.8837577488        0.8837577488
       20.4094467367        0.0041403423        0.0041323429        0.0041339772        0.0041403423        0.0041339772        0.0041323429        0.0208166548        0.0754456112        0.0754456112
       20.5315918273        0.0000000000        0.0000000000        0.0000000000        0.0000000000        0.0000000000        0.0000000000        0.0000000000        0.0000000000        0.0000000000
       20.6537369179        0.0000000000        0.0000000000        0.0000000000        0.0000000000        0.0000000000        0.0000000000        0.0000000000        0.0000000000        0.0000000000
       20.7758820085        0.0000000000        0.0000000000        0.0000000000        0.0000000000        0.0000000000        0.0000000000        0.0000000000        0.0000000000        0.0000000000
       20.8980270991        0.0000000000        0.0000000000        0.0000000000        0.0000000000        0.0000000000        0.0000000000        0.0000000000        0.0000000000        0.0000000000
       21.0201721896        0.0000000000        0.0000000000        0.0000000000        0.0000000000        0.0000000000        0.0000000000        0.0000000000        0.0000000000        0.0000000000
       21.1423172802        0.0000000000        0.0000000000        0.0000000000        0.0000000000        0.0000000000        0.0000000000        0.0000000000        0.0000000000        0.0000000000
       21.2644623708        0.0000000000        0.0000000000        0.0000000000        0.0000000000        0.0000000000        0.0000000000        0.0000000000        0.0000000000        0.0000000000
       21.3866074614        0.0000000000        0.0000000000        0.0000000000        0.0000000000        0.0000000000        0.0000000000        0.0000000000        0.0000000000        0.0000000000
       21.5087525519        0.0000000000        0.0000000000        0.0000000000        0.0000000000        0.0000000000        0.0000000000        0.0000000000        0.0000000000        0.0000000000
       21.6308976425        0.0000000000        0.0000000000        0.0000000000        0.0000000000        0.0000000000        0.0000000000        0.0000000000        0.0000000000        0.0000000000
       21.7530427331        0.0000000000        0.0000000000        0.0000000000        0.0000000000        0.0000000000        0.0000000000        0.0000000000        0.0000000000        0.0000000000
       21.8751878237        0.0000000000        0.0000000000        0.0000000000        0.0000000000        0.0000000000        0.0000000000        0.0000000000        0.0000000000        0.0000000000
       21.9973329143        0.0000000000        0.0000000000        0.0000000000        0.0000000000        0.0000000000        0.0000000000        0.0000000000        0.0000000000        0.0000000000
       22.1194780048        0.0000000000        0.0000000000        0.0000000000        0.0000000000        0.0000000000        0.0000000000        0.0000000000        0.0000000000        0.0000000000
       22.2416230954        0.0000000000        0.0000000000        0.0000000000        0.0000000000        0.0000000000        0.0000000000        0.0000000000        0.0000000000        0.0000000000
       22.3637681860        0.0000000000        0.0000000000        0.0000000000        0.0000000000        0.0000000000        0.0000000000        0.0000000000        0.0000000000        0.0000000000
       22.4859132766        0.0000000000        0.0000000000        0.0000000000        0.0000000000        0.0000000000        0.0000000000        0.0000000000        0.0000000000        0.0000000000
