48   
6    

1    
  0.0044074102866705  -0.0089763430507613   0.0000000000000000
  -0.0847575800    0.1076710800   -0.0097580300
   0.0033767400    0.0046751500   -0.0002502600
  -0.0017361100    0.0072453700    0.0000554000
   0.0131828800    0.0125498600   -0.0017260600
   0.0007912800    0.0091356100    0.0014256300
   0.0004588300    0.0109191600   -0.0003149900
   0.0005137900    0.0109144200   -0.0005567900
   0.0011839400    0.0114535800    0.0001457300
   0.0088324000   -0.0032834800   -0.0021699100
   0.0013025300    0.0098071900    0.0000327600
  -0.0017369800    0.0113068500    0.0005863100
  -0.0024863800    0.0107696000   -0.0012879900
   0.0007804600    0.0101396500   -0.0002974000
   0.0002445800    0.0103196200    0.0002303000
  -0.0007731000    0.0108439800    0.0000591500
  -0.0020723700    0.0138595600    0.0020902200
   0.0007584600   -0.0105600800   -0.0011912100
   0.0012842300   -0.0114498500    0.0079738400
   0.0019638200   -0.0115963700   -0.0009047800
   0.0000097400   -0.0108300000   -0.0007276500
   0.0007680000   -0.0105540700   -0.0002496300
   0.0014725700   -0.0113463200   -0.0058344900
   0.0017608700   -0.0116749700    0.0038765500
   0.0000032900   -0.0108289400    0.0003880200
  -0.0003238800   -0.0115065400    0.0001860600
   0.0008349700   -0.0108873200   -0.0002889500
  -0.0015610600   -0.0097116600   -0.0006223700
  -0.0005564500   -0.0107601300    0.0006053800
  -0.0007797900   -0.0082892600   -0.0011428900
   0.0240808100   -0.0286246400   -0.0080109700
   0.0166598000   -0.0252371500    0.0076049500
  -0.0005520100   -0.0119512400   -0.0006323100
   0.0018151100   -0.0316785600   -0.0076137200
   0.0149786500   -0.0236776900    0.0086785800
  -0.0018383700   -0.0149714100    0.0006413100
   0.0001429100   -0.0117097900    0.0001307600
  -0.0000560800   -0.0119647400    0.0006478000
  -0.0000949500   -0.0111198200   -0.0003008100
   0.0002252500   -0.0113149300   -0.0007000300
  -0.0000265000   -0.0115713700   -0.0002615700
   0.0008720000    0.0105611200   -0.0033342200
  -0.0000962300    0.0119606100    0.0007690100
   0.0004042900    0.0116768500    0.0003966600
  -0.0001207600    0.0106063000    0.0001693500
   0.0005906800    0.0052194500    0.0130522700
   0.0017062200    0.0104706700   -0.0017022500
  -0.0019303400    0.0125977400   -0.0014476700
   0.0004998400    0.0123968900    0.0015809100

1    
 -0.0044074102866705   0.0089763430507613   0.0000000000000000
   0.0827276300   -0.0858053500    0.0092774800
  -0.0034038300    0.0172894500   -0.0004615000
   0.0017591100    0.0148115400   -0.0008479500
  -0.0130763500    0.0094203400    0.0010494800
  -0.0007600800    0.0128471100   -0.0022249100
  -0.0004343000    0.0110522000   -0.0004372800
  -0.0005266000    0.0111169100   -0.0002456500
  -0.0011492400    0.0104850300   -0.0008975900
  -0.0087369800    0.0252350100    0.0023126400
  -0.0013024200    0.0121594600    0.0007347900
   0.0017580200    0.0106621000    0.0002019400
   0.0024041400    0.0111910000    0.0020553000
  -0.0007698300    0.0118729700    0.0011018900
  -0.0002617000    0.0116382900    0.0005088000
   0.0007850900    0.0111474800    0.0007418600
   0.0020235000    0.0081718800   -0.0013135400
  -0.0007607600   -0.0114431500    0.0004077700
  -0.0012718200   -0.0105180200   -0.0087476600
  -0.0018995700   -0.0104086500    0.0000836100
  -0.0000041100   -0.0111536600   -0.0000664900
  -0.0007514900   -0.0114368500   -0.0006220400
  -0.0014787200   -0.0106080600    0.0050955300
  -0.0017081300   -0.0102939300   -0.0045868200
  -0.0000105100   -0.0111527900   -0.0011688000
   0.0003183200   -0.0104771500    0.0005956600
  -0.0008739700   -0.0110910800    0.0010881500
   0.0015359300   -0.0122735200    0.0014224900
   0.0005406800   -0.0112209600    0.0001456800
   0.0007680500   -0.0138088600    0.0020279200
  -0.0233008400    0.0065844900    0.0082381400
  -0.0166847600    0.0030891800   -0.0069585400
   0.0005336500   -0.0100623500    0.0013844900
  -0.0017697100    0.0098190900    0.0081909800
  -0.0140384500    0.0004566100   -0.0081133600
   0.0018202400   -0.0077217600   -0.0006683100
  -0.0001105600   -0.0110565100   -0.0001075800
   0.0000175300   -0.0107932000   -0.0006048400
   0.0001135100   -0.0116593300    0.0002437700
  -0.0002579500   -0.0114511500    0.0006611500
   0.0000659100   -0.0112013900    0.0002801200
  -0.0008658300    0.0122029200    0.0033152800
   0.0000831700    0.0108179400   -0.0007486800
  -0.0003885300    0.0110765900   -0.0003624000
   0.0001280800    0.0121732700   -0.0001987500
  -0.0005148700    0.0174918000   -0.0133440000
  -0.0017239900    0.0122835100    0.0017247400
   0.0019672400    0.0101597400    0.0014931600
  -0.0005139100    0.0103818200   -0.0016561200

1    
  0.0000000000000000   0.0000000000000000   0.0100000000000000
  -0.0000000000    0.0211699000   -0.2910826500
  -0.0004048200    0.0106896800   -0.0034007100
   0.0004048200    0.0106896800   -0.0034007100
  -0.0000000000    0.0125529200   -0.0033671300
  -0.0000000000    0.0089486300    0.0007664400
   0.0002387300    0.0110595200   -0.0005426100
  -0.0002387300    0.0110595200   -0.0005426100
  -0.0000000000    0.0104083200   -0.0005562000
  -0.0000000000    0.0085858300    0.1241552800
   0.0006093300    0.0109064100    0.0034158500
  -0.0006093300    0.0109064100    0.0034158500
  -0.0000000000    0.0091362000    0.0005904800
  -0.0000000000    0.0102594500   -0.0040004000
  -0.0002296600    0.0107250600    0.0009792900
   0.0002296600    0.0107250600    0.0009792900
  -0.0000000000    0.0129067000    0.0049532700
  -0.0000000000   -0.0107871800   -0.0002793400
   0.0110577700   -0.0116944000    0.0134887200
  -0.0110577700   -0.0116944000    0.0134887200
  -0.0000000000   -0.0101428400   -0.0012511900
  -0.0000000000   -0.0118918700   -0.0003151000
  -0.0100271300   -0.0066161600    0.0133571900
   0.0100271300   -0.0066161600    0.0133571900
  -0.0000000000   -0.0113769900   -0.0012506800
  -0.0000000000   -0.0107608400    0.0003457900
   0.0003527400   -0.0100531500   -0.0005722600
  -0.0003527400   -0.0100531500   -0.0005722600
  -0.0000000000   -0.0112451200    0.0006175000
  -0.0000000000   -0.0092513700    0.0004655800
  -0.0170553000   -0.0105919300    0.0298069400
   0.0170553000   -0.0105919300    0.0298069400
  -0.0000000000   -0.0098685500    0.0014638300
  -0.0000000000   -0.0042914900    0.0051448700
   0.0069332300   -0.0164217400    0.0058860100
  -0.0069332300   -0.0164217400    0.0058860100
  -0.0000000000   -0.0103817000   -0.0001449200
  -0.0000000000   -0.0120551900    0.0007645300
  -0.0012394600   -0.0123393300   -0.0008674500
   0.0012394600   -0.0123393300   -0.0008674500
  -0.0000000000   -0.0109236300    0.0001474800
  -0.0000000000    0.0103072800    0.0011579500
   0.0003839500    0.0120644600   -0.0005466700
  -0.0003839500    0.0120644600   -0.0005466700
  -0.0000000000    0.0109812200    0.0006701100
  -0.0000000000   -0.0037570700    0.0362219100
   0.0002584600    0.0114212000    0.0009658900
  -0.0002584600    0.0114212000    0.0009658900
  -0.0000000000    0.0131781400    0.0008422000

1    
  0.0000000000000000   0.0000000000000000  -0.0100000000000000
  -0.0000000000   -0.0000632600    0.2851300400
   0.0003851700    0.0113039200    0.0027226800
  -0.0003851700    0.0113039200    0.0027226800
  -0.0000000000    0.0094615600    0.0028066300
  -0.0000000000    0.0130100200   -0.0015036800
  -0.0002486300    0.0109477300   -0.0001189700
   0.0002486300    0.0109477300   -0.0001189700
  -0.0000000000    0.0115716100   -0.0001402800
  -0.0000000000    0.0135682200   -0.1156997300
  -0.0006187700    0.0110775800   -0.0027577400
   0.0006187700    0.0110775800   -0.0027577400
  -0.0000000000    0.0128547700    0.0001586700
  -0.0000000000    0.0118080400    0.0047704300
   0.0002328600    0.0112548500   -0.0003377400
  -0.0002328600    0.0112548500   -0.0003377400
  -0.0000000000    0.0091104200   -0.0042658200
  -0.0000000000   -0.0111942500   -0.0003561300
  -0.0109446100   -0.0103165200   -0.0140701200
   0.0109446100   -0.0103165200   -0.0140701200
  -0.0000000000   -0.0118686300    0.0005879100
  -0.0000000000   -0.0101036600   -0.0003916900
   0.0100628100   -0.0153741700   -0.0142001700
  -0.0100628100   -0.0153741700   -0.0142001700
  -0.0000000000   -0.0106317400    0.0005880100
  -0.0000000000   -0.0112121400    0.0002858500
  -0.0004047300   -0.0119539600    0.0012912700
   0.0004047300   -0.0119539600    0.0012912700
  -0.0000000000   -0.0107286400    0.0000240100
  -0.0000000000   -0.0127773800    0.0001801300
   0.0179016100   -0.0115239900   -0.0295271900
  -0.0179016100   -0.0115239900   -0.0295271900
  -0.0000000000   -0.0121108300   -0.0008072400
  -0.0000000000   -0.0186010200   -0.0050503200
  -0.0067870200   -0.0065449800   -0.0058824100
   0.0067870200   -0.0065449800   -0.0058824100
  -0.0000000000   -0.0125440100    0.0001896200
  -0.0000000000   -0.0108529900   -0.0007079700
   0.0012679600   -0.0105787200    0.0008189100
  -0.0012679600   -0.0105787200    0.0008189100
  -0.0000000000   -0.0120052000   -0.0001010100
  -0.0000000000    0.0125703300   -0.0011325400
  -0.0003864500    0.0108630700    0.0005983400
   0.0003864500    0.0108630700    0.0005983400
  -0.0000000000    0.0119489400   -0.0007200500
  -0.0000000000    0.0277368700   -0.0382074600
  -0.0002740400    0.0114948100   -0.0008975900
   0.0002740400    0.0114948100   -0.0008975900
  -0.0000000000    0.0097537400   -0.0009159000

33   
  0.0024183318671540  -0.0049252905988384   0.0083602143212541
   0.0009822200    0.0070037800    0.0003949400
   0.0152101000    0.0004958400    0.0084598600
  -0.0085449400    0.0046644600    0.0053149500
   0.0000680200    0.0106996300   -0.0010198500
  -0.0000185700    0.0100863400    0.0005600300
   0.0003133600    0.0115556800   -0.0009162400
  -0.0002348200    0.0114634700   -0.0003087200
  -0.0000265600    0.0111447700   -0.0005176500
   0.0009536000   -0.0081928200    0.0082379300
   0.0009335900    0.0086214800    0.0011445400
   0.0060711600    0.0130970100    0.0044949200
   0.0000692900    0.0109055800    0.0007278600
  -0.0000259500    0.0112434000    0.0006641900
  -0.0004756800    0.0106799800   -0.0004756900
   0.0005376300    0.0105794300   -0.0010850100
  -0.0000296800    0.0106232400    0.0007113800
   0.0002918000   -0.0018214200    0.0232491900
   0.0013658700   -0.0128785500    0.0003345600
  -0.0014813600   -0.0118934800    0.0004691200
   0.0002897700   -0.0089021400    0.0012204600
   0.0004815000   -0.0144836800    0.0000494900
  -0.0004229900   -0.0101455300   -0.0006270200
   0.0006000600   -0.0102748000   -0.0004434100
  -0.0000592400   -0.0112316400   -0.0000179600
   0.0004727300   -0.0083121600    0.0018994400
   0.0002954600   -0.0112017600   -0.0003320600
  -0.0001271700   -0.0113358800   -0.0005237800
  -0.0000682900   -0.0115919000    0.0011705200
   0.0003127800   -0.0261527700    0.0381905300
   0.0008875100   -0.0099172600    0.0012073900
  -0.0010160700   -0.0089278700    0.0010833300
   0.0002773800   -0.0119143000    0.0002575600
  -0.0193938200    0.0413537200   -0.0967620800
   0.0011795500   -0.0142351500    0.0004621300
  -0.0005179000   -0.0134052500    0.0004687700
   0.0010043800   -0.0103731600    0.0006407000
   0.0001163300   -0.0110903200    0.0027991200
  -0.0001631800   -0.0113624600   -0.0008197000
   0.0000872100   -0.0114860400   -0.0008188200
  -0.0000782400   -0.0112152400   -0.0001910400
  -0.0001395500    0.0124687900   -0.0047044800
  -0.0014594500    0.0112512800    0.0012366300
   0.0014394700    0.0115565600    0.0022521000
   0.0001099200    0.0115509100   -0.0000912600
  -0.0001376200    0.0112517800   -0.0039408000
   0.0020202400    0.0091983400    0.0034437100
  -0.0020566700    0.0094867200    0.0024397900
   0.0001068400    0.0113633900    0.0000104300

33   
 -0.0024183318671540   0.0049252905988384  -0.0083602143212541
  -0.0009868300    0.0150502100   -0.0010701800
  -0.0158595300    0.0219385700   -0.0095604800
   0.0086088800    0.0173011400   -0.0060689300
  -0.0000696800    0.0112777100    0.0003390900
   0.0000215600    0.0118931800   -0.0012513900
  -0.0003103200    0.0103911400    0.0002373700
   0.0002390100    0.0104858300   -0.0003714800
   0.0000254400    0.0108408800   -0.0001787000
  -0.0010137400    0.0292976500   -0.0073378700
  -0.0007738900    0.0132023400   -0.0005275300
  -0.0061260400    0.0088788500   -0.0038080000
  -0.0000684700    0.0110445400   -0.0000617900
   0.0000142900    0.0107224300    0.0000224000
   0.0004494300    0.0112871100    0.0011820700
  -0.0005375500    0.0113733400    0.0017891100
   0.0000223500    0.0113335200   -0.0000332800
  -0.0003140700   -0.0196773600   -0.0234510800
  -0.0013430100   -0.0090964000   -0.0010447300
   0.0014829500   -0.0100852900   -0.0011682000
  -0.0002675700   -0.0130252500   -0.0019326300
  -0.0004721300   -0.0073918700   -0.0007494400
   0.0004310200   -0.0118129800   -0.0000624300
  -0.0005914100   -0.0116805300   -0.0002517400
   0.0000764600   -0.0107174900   -0.0007001200
  -0.0004809100   -0.0136022400   -0.0011409800
  -0.0002904500   -0.0107526300    0.0010262800
   0.0001212500   -0.0106249500    0.0012077300
   0.0000674100   -0.0103865100   -0.0004806500
  -0.0002918000    0.0051812200   -0.0395587600
  -0.0008998300   -0.0120688400   -0.0005193800
   0.0010266900   -0.0130537400   -0.0003857400
  -0.0002798500   -0.0100025000    0.0004622100
   0.0199253800   -0.0654123200    0.0987517200
  -0.0011745600   -0.0085216300   -0.0004447300
   0.0005155000   -0.0093551100   -0.0004381100
  -0.0010077600   -0.0124003400   -0.0006534600
  -0.0001125200   -0.0116613900   -0.0028158000
   0.0001661100   -0.0114117900    0.0008311000
  -0.0000872900   -0.0112879400    0.0008320200
   0.0000768300   -0.0115481000    0.0001752500
   0.0001345900    0.0103191700    0.0046700700
   0.0014688300    0.0114936800   -0.0012592300
  -0.0014428500    0.0112050000   -0.0022744600
  -0.0001072700    0.0112202000    0.0001172900
   0.0001364000    0.0115406900    0.0039977900
  -0.0020717600    0.0136015600   -0.0035344700
   0.0020810300    0.0132959900   -0.0025075900
  -0.0001103200    0.0114012300    0.0000019100
