# Tetrahedron method
       -2.6565034945        0.0000000000        0.0000000000        0.0000000000        0.0000000000        0.0000000000        0.0000000000
       -2.4685548683        0.0000000000        0.0000000000        0.0000000000        0.0000000000        0.0000000000        0.0000000000
       -2.2806062421        0.0000000000        0.0000000000        0.0000000000        0.0000000000        0.0000000000        0.0000000000
       -2.0926576160        0.0000000000        0.0000000000        0.0000000000        0.0000000000        0.0000000000        0.0000000000
       -1.9047089898        0.0000000000        0.0000000000        0.0000000000        0.0000000000        0.0000000000        0.0000000000
       -1.7167603636        0.0000000000        0.0000000000        0.0000000000        0.0000000000        0.0000000000        0.0000000000
       -1.5288117375        0.0000000000        0.0000000000        0.0000000000        0.0000000000        0.0000000000        0.0000000000
       -1.3408631113        0.0000000000        0.0000000000        0.0000000000        0.0000000000        0.0000000000        0.0000000000
       -1.1529144851        0.0000000000        0.0000000000        0.0000000000        0.0000000000        0.0000000000        0.0000000000
       -0.9649658590        0.0000000000        0.0000000000        0.0000000000        0.0000000000        0.0000000000        0.0000000000
       -0.7770172328        0.0000000000        0.0000000000        0.0000000000        0.0000000000        0.0000000000        0.0000000000
       -0.5890686066        0.0000000000        0.0000000000        0.0000000000        0.0000000000        0.0000000000        0.0000000000
       -0.4011199805        0.0000000000        0.0000000000        0.0000000000        0.0000000000        0.0000000000        0.0000000000
       -0.2131713543        0.0000000000        0.0000000000        0.0000000000        0.0000000000        0.0000000000        0.0000000000
       -0.0252227281        0.0000000000        0.0000000000        0.0000000000        0.0000000000        0.0000000000        0.0000000000
        0.1627258980        0.0000000000        0.0000000000        0.0000000000        0.0000000000        0.0000000000        0.0000000000
        0.3506745242        0.0000000000        0.0000000000        0.0000000000        0.0000000000        0.0000000000        0.0000000000
        0.5386231504        0.0000819502        0.0000819684        0.0000819684        0.0000819502        0.0000683524        0.0000683524
        0.7265717765        0.0002465381        0.0002466728        0.0002466728        0.0002465381        0.0002058804        0.0002058804
        0.9145204027        0.0004337583        0.0004338999        0.0004338999        0.0004337583        0.0003625954        0.0003625954
        1.1024690288        0.0006732460        0.0006734317        0.0006734317        0.0006732460        0.0005634768        0.0005634768
        1.2904176550        0.0009273114        0.0009277139        0.0009277139        0.0009273114        0.0007771343        0.0007771343
        1.4783662812        0.0012441006        0.0012443423        0.0012443423        0.0012441006        0.0010442160        0.0010442160
        1.6663149073        0.0015558028        0.0015567955        0.0015567955        0.0015558028        0.0013082300        0.0013082300
        1.8542635335        0.0020477511        0.0020481846        0.0020481846        0.0020477511        0.0017256396        0.0017256396
        2.0422121597        0.0024484468        0.0024492802        0.0024492802        0.0024484468        0.0020690802        0.0020690802
        2.2301607858        0.0030202441        0.0030214166        0.0030214166        0.0030202441        0.0025613347        0.0025613347
        2.4181094120        0.0035306984        0.0035320955        0.0035320955        0.0035306984        0.0030040105        0.0030040105
        2.6060580382        0.0042104145        0.0042110423        0.0042110423        0.0042104145        0.0035974458        0.0035974458
        2.7940066643        0.0049295812        0.0049317986        0.0049317986        0.0049295812        0.0042382836        0.0042382836
        2.9819552905        0.0058455798        0.0058472783        0.0058472783        0.0058455798        0.0050761683        0.0050761683
        3.1699039167        0.0077359439        0.0077379567        0.0077379567        0.0077359439        0.0070709619        0.0070709619
        3.3578525428        0.0085373950        0.0085403819        0.0085403819        0.0085373950        0.0078016239        0.0078016239
        3.5458011690        0.0093523690        0.0093557718        0.0093557718        0.0093523690        0.0085497040        0.0085497040
        3.7337497952        0.0103302738        0.0103345780        0.0103345780        0.0103302738        0.0094747408        0.0094747408
        3.9216984213        0.0112335858        0.0112361320        0.0112361320        0.0112335858        0.0103100135        0.0103100135
        4.1096470475        0.0122457408        0.0122498670        0.0122498670        0.0122457408        0.0112528470        0.0112528470
        4.2975956737        0.0133456916        0.0133490787        0.0133490787        0.0133456916        0.0122920340        0.0122920340
        4.4855442998        0.0145139363        0.0145197494        0.0145197494        0.0145139363        0.0134082647        0.0134082647
        4.6734929260        0.0156684883        0.0156759316        0.0156759316        0.0156684883        0.0145132209        0.0145132209
        4.8614415522        0.0169392993        0.0169441835        0.0169441835        0.0169392993        0.0157258896        0.0157258896
        5.0493901783        0.0182947400        0.0182989672        0.0182989672        0.0182947400        0.0170251635        0.0170251635
        5.2373388045        0.0197584567        0.0197659506        0.0197659506        0.0197584567        0.0184473768        0.0184473768
        5.4252874307        0.0213079375        0.0213162274        0.0213162274        0.0213079375        0.0199619127        0.0199619127
        5.6132360568        0.0229394808        0.0229480507        0.0229480507        0.0229394808        0.0215539638        0.0215539638
        5.8011846830        0.0247403267        0.0247447061        0.0247447061        0.0247403267        0.0232971351        0.0232971351
        5.9891333092        0.0267470572        0.0267555027        0.0267555027        0.0267470572        0.0252314627        0.0252314627
        6.1770819353        0.0294685132        0.0294745938        0.0294745938        0.0294685132        0.0277286926        0.0277286926
        6.3650305615        0.0311749248        0.0311834467        0.0311834467        0.0311749248        0.0296541539        0.0296541539
        6.5529791877        0.0331668551        0.0331679007        0.0331679007        0.0331668551        0.0319031914        0.0319031914
        6.7409278138        0.0344585284        0.0344661601        0.0344661601        0.0344585284        0.0335561611        0.0335561611
        6.9288764400        0.0369140082        0.0369208309        0.0369208309        0.0369140082        0.0363963649        0.0363963649
        7.1168250662        0.0393917921        0.0394078876        0.0394078876        0.0393917921        0.0394375905        0.0394375905
        7.3047736923        0.0422348738        0.0422453904        0.0422453904        0.0422348738        0.0430323063        0.0430323063
        7.4927223185        0.0473862419        0.0473793297        0.0473793297        0.0473862419        0.0495590013        0.0495590013
        7.6806709447        0.0478035691        0.0477946217        0.0477946217        0.0478035691        0.0507146149        0.0507146149
        7.8686195708        0.0491431194        0.0491414267        0.0491414267        0.0491431194        0.0529718414        0.0529718414
        8.0565681970        0.0520018670        0.0520262410        0.0520262410        0.0520018670        0.0570474087        0.0570474087
        8.2445168232        0.0554927783        0.0554971062        0.0554971062        0.0554927783        0.0620189185        0.0620189185
        8.4324654493        0.0610534608        0.0610649556        0.0610649556        0.0610534608        0.0698812917        0.0698812917
        8.6204140755        0.0649883608        0.0650119217        0.0650119217        0.0649883608        0.0757594222        0.0757594222
        8.8083627017        0.0666787393        0.0666646199        0.0666646199        0.0666787393        0.0786145447        0.0786145447
        8.9963113278        0.0691266887        0.0691298426        0.0691298426        0.0691266887        0.0824717855        0.0824717855
        9.1842599540        0.0705746005        0.0705764091        0.0705764091        0.0705746005        0.0849725512        0.0849725512
        9.3722085802        0.0724055115        0.0723922671        0.0723922671        0.0724055115        0.0878493611        0.0878493611
        9.5601572063        0.0754311232        0.0754616823        0.0754616823        0.0754311232        0.0923049515        0.0923049515
        9.7481058325        0.0788025994        0.0788814644        0.0788814644        0.0788025994        0.0971185921        0.0971185921
        9.9360544587        0.0829953204        0.0830658706        0.0830658706        0.0829953204        0.1026985225        0.1026985225
       10.1240030848        0.0886373871        0.0886672988        0.0886672988        0.0886373871        0.1094776374        0.1094776374
       10.3119517110        0.0953882804        0.0954172081        0.0954172081        0.0953882804        0.1165118775        0.1165118775
       10.4999003372        0.1124435387        0.1124696517        0.1124696517        0.1124435387        0.1330653597        0.1330653597
       10.6878489633        0.1120013086        0.1118013980        0.1118013980        0.1120013086        0.1301854572        0.1301854572
       10.8757975895        0.1119433198        0.1117537001        0.1117537001        0.1119433198        0.1292941136        0.1292941136
       11.0637462157        0.0830401553        0.0829296212        0.0829296212        0.0830401553        0.0830360837        0.0830360837
       11.2516948418        0.0789103600        0.0789562817        0.0789562817        0.0789103600        0.0743521010        0.0743521010
       11.4396434680        0.0852013389        0.0851266480        0.0851266480        0.0852013389        0.0771272305        0.0771272305
       11.6275920942        0.0723508306        0.0722074124        0.0722074124        0.0723508306        0.0662560319        0.0662560319
       11.8155407203        0.0679204710        0.0678912096        0.0678912096        0.0679204710        0.0644611785        0.0644611785
       12.0034893465        0.0706109222        0.0706186137        0.0706186137        0.0706109222        0.0713930625        0.0713930625
       12.1914379727        0.0787953639        0.0787406237        0.0787406237        0.0787953639        0.0871277303        0.0871277303
       12.3793865988        0.0718415843        0.0717277504        0.0717277504        0.0718415843        0.0826991472        0.0826991472
       12.5673352250        0.0734797535        0.0733982329        0.0733982329        0.0734797535        0.0865773265        0.0865773265
       12.7552838512        0.0775393821        0.0774969341        0.0774969341        0.0775393821        0.0930241626        0.0930241626
       12.9432324773        0.0843226341        0.0841506117        0.0841506117        0.0843226341        0.1027068161        0.1027068161
       13.1311811035        0.1028207680        0.1026581234        0.1026581234        0.1028207680        0.1218669097        0.1218669097
       13.3191297297        0.1072233196        0.1073263782        0.1073263782        0.1072233196        0.1389535477        0.1389535477
       13.5070783558        0.1086563888        0.1086639760        0.1086639760        0.1086563888        0.1497798012        0.1497798012
       13.6950269820        0.1046684345        0.1047053696        0.1047053696        0.1046684345        0.1627327650        0.1627327650
       13.8829756081        0.1060896655        0.1060998679        0.1060998679        0.1060896655        0.1755823237        0.1755823237
       14.0709242343        0.1080593312        0.1081010385        0.1081010385        0.1080593312        0.1794795766        0.1794795766
       14.2588728605        0.1232888875        0.1233220072        0.1233220072        0.1232888875        0.2073780043        0.2073780043
       14.4468214866        0.1324443641        0.1327088491        0.1327088491        0.1324443641        0.2018881969        0.2018881969
       14.6347701128        0.1148765094        0.1146098458        0.1146098458        0.1148765094        0.1703901899        0.1703901899
       14.8227187390        0.0932280927        0.0933297889        0.0933297889        0.0932280927        0.1634804373        0.1634804373
       15.0106673651        0.1034932333        0.1034558544        0.1034558544        0.1034932333        0.2114269398        0.2114269398
       15.1986159913        0.1267511296        0.1267540665        0.1267540665        0.1267511296        0.2956413949        0.2956413949
       15.3865646175        0.1423773987        0.1424278051        0.1424278051        0.1423773987        0.4610890972        0.4610890972
       15.5745132436        0.1284241588        0.1283373999        0.1283373999        0.1284241588        0.3923547600        0.3923547600
       15.7624618698        0.1617585676        0.1623210060        0.1623210060        0.1617585676        0.4731845195        0.4731845195
       15.9504104960        0.1494677820        0.1500142377        0.1500142377        0.1494677820        0.5277371154        0.5277371154
       16.1383591221        0.1630871069        0.1625986073        0.1625986073        0.1630871069        0.4531756529        0.4531756529
       16.3263077483        0.2099547653        0.2096554920        0.2096554920        0.2099547653        0.4431275312        0.4431275312
       16.5142563745        0.2376749439        0.2374292332        0.2374292332        0.2376749439        0.5695935381        0.5695935381
       16.7022050006        0.2144295007        0.2143792597        0.2143792597        0.2144295007        0.3396853825        0.3396853825
       16.8901536268        0.1820932860        0.1821132299        0.1821132299        0.1820932860        0.2881001782        0.2881001782
       17.0781022530        0.1497578356        0.1512556832        0.1512556832        0.1497578356        0.2457017544        0.2457017544
       17.2660508791        0.1387493368        0.1389739643        0.1389739643        0.1387493368        0.2266131009        0.2266131009
       17.4539995053        0.1687044929        0.1687711400        0.1687711400        0.1687044929        0.2805558781        0.2805558781
       17.6419481315        0.1769673163        0.1769569877        0.1769569877        0.1769673163        0.4352828764        0.4352828764
       17.8298967576        0.2072615704        0.2067998889        0.2067998889        0.2072615704        0.4817615632        0.4817615632
       18.0178453838        0.1594885037        0.1592031229        0.1592031229        0.1594885037        0.3201211354        0.3201211354
       18.2057940100        0.2077609025        0.2075020889        0.2075020889        0.2077609025        0.2832754185        0.2832754185
       18.3937426361        0.2070220392        0.2069327814        0.2069327814        0.2070220392        0.2510322407        0.2510322407
       18.5816912623        0.2215379143        0.2203005596        0.2203005596        0.2215379143        0.2775225659        0.2775225659
       18.7696398885        0.3089428952        0.3067458999        0.3067458999        0.3089428952        0.4374331183        0.4374331183
       18.9575885146        0.2560379603        0.2612977650        0.2612977650        0.2560379603        0.4097264359        0.4097264359
       19.1455371408        0.2598581540        0.2599124154        0.2599124154        0.2598581540        0.4153530003        0.4153530003
       19.3334857670        0.2223344688        0.2221415188        0.2221415188        0.2223344688        0.4024829335        0.4024829335
       19.5214343931        0.2020195437        0.2018604943        0.2018604943        0.2020195437        0.3562356182        0.3562356182
       19.7093830193        0.1121810658        0.1127388485        0.1127388485        0.1121810658        0.1992307801        0.1992307801
       19.8973316455        0.0619639148        0.0621238194        0.0621238194        0.0619639148        0.1061126336        0.1061126336
       20.0852802716        0.0507283846        0.0507835004        0.0507835004        0.0507283846        0.0528006143        0.0528006143
       20.2732288978        0.0800842059        0.0803182642        0.0803182642        0.0800842059        0.1179927718        0.1179927718
       20.4611775240        0.1016923916        0.1015638210        0.1015638210        0.1016923916        0.1627849278        0.1627849278
       20.6491261501        0.1692452133        0.1691744103        0.1691744103        0.1692452133        0.2508257116        0.2508257116
       20.8370747763        0.1385755558        0.1385782668        0.1385782668        0.1385755558        0.1859831060        0.1859831060
       21.0250234025        0.1284801118        0.1284776616        0.1284776616        0.1284801118        0.1593682031        0.1593682031
       21.2129720286        0.0920218544        0.0920068188        0.0920068188        0.0920218544        0.0651103373        0.0651103373
       21.4009206548        0.0771516087        0.0771441263        0.0771441263        0.0771516087        0.0356623293        0.0356623293
       21.5888692810        0.0730727826        0.0730743932        0.0730743932        0.0730727826        0.0261081539        0.0261081539
       21.7768179071        0.0721915166        0.0721907763        0.0721907763        0.0721915166        0.0211349789        0.0211349789
       21.9647665333        0.0734176747        0.0734210926        0.0734210926        0.0734176747        0.0183631808        0.0183631808
       22.1527151595        0.0761531791        0.0761513134        0.0761513134        0.0761531791        0.0168061612        0.0168061612
       22.3406637856        0.0812676975        0.0812665007        0.0812665007        0.0812676975        0.0163042234        0.0163042234
       22.5286124118        0.0883244558        0.0883212206        0.0883212206        0.0883244558        0.0164592294        0.0164592294
       22.7165610380        0.1051260961        0.1051168060        0.1051168060        0.1051260961        0.0178668250        0.0178668250
       22.9045096641        0.1351344682        0.1351189490        0.1351189490        0.1351344682        0.0219233307        0.0219233307
       23.0924582903        0.1611865868        0.1611825941        0.1611825941        0.1611865868        0.0245801480        0.0245801480
       23.2804069165        0.1365739793        0.1365941299        0.1365941299        0.1365739793        0.0188435108        0.0188435108
       23.4683555426        0.1296569592        0.1297476376        0.1297476376        0.1296569592        0.0165619540        0.0165619540
       23.6563041688        0.0747355769        0.0748624993        0.0748624993        0.0747355769        0.0081908545        0.0081908545
       23.8442527950        0.0873127957        0.0874711649        0.0874711649        0.0873127957        0.0091755850        0.0091755850
       24.0322014211        0.1300090289        0.1301959300        0.1301959300        0.1300090289        0.0137052914        0.0137052914
       24.2201500473        0.1568856702        0.1566979588        0.1566979588        0.1568856702        0.0126336443        0.0126336443
       24.4080986735        0.1505888154        0.1505902609        0.1505902609        0.1505888154        0.0114371941        0.0114371941
       24.5960472996        0.2431955722        0.2428305323        0.2428305323        0.2431955722        0.0313102600        0.0313102600
       24.7839959258        0.4253100276        0.4253305563        0.4253305563        0.4253100276        0.0696003088        0.0696003088
       24.9719445520        0.5301801703        0.5310166406        0.5310166406        0.5301801703        0.0864708379        0.0864708379
       25.1598931781        0.3437020988        0.3438519013        0.3438519013        0.3437020988        0.0631712343        0.0631712343
       25.3478418043        0.2659280767        0.2660433257        0.2660433257        0.2659280767        0.0581291940        0.0581291940
       25.5357904305        0.1699660966        0.1698972401        0.1698972401        0.1699660966        0.0369593803        0.0369593803
       25.7237390566        0.0966879151        0.0966206417        0.0966206417        0.0966879151        0.0177955828        0.0177955828
       25.9116876828        0.0184783783        0.0184738870        0.0184738870        0.0184783783        0.0046044830        0.0046044830
       26.0996363090        0.0111658566        0.0111642405        0.0111642405        0.0111658566        0.0028953243        0.0028953243
       26.2875849351        0.0026172059        0.0026170906        0.0026170906        0.0026172059        0.0006979458        0.0006979458
       26.4755335613        0.0000000000        0.0000000000        0.0000000000        0.0000000000        0.0000000000        0.0000000000
       26.6634821874        0.0000000000        0.0000000000        0.0000000000        0.0000000000        0.0000000000        0.0000000000
       26.8514308136        0.0000000000        0.0000000000        0.0000000000        0.0000000000        0.0000000000        0.0000000000
       27.0393794398        0.0000000000        0.0000000000        0.0000000000        0.0000000000        0.0000000000        0.0000000000
       27.2273280659        0.0000000000        0.0000000000        0.0000000000        0.0000000000        0.0000000000        0.0000000000
       27.4152766921        0.0000000000        0.0000000000        0.0000000000        0.0000000000        0.0000000000        0.0000000000
       27.6032253183        0.0000000000        0.0000000000        0.0000000000        0.0000000000        0.0000000000        0.0000000000
       27.7911739444        0.0000000000        0.0000000000        0.0000000000        0.0000000000        0.0000000000        0.0000000000
       27.9791225706        0.0000000000        0.0000000000        0.0000000000        0.0000000000        0.0000000000        0.0000000000
       28.1670711968        0.0000000000        0.0000000000        0.0000000000        0.0000000000        0.0000000000        0.0000000000
       28.3550198229        0.0000000000        0.0000000000        0.0000000000        0.0000000000        0.0000000000        0.0000000000
       28.5429684491        0.0000000000        0.0000000000        0.0000000000        0.0000000000        0.0000000000        0.0000000000
       28.7309170753        0.0000000000        0.0000000000        0.0000000000        0.0000000000        0.0000000000        0.0000000000
       28.9188657014        0.0000000000        0.0000000000        0.0000000000        0.0000000000        0.0000000000        0.0000000000
       29.1068143276        0.0000000000        0.0000000000        0.0000000000        0.0000000000        0.0000000000        0.0000000000
       29.2947629538        0.0000000000        0.0000000000        0.0000000000        0.0000000000        0.0000000000        0.0000000000
       29.4827115799        0.0000000000        0.0000000000        0.0000000000        0.0000000000        0.0000000000        0.0000000000
       29.6706602061        0.0000000000        0.0000000000        0.0000000000        0.0000000000        0.0000000000        0.0000000000
       29.8586088323        0.0336917996        0.0336784275        0.0336784275        0.0336917996        0.0002715379        0.0002715379
       30.0465574584        0.0968692984        0.0968536876        0.0968536876        0.0968692984        0.0015144468        0.0015144468
       30.2345060846        0.1405447549        0.1405412392        0.1405412392        0.1405447549        0.0038257007        0.0038257007
       30.4224547108        0.3025595888        0.3026130864        0.3026130864        0.3025595888        0.0132991408        0.0132991408
       30.6104033369        0.3216681083        0.3217369577        0.3217369577        0.3216681083        0.0158845398        0.0158845398
       30.7983519631        0.3498423754        0.3499070820        0.3499070820        0.3498423754        0.0190832634        0.0190832634
       30.9863005893        0.4075609156        0.4075110087        0.4075110087        0.4075609156        0.0261524568        0.0261524568
       31.1742492154        0.4826607660        0.4825667133        0.4825667133        0.4826607660        0.0348343824        0.0348343824
       31.3621978416        0.2414333658        0.2413804735        0.2413804735        0.2414333658        0.0161778958        0.0161778958
       31.5501464678        0.1423499836        0.1423513781        0.1423513781        0.1423499836        0.0093483884        0.0093483884
       31.7380950939        0.0605330190        0.0605346489        0.0605346489        0.0605330190        0.0039613905        0.0039613905
       31.9260437201        0.0000000000        0.0000000000        0.0000000000        0.0000000000        0.0000000000        0.0000000000
       32.1139923463        0.0000000000        0.0000000000        0.0000000000        0.0000000000        0.0000000000        0.0000000000
       32.3019409724        0.0000000000        0.0000000000        0.0000000000        0.0000000000        0.0000000000        0.0000000000
       32.4898895986        0.0000000000        0.0000000000        0.0000000000        0.0000000000        0.0000000000        0.0000000000
       32.6778382248        0.0000000000        0.0000000000        0.0000000000        0.0000000000        0.0000000000        0.0000000000
       32.8657868509        0.0000000000        0.0000000000        0.0000000000        0.0000000000        0.0000000000        0.0000000000
       33.0537354771        0.0000000000        0.0000000000        0.0000000000        0.0000000000        0.0000000000        0.0000000000
       33.2416841033        0.0000000000        0.0000000000        0.0000000000        0.0000000000        0.0000000000        0.0000000000
       33.4296327294        0.0000000000        0.0000000000        0.0000000000        0.0000000000        0.0000000000        0.0000000000
       33.6175813556        0.0000000000        0.0000000000        0.0000000000        0.0000000000        0.0000000000        0.0000000000
       33.8055299818        0.0000000000        0.0000000000        0.0000000000        0.0000000000        0.0000000000        0.0000000000
       33.9934786079        0.0000000000        0.0000000000        0.0000000000        0.0000000000        0.0000000000        0.0000000000
       34.1814272341        0.0000000000        0.0000000000        0.0000000000        0.0000000000        0.0000000000        0.0000000000
       34.3693758603        0.0000000000        0.0000000000        0.0000000000        0.0000000000        0.0000000000        0.0000000000
       34.5573244864        0.0000000000        0.0000000000        0.0000000000        0.0000000000        0.0000000000        0.0000000000
       34.7452731126        0.0000000000        0.0000000000        0.0000000000        0.0000000000        0.0000000000        0.0000000000
       34.9332217388        0.0000000000        0.0000000000        0.0000000000        0.0000000000        0.0000000000        0.0000000000
