96   
5    

1    
  0.0052325157880681   0.0000000000000000   0.0085217825909617
  -0.0471539100    0.0000016600   -0.1306773800
  -0.0001786600   -0.0003042100   -0.0000918400
   0.0002285600    0.0002317800    0.0000666500
  -0.0003040200    0.0000690500   -0.0002454600
   0.0000699100   -0.0000067300   -0.0000295100
   0.0000579100   -0.0000305400    0.0000229800
   0.0000511400    0.0000029300    0.0000304900
   0.0000101700    0.0000344000    0.0000065700
   0.0012811700    0.0005378500    0.0255182200
  -0.0141606100   -0.0082816700    0.0001430500
  -0.0141972800   -0.0083745000   -0.0000219400
  -0.0142163300   -0.0084267500    0.0002125200
  -0.0142313400   -0.0082439400    0.0002257400
  -0.0140391400   -0.0081337900    0.0000749100
  -0.0141241400   -0.0081463900    0.0000067800
  -0.0140216600   -0.0081055300    0.0001049900
   0.0147120700   -0.0080495900    0.0001882300
   0.0084823900   -0.0046137300    0.0098758400
   0.0140875200   -0.0080161500   -0.0001494400
   0.0143600900   -0.0084089000    0.0001091000
   0.0140214200   -0.0080536100    0.0001032500
   0.0142034600   -0.0081978400    0.0001331200
   0.0141080100   -0.0081284000    0.0000434000
   0.0140059500   -0.0080894000    0.0000764000
   0.0004037100    0.0167097600    0.0002474200
   0.0001602900    0.0164638400    0.0000987000
   0.0002554400    0.0163442700   -0.0000919500
   0.0004206600    0.0041642500    0.0176204700
   0.0000499100    0.0161768100    0.0001115800
   0.0000168400    0.0162105700    0.0000545300
   0.0000075000    0.0162974800    0.0000313200
   0.0000259300    0.0164144100    0.0001866800
  -0.0000983100    0.0000215100    0.0031932700
   0.0001941800   -0.0000274300   -0.0000408000
   0.0000941700   -0.0000790100   -0.0000743300
   0.0000093400    0.0000853900   -0.0000184900
  -0.0000614900   -0.0000199100    0.0032160700
   0.0001595700   -0.0000746800   -0.0000501600
   0.0000993000   -0.0000151800   -0.0000767200
   0.0000044800    0.0001092700   -0.0000126900
  -0.0000092400   -0.0160617800    0.0001693200
   0.0000440800   -0.0161813600    0.0000003700
   0.0000146200   -0.0162844500    0.0000840000
   0.0000515000   -0.0163202400    0.0001156800
   0.0005171100   -0.0278983600    0.0171902200
   0.0002465000   -0.0161454300   -0.0000826800
   0.0001446500   -0.0160105300    0.0000657300
   0.0004147900   -0.0157790600    0.0002332100
  -0.0141314900    0.0081276100    0.0000604500
  -0.0140072900    0.0081193300    0.0000256300
  -0.0139450400    0.0080391600    0.0001588100
  -0.0141153400    0.0082188200    0.0000947300
  -0.0137545600    0.0078545700    0.0001201900
  -0.0140323000    0.0082575600   -0.0001508000
  -0.0195572700    0.0115664800    0.0098281300
  -0.0134402400    0.0081685600    0.0001865500
   0.0140947300    0.0081398000    0.0000947300
   0.0140125800    0.0080715100   -0.0000167700
   0.0141095500    0.0081057000    0.0000973300
   0.0139033400    0.0080257300    0.0002235100
   0.0139014700    0.0078234000    0.0002177200
   0.0139183200    0.0079070600   -0.0000163500
   0.0139668500    0.0079427100    0.0001164700
   0.0287337500    0.0162676500    0.0243924600
  -0.0004145100    0.0011514700    0.0245939200
   0.0010685200    0.0000043700    0.0215999400
   0.0067314000   -0.0041340300    0.0269349100
   0.0045822500    0.0028765800    0.0222737800
  -0.0000637600   -0.0003800000    0.0221781600
  -0.0000466000    0.0000001100    0.0216861800
  -0.0003512300    0.0001642300    0.0223132800
   0.0003077700    0.0002128100    0.0220475200
  -0.0004048100    0.0024671500   -0.0196603300
  -0.0002151300   -0.0000001300   -0.0220657000
   0.0026249500   -0.0017511100   -0.0190157700
  -0.0016458500   -0.0007183800   -0.0202996900
   0.0001727600    0.0019692800   -0.0239565400
  -0.0002172000    0.0000009100   -0.0224069600
   0.0017390200   -0.0009043700   -0.0234478600
  -0.0016748400   -0.0010665200   -0.0244634000
  -0.0016813100   -0.0010663300    0.0197929600
   0.0017320100   -0.0009037600    0.0208337900
  -0.0002201200   -0.0000011500    0.0218625200
   0.0001661400    0.0019720300    0.0203181700
  -0.0016587000   -0.0007233700    0.0239919500
   0.0026059900   -0.0017334500    0.0252307000
  -0.0002218000   -0.0000006300    0.0222065300
  -0.0004010500    0.0024598800    0.0246126100
   0.0003079700    0.0002173600   -0.0222210700
  -0.0003517600    0.0001680000   -0.0219695100
  -0.0000493700   -0.0000006100   -0.0225850900
  -0.0000644800   -0.0003819300   -0.0220957500
   0.0045303200    0.0028705600   -0.0219660500
   0.0065780400   -0.0040421800   -0.0173342600
   0.0010923200   -0.0000015500   -0.0226831000
  -0.0004321900    0.0012729500   -0.0196360500

9    
  0.0052325157880681   0.0000000000000000   0.0085217825909617
   0.0166446600    0.0093067400    0.0231581300
   0.0002408800   -0.0000088800   -0.0000607200
   0.0000445500   -0.0001187100   -0.0001328600
   0.0001570900   -0.0000868700    0.0000247700
   0.0000160000    0.0000129300    0.0000859700
   0.0000129700    0.0000278900    0.0001078400
  -0.0000404400   -0.0000465200   -0.0000201800
   0.0000175600   -0.0000489200    0.0001151900
  -0.0898737300   -0.0255176500   -0.0837149500
  -0.0153257000   -0.0080441100    0.0003871600
  -0.0140981400   -0.0079461300    0.0007112800
  -0.0140434800   -0.0087767800    0.0003947900
  -0.0140635300   -0.0080603900   -0.0000848900
  -0.0140555200   -0.0081376600   -0.0000427200
  -0.0140228600   -0.0081219600    0.0000392400
  -0.0140561600   -0.0081304900   -0.0000349400
   0.0366050200   -0.0071679600   -0.0006732500
   0.0263703100   -0.0073203100    0.0026013900
   0.0140392300   -0.0079350200   -0.0000078300
   0.0140305200   -0.0080492300    0.0000026900
   0.0141065800   -0.0081067700    0.0001119800
   0.0140353800   -0.0081236100   -0.0000144300
   0.0140452600   -0.0081128400   -0.0000361300
   0.0140441400   -0.0081417000   -0.0000254400
   0.0057301600    0.0248321500   -0.0006303400
   0.0002146700    0.0159152300   -0.0000079900
   0.0003205900    0.0159730500   -0.0000057000
   0.0037249900    0.0204914300    0.0025940600
  -0.0000161600    0.0162570400    0.0001091500
  -0.0000237600    0.0162381300   -0.0000353800
   0.0000016600    0.0162526700   -0.0000330500
  -0.0000342600    0.0162420800   -0.0000042600
  -0.0076235400   -0.0046649200    0.0111266400
   0.0002994900   -0.0002452800    0.0003816100
  -0.0001702500   -0.0002345700   -0.0000246000
  -0.0000050400    0.0000905300    0.0002999900
  -0.0000490600   -0.0000380500    0.0002764300
  -0.0000284500   -0.0000413900    0.0000633600
   0.0000416100    0.0000139800    0.0000453500
  -0.0000512400   -0.0000429800    0.0000595000
   0.0001027300   -0.0160865900    0.0003501200
   0.0004617100   -0.0163166500    0.0000051300
  -0.0000709600   -0.0162311300    0.0002120800
   0.0000258000   -0.0161091100    0.0000089000
  -0.0000442600   -0.0166256700    0.0005844100
  -0.0004741700   -0.0161965000    0.0000740200
   0.0000345100   -0.0162958600   -0.0001375800
  -0.0000767400   -0.0161886000    0.0000185700
  -0.0140502600    0.0080897200   -0.0000640500
  -0.0138686100    0.0085989800    0.0000306000
  -0.0138396200    0.0081235300    0.0002902200
  -0.0139000000    0.0081265900   -0.0000162000
  -0.0140550900    0.0082086000    0.0001472000
  -0.0142352200    0.0077256800    0.0000364100
  -0.0143842700    0.0082663400    0.0006285800
  -0.0140206400    0.0080774600    0.0000564000
   0.0141103700    0.0079754600   -0.0003554100
   0.0140709200    0.0081293400    0.0000788900
   0.0138620500    0.0082105300   -0.0004144400
   0.0145648100    0.0083555900   -0.0003679500
   0.0142365500    0.0082319200   -0.0002915100
   0.0140648600    0.0081240100    0.0000800600
   0.0141512800    0.0081886300   -0.0002378300
   0.0134040600    0.0076881200   -0.0010789800
   0.0071982100   -0.0039905800    0.0275921500
   0.0007217500    0.0004971800    0.0221968600
   0.0017180300    0.0033078800    0.0241168900
   0.0020506000    0.0011447000    0.0230958700
   0.0001530600   -0.0000762000    0.0221127900
  -0.0003118500   -0.0001056600    0.0222008100
  -0.0000441900    0.0002019800    0.0220415600
  -0.0000091700    0.0000095300    0.0221638800
  -0.0027921700    0.0022681500   -0.0217948800
   0.0017851600    0.0010927500   -0.0211730800
   0.0022953400   -0.0087631600   -0.0181490100
   0.0009183200    0.0005083500   -0.0226675200
  -0.0001650000    0.0001854100   -0.0220333900
   0.0002633500    0.0002149700   -0.0219942400
   0.0000338100   -0.0001998600   -0.0219795600
  -0.0000841800   -0.0000237900   -0.0218758800
   0.0104961000    0.0063844000    0.0360386500
  -0.0009469200    0.0004581000    0.0219914900
   0.0010659400   -0.0000929600    0.0224999900
  -0.0002360900   -0.0014863000    0.0225433200
   0.0004663700    0.0002483800    0.0223450600
  -0.0000128700   -0.0001272800    0.0218714300
   0.0000063100   -0.0001195600    0.0218753400
  -0.0001259800   -0.0000476200    0.0218777700
  -0.0006642300   -0.0004148500   -0.0207800500
   0.0000902300    0.0000763800   -0.0220353500
   0.0001505900   -0.0000276800   -0.0218557400
   0.0001143100   -0.0000561900   -0.0220203900
  -0.0040303800   -0.0020369300   -0.0125833600
   0.0027659100   -0.0003653100   -0.0201415900
  -0.0010206000   -0.0012670100   -0.0215469100
   0.0009184500    0.0021482100   -0.0206774800

9    
 -0.0052325157880681   0.0000000000000000  -0.0085217825909617
  -0.0173870600   -0.0098073600   -0.0242805500
  -0.0002320800    0.0000110300    0.0000711200
  -0.0000576700    0.0001181300    0.0001311800
  -0.0001513700    0.0000909500   -0.0000147400
  -0.0000273700   -0.0000015800   -0.0000925000
  -0.0000044000   -0.0000256700   -0.0001143000
   0.0000485200    0.0000336400    0.0000157800
  -0.0000263500    0.0000457300   -0.0001194700
   0.0621161200    0.0095705200    0.0843362800
  -0.0128211600   -0.0082084100   -0.0004052100
  -0.0140375300   -0.0083031500   -0.0007109300
  -0.0140944000   -0.0074685200   -0.0004055300
  -0.0140774400   -0.0081697500    0.0000847900
  -0.0140812600   -0.0081090800    0.0000317700
  -0.0141066300   -0.0081347700   -0.0000445400
  -0.0140783400   -0.0081108200    0.0000441300
  -0.0081055100   -0.0090824600    0.0005102200
   0.0015134700   -0.0089404700   -0.0025604100
   0.0141032300   -0.0083143500    0.0000012300
   0.0141013900   -0.0081945700   -0.0000058200
   0.0140340300   -0.0081310200   -0.0001106600
   0.0141034100   -0.0081187400    0.0000037900
   0.0140905800   -0.0081362600    0.0000293200
   0.0140838600   -0.0081086400    0.0000345700
  -0.0058167800    0.0075966000    0.0005580300
  -0.0002160600    0.0165805300   -0.0000014000
  -0.0003160000    0.0165236100   -0.0000035900
  -0.0036898600    0.0120508300   -0.0025842000
   0.0000094900    0.0162322900   -0.0001110400
   0.0000288400    0.0162517600    0.0000227600
   0.0000079000    0.0162378400    0.0000295100
   0.0000227300    0.0162427600    0.0000159800
   0.0074805900    0.0046121900   -0.0110586000
  -0.0003170500    0.0002436700   -0.0003854400
   0.0001645300    0.0002339200    0.0000244300
   0.0000033800   -0.0001008900   -0.0003023200
   0.0000502400    0.0000303700   -0.0002782000
   0.0000255800    0.0000401700   -0.0000647300
  -0.0000471600   -0.0000092500   -0.0000457800
   0.0000564000    0.0000460700   -0.0000577900
  -0.0000961600   -0.0164035000   -0.0003423200
  -0.0004548000   -0.0161725300    0.0000089400
   0.0000719700   -0.0162667600   -0.0002068000
  -0.0000294900   -0.0163815200   -0.0000045800
   0.0000427500   -0.0158592100   -0.0005921500
   0.0004809400   -0.0162928000   -0.0000680800
  -0.0000465200   -0.0161986600    0.0001434000
   0.0000901800   -0.0162963700   -0.0000153400
  -0.0140831100    0.0081633600    0.0000765200
  -0.0142611500    0.0076571600   -0.0000274200
  -0.0142995800    0.0081278500   -0.0002993200
  -0.0142393500    0.0081128900    0.0000318500
  -0.0140813300    0.0080335900   -0.0001468800
  -0.0138941800    0.0085345400   -0.0000389600
  -0.0137660200    0.0079652400   -0.0006357100
  -0.0141121400    0.0081642500   -0.0000436700
   0.0140240500    0.0082760900    0.0003635500
   0.0140644800    0.0081199200   -0.0000721100
   0.0142813600    0.0080349900    0.0004158500
   0.0135757300    0.0078851300    0.0003823000
   0.0138994300    0.0080142000    0.0002821700
   0.0140658000    0.0081320400   -0.0000719300
   0.0139935500    0.0080544000    0.0002348700
   0.0147399100    0.0085466700    0.0010930100
  -0.0073244600    0.0041925200    0.0165471700
  -0.0007545700   -0.0005005000    0.0220828900
  -0.0017479000   -0.0032217100    0.0202014600
  -0.0020417200   -0.0011526000    0.0211828600
  -0.0001489600    0.0000735500    0.0221751300
   0.0003050400    0.0001002700    0.0220806700
   0.0000442000   -0.0001964300    0.0222298000
   0.0000080100   -0.0000094100    0.0221210500
   0.0027799400   -0.0022798000   -0.0225073800
  -0.0017830100   -0.0010993600   -0.0231048000
  -0.0021591700    0.0084706700   -0.0259823800
  -0.0009115900   -0.0004956900   -0.0216055000
   0.0001688100   -0.0001946700   -0.0222460700
  -0.0002650900   -0.0002250800   -0.0222808100
  -0.0000320000    0.0002097500   -0.0223046800
   0.0000862600    0.0000305900   -0.0224001600
  -0.0101111900   -0.0061242700    0.0089974800
   0.0009694100   -0.0004577200    0.0222742700
  -0.0010501600    0.0000712600    0.0217837500
   0.0002386200    0.0015032700    0.0217261700
  -0.0004654900   -0.0002396800    0.0219277800
   0.0000137000    0.0001272700    0.0223988100
   0.0000008700    0.0001163300    0.0224071300
   0.0001157800    0.0000467400    0.0224114100
   0.0006595300    0.0004079600   -0.0234514000
  -0.0000927500   -0.0000742500   -0.0222537500
  -0.0001535600    0.0000280300   -0.0224341600
  -0.0001078500    0.0000558400   -0.0222601100
   0.0041210900    0.0020617800   -0.0318728600
  -0.0027920000    0.0003678200   -0.0241557300
   0.0010290400    0.0013000600   -0.0227333100
  -0.0009179500   -0.0021603900   -0.0236091200

65   
  0.0052325157880681   0.0000000000000000   0.0085217825909617
  -0.0004099500    0.0044343900    0.0024966000
   0.0010657300    0.0000007500   -0.0005369400
   0.0093011000   -0.0055994800    0.0031366000
   0.0017608500    0.0012607700    0.0018344200
  -0.0000712800    0.0002695100    0.0000482400
  -0.0000388500   -0.0000106200   -0.0004626500
   0.0002198800   -0.0001573100   -0.0001555300
  -0.0002662500   -0.0001018700    0.0002464100
  -0.0075198100   -0.0153917800    0.0060890400
  -0.0135298200   -0.0077404500    0.0001760500
  -0.0136997500   -0.0030739100    0.0027736500
  -0.0113643900   -0.0065917300    0.0005738200
  -0.0141949400   -0.0082936400    0.0001286500
  -0.0141625800   -0.0081026500   -0.0000793800
  -0.0142774400   -0.0080855600    0.0000087700
  -0.0142992800   -0.0082392300    0.0001888000
   0.0160646500   -0.0093365900    0.0008307200
   0.0120758500   -0.0096124800   -0.0001502600
   0.0177324800   -0.0014034800    0.0031525700
   0.0143477900   -0.0082599400   -0.0001134900
   0.0141116500   -0.0082256600    0.0002873800
   0.0141885400   -0.0082832800   -0.0000860400
   0.0142580900   -0.0081989300    0.0000484800
   0.0142156200   -0.0082170800    0.0001477600
   0.0113672400    0.0155383500    0.0063186300
  -0.0006206500    0.0139371500   -0.0003001800
  -0.0001148900    0.0170760900    0.0005075600
   0.0000471000    0.0148516800    0.0002231900
   0.0000287300    0.0164594400    0.0001553000
  -0.0001306500    0.0164088300   -0.0000991000
  -0.0001320600    0.0163172900    0.0001051000
  -0.0000226800    0.0164609800    0.0001623700
  -0.0004010300   -0.0012015100    0.0024723500
  -0.0002303900    0.0000009200    0.0000682800
  -0.0005535300    0.0000873600    0.0011494700
   0.0015294200    0.0011141600    0.0037993700
   0.0001912400   -0.0009854900   -0.0018199100
  -0.0002402400   -0.0000070900   -0.0002680300
  -0.0008150300    0.0005881500   -0.0028566600
   0.0008826900    0.0004064200   -0.0007770600
   0.0000413900   -0.0172989200    0.0008003900
   0.0002064100   -0.0167708800    0.0000058300
   0.0000741300   -0.0166082700   -0.0001187800
   0.0000913600   -0.0166009200   -0.0000382300
  -0.0004878000   -0.0127098000    0.0113768100
   0.0011860500   -0.0164544600    0.0004854100
   0.0011841400   -0.0180452000    0.0016982400
  -0.0005938200   -0.0174342200    0.0001314300
  -0.0150811600    0.0087388000    0.0011459100
  -0.0143324900    0.0083924800   -0.0001243700
  -0.0143977200    0.0082890000   -0.0001527400
  -0.0144499300    0.0084519900   -0.0000231900
  -0.0079584100    0.0043287400    0.0155968600
  -0.0149018500    0.0080910600   -0.0002228400
  -0.0145769700    0.0092745500    0.0005710800
  -0.0142439400    0.0088969100    0.0011186700
   0.0148767000    0.0085729200    0.0004533900
   0.0144096900    0.0082371600   -0.0000563700
   0.0146102300    0.0083062100    0.0000596200
   0.0143782900    0.0082864600   -0.0000040100
   0.0140521700    0.0084104200    0.0071141800
   0.0167002700    0.0081151300    0.0020545100
   0.0142696900    0.0075420600   -0.0001573600
   0.0152629800    0.0100031900    0.0012817100
  -0.0609862600   -0.0001128600   -0.0807448000
   0.0036803800    0.0013614000    0.0211378300
  -0.0001322100   -0.0022068300    0.0204275600
   0.0022295500    0.0008319100    0.0218430500
   0.0012047500    0.0000037000    0.0206877300
   0.0001938600   -0.0005572100    0.0221526700
   0.0010997900    0.0005174200    0.0224380500
   0.0001342600    0.0000287900    0.0218605200
   0.0043164900   -0.0000044500   -0.0294822600
  -0.0018107100   -0.0004384500   -0.0239395800
   0.0005511400    0.0013625100   -0.0241755400
  -0.0002091700   -0.0009259900   -0.0236913400
  -0.0012249100   -0.0000026900   -0.0184270600
   0.0009247600   -0.0003056000   -0.0235105600
   0.0004517500   -0.0002710700   -0.0236810800
  -0.0000758800    0.0005800600   -0.0233452000
   0.0001994500   -0.0000407200    0.0260620000
   0.0011456200    0.0005904500    0.0231917700
   0.0001260300   -0.0005499400    0.0246247400
   0.0003408200   -0.0000006700    0.0233699200
  -0.0016854200    0.0010419300    0.0249100400
   0.0029635500    0.0016424100    0.0242434000
   0.0001188600   -0.0026862700    0.0245824200
   0.0003371700   -0.0000019400    0.0233637100
  -0.0003859200   -0.0002141700   -0.0202994200
  -0.0009052700   -0.0000746500   -0.0206456500
  -0.0007661500    0.0003013200   -0.0204721900
  -0.0008722500   -0.0000011200   -0.0224583000
   0.0049367700    0.0008297100   -0.0113542000
  -0.0061282000   -0.0071619100   -0.0180866400
   0.0063250200    0.0063671000   -0.0147262800
  -0.0027102300   -0.0000090800   -0.0182758100

65   
 -0.0052325157880681   0.0000000000000000  -0.0085217825909617
   0.0004379600   -0.0043426700   -0.0024575800
  -0.0010955300   -0.0000036400    0.0005501000
  -0.0095078300    0.0057543900   -0.0031072500
  -0.0018531900   -0.0013105900   -0.0018291200
   0.0000707800   -0.0002378200   -0.0000400300
   0.0000430900    0.0000030700    0.0004377100
  -0.0001877000    0.0001465400    0.0001631000
   0.0002284800    0.0000878000   -0.0002420400
  -0.0204137800   -0.0012115500   -0.0059338700
  -0.0145715500   -0.0084899300   -0.0002122300
  -0.0144824700   -0.0131104200   -0.0027931500
  -0.0167628600   -0.0096396900   -0.0005597000
  -0.0139542000   -0.0079432300   -0.0001352900
  -0.0139917400   -0.0081477000    0.0000856100
  -0.0138581400   -0.0081800700   -0.0000131200
  -0.0138312000   -0.0080034900   -0.0001556900
   0.0120657200   -0.0068982700   -0.0008284500
   0.0160142000   -0.0067314700    0.0001540200
   0.0105975100   -0.0144803800   -0.0030151900
   0.0138215000   -0.0080065900    0.0001363000
   0.0140314000   -0.0080275400   -0.0002747000
   0.0139776900   -0.0079498000    0.0000646600
   0.0138732600   -0.0080637600   -0.0000554100
   0.0139231900   -0.0080223400   -0.0001153500
  -0.0106672500    0.0169465600   -0.0060094200
   0.0005575700    0.0185759600    0.0003012700
   0.0001256800    0.0153775700   -0.0005211800
  -0.0000563600    0.0176604000   -0.0002157700
  -0.0000425800    0.0160326600   -0.0001568900
   0.0001570600    0.0161012600    0.0000855300
   0.0001238200    0.0161793600   -0.0000926800
   0.0000296100    0.0160248400   -0.0001341100
   0.0004016900    0.0011960600   -0.0024801000
   0.0002098700   -0.0000012900   -0.0000684500
   0.0005615900   -0.0000909600   -0.0011842800
  -0.0015121300   -0.0011027800   -0.0037730800
  -0.0001741100    0.0009695000    0.0018204000
   0.0002232700    0.0000000600    0.0002735600
   0.0008145000   -0.0005705900    0.0028808900
  -0.0008617200   -0.0003967000    0.0007628800
  -0.0000463500   -0.0152011500   -0.0007596500
  -0.0002065500   -0.0157312200   -0.0000082600
  -0.0000637300   -0.0158935200    0.0001149600
  -0.0001063100   -0.0158861700    0.0000306000
   0.0005496800   -0.0200036100   -0.0118142600
  -0.0011925200   -0.0160209600   -0.0004793800
  -0.0012000500   -0.0144251800   -0.0017428000
   0.0005900300   -0.0150392100   -0.0001395900
  -0.0130694900    0.0075170500   -0.0011073200
  -0.0138153900    0.0078473700    0.0001073100
  -0.0137488400    0.0079674400    0.0001455400
  -0.0136978900    0.0077892200    0.0000337200
  -0.0205074700    0.0121656900   -0.0164248800
  -0.0132292100    0.0081385500    0.0002151900
  -0.0135490500    0.0069750800   -0.0005778800
  -0.0138874400    0.0073260500   -0.0011242900
   0.0132605800    0.0076810300   -0.0004135900
   0.0137331300    0.0080049900    0.0000459500
   0.0135460300    0.0079400500   -0.0000570300
   0.0137528000    0.0079609300    0.0000004600
   0.0141392100    0.0078542200   -0.0072339000
   0.0113946400    0.0081421200   -0.0021064600
   0.0138595200    0.0086869700    0.0001671500
   0.0128615200    0.0062198700   -0.0012962400
   0.0604324600   -0.0001152500    0.1260756600
  -0.0037399200   -0.0013363100    0.0230971400
   0.0000231900    0.0021678100    0.0238232500
  -0.0022859100   -0.0008441400    0.0223640600
  -0.0012205700    0.0000040100    0.0236607900
  -0.0002071700    0.0005613500    0.0221397200
  -0.0011408000   -0.0005446500    0.0218302000
  -0.0001704500   -0.0000264200    0.0224422300
  -0.0041674100   -0.0000035400   -0.0147198700
   0.0017748600    0.0004493300   -0.0203159100
  -0.0005289300   -0.0013311400   -0.0200807900
   0.0002472100    0.0008812100   -0.0205468000
   0.0012484200   -0.0000020600   -0.0259485000
  -0.0009542600    0.0002953100   -0.0208169100
  -0.0004142200    0.0003139400   -0.0206681800
   0.0000976000   -0.0006049300   -0.0209624400
  -0.0001268800   -0.0000083600    0.0183527800
  -0.0011772000   -0.0005932000    0.0211798200
  -0.0001450100    0.0006008100    0.0197667300
  -0.0003560300   -0.0000027900    0.0209273100
   0.0016246500   -0.0010248900    0.0194328600
  -0.0029954500   -0.0016440100    0.0199954400
  -0.0001491200    0.0026652700    0.0197195900
  -0.0003614100   -0.0000024400    0.0209211900
   0.0004114800    0.0002261400   -0.0240101800
   0.0009006300    0.0000690400   -0.0237305300
   0.0007919300   -0.0002819300   -0.0238668100
   0.0009193600   -0.0000022800   -0.0218130800
  -0.0046490400   -0.0009254100   -0.0330341500
   0.0059763700    0.0071055500   -0.0264627200
  -0.0062916200   -0.0061502500   -0.0297487000
   0.0028013300   -0.0000041500   -0.0258904600
