# Tetrahedron method
       -2.4192092576        0.0000000000        0.0000000000        0.0000000000        0.0000000000        0.0000000000        0.0000000000        0.0000000000        0.0000000000        0.0000000000        0.0000000000        0.0000000000        0.0000000000
       -2.2568717702        0.0000000000        0.0000000000        0.0000000000        0.0000000000        0.0000000000        0.0000000000        0.0000000000        0.0000000000        0.0000000000        0.0000000000        0.0000000000        0.0000000000
       -2.0945342827        0.0000000000        0.0000000000        0.0000000000        0.0000000000        0.0000000000        0.0000000000        0.0000000000        0.0000000000        0.0000000000        0.0000000000        0.0000000000        0.0000000000
       -1.9321967952        0.0000000000        0.0000000000        0.0000000000        0.0000000000        0.0000000000        0.0000000000        0.0000000000        0.0000000000        0.0000000000        0.0000000000        0.0000000000        0.0000000000
       -1.7698593078        0.0000000000        0.0000000000        0.0000000000        0.0000000000        0.0000000000        0.0000000000        0.0000000000        0.0000000000        0.0000000000        0.0000000000        0.0000000000        0.0000000000
       -1.6075218203        0.0000000000        0.0000000000        0.0000000000        0.0000000000        0.0000000000        0.0000000000        0.0000000000        0.0000000000        0.0000000000        0.0000000000        0.0000000000        0.0000000000
       -1.4451843328        0.0000000000        0.0000000000        0.0000000000        0.0000000000        0.0000000000        0.0000000000        0.0000000000        0.0000000000        0.0000000000        0.0000000000        0.0000000000        0.0000000000
       -1.2828468454        0.0000000000        0.0000000000        0.0000000000        0.0000000000        0.0000000000        0.0000000000        0.0000000000        0.0000000000        0.0000000000        0.0000000000        0.0000000000        0.0000000000
       -1.1205093579        0.0000000000        0.0000000000        0.0000000000        0.0000000000        0.0000000000        0.0000000000        0.0000000000        0.0000000000        0.0000000000        0.0000000000        0.0000000000        0.0000000000
       -0.9581718704        0.0000000000        0.0000000000        0.0000000000        0.0000000000        0.0000000000        0.0000000000        0.0000000000        0.0000000000        0.0000000000        0.0000000000        0.0000000000        0.0000000000
       -0.7958343830        0.0000000000        0.0000000000        0.0000000000        0.0000000000        0.0000000000        0.0000000000        0.0000000000        0.0000000000        0.0000000000        0.0000000000        0.0000000000        0.0000000000
       -0.6334968955        0.0000000000        0.0000000000        0.0000000000        0.0000000000        0.0000000000        0.0000000000        0.0000000000        0.0000000000        0.0000000000        0.0000000000        0.0000000000        0.0000000000
       -0.4711594081        0.0000000000        0.0000000000        0.0000000000        0.0000000000        0.0000000000        0.0000000000        0.0000000000        0.0000000000        0.0000000000        0.0000000000        0.0000000000        0.0000000000
       -0.3088219206        0.0000000000        0.0000000000        0.0000000000        0.0000000000        0.0000000000        0.0000000000        0.0000000000        0.0000000000        0.0000000000        0.0000000000        0.0000000000        0.0000000000
       -0.1464844331        0.0000000000        0.0000000000        0.0000000000        0.0000000000        0.0000000000        0.0000000000        0.0000000000        0.0000000000        0.0000000000        0.0000000000        0.0000000000        0.0000000000
        0.0158530543        0.0000000000        0.0000000000        0.0000000000        0.0000000000        0.0000000000        0.0000000000        0.0000000000        0.0000000000        0.0000000000        0.0000000000        0.0000000000        0.0000000000
        0.1781905418        0.0000000000        0.0000000000        0.0000000000        0.0000000000        0.0000000000        0.0000000000        0.0000000000        0.0000000000        0.0000000000        0.0000000000        0.0000000000        0.0000000000
        0.3405280293        0.0000404551        0.0000404224        0.0000404221        0.0000404224        0.0000404562        0.0000404224        0.0000404221        0.0000404224        0.0002472435        0.0002472656        0.0002472656        0.0002472435
        0.5028655167        0.0001110818        0.0001108849        0.0001108826        0.0001108849        0.0001110788        0.0001108849        0.0001108826        0.0001108849        0.0006809251        0.0006808743        0.0006808743        0.0006809251
        0.6652030042        0.0002016506        0.0002010562        0.0002010544        0.0002010562        0.0002016511        0.0002010562        0.0002010544        0.0002010562        0.0012409077        0.0012409071        0.0012409071        0.0012409077
        0.8275404916        0.0003254323        0.0003240077        0.0003240058        0.0003240077        0.0003254373        0.0003240077        0.0003240058        0.0003240077        0.0020123767        0.0020124571        0.0020124571        0.0020123767
        0.9898779791        0.0004649892        0.0004620936        0.0004620921        0.0004620936        0.0004649858        0.0004620936        0.0004620921        0.0004620936        0.0028929201        0.0028928681        0.0028928681        0.0028929201
        1.1522154666        0.0006389668        0.0006336919        0.0006337161        0.0006336919        0.0006389744        0.0006336919        0.0006337161        0.0006336919        0.0040032758        0.0040033864        0.0040033864        0.0040032758
        1.3145529540        0.0008428385        0.0008339150        0.0008338792        0.0008339150        0.0008428402        0.0008339150        0.0008338792        0.0008339150        0.0053250473        0.0053250463        0.0053250463        0.0053250473
        1.4768904415        0.0010676648        0.0010534701        0.0010534762        0.0010534701        0.0010676478        0.0010534701        0.0010534762        0.0010534701        0.0068099502        0.0068097071        0.0068097071        0.0068099502
        1.6392279290        0.0013246652        0.0013031401        0.0013031604        0.0013031401        0.0013246755        0.0013031401        0.0013031604        0.0013031401        0.0085397901        0.0085400042        0.0085400042        0.0085397901
        1.8015654164        0.0016128468        0.0015815804        0.0015815186        0.0015815804        0.0016128411        0.0015815804        0.0015815186        0.0015815804        0.0105248450        0.0105246822        0.0105246822        0.0105248450
        1.9639029039        0.0019234343        0.0018794143        0.0018795033        0.0018794143        0.0019234137        0.0018794143        0.0018795033        0.0018794143        0.0127219913        0.0127216791        0.0127216791        0.0127219913
        2.1262403913        0.0022776310        0.0022170599        0.0022169710        0.0022170599        0.0022776263        0.0022170599        0.0022169710        0.0022170599        0.0152913170        0.0152913658        0.0152913658        0.0152913170
        2.2885778788        0.0026558362        0.0025746508        0.0025746764        0.0025746508        0.0026558386        0.0025746508        0.0025746764        0.0025746508        0.0181282951        0.0181281650        0.0181281650        0.0181282951
        2.4509153663        0.0030669470        0.0029607238        0.0029608311        0.0029607238        0.0030669658        0.0029607238        0.0029608311        0.0029607238        0.0213216838        0.0213220019        0.0213220019        0.0213216838
        2.6132528537        0.0035258415        0.0033884286        0.0033881810        0.0033884286        0.0035258229        0.0033884286        0.0033881810        0.0033884286        0.0250098986        0.0250095951        0.0250095951        0.0250098986
        2.7755903412        0.0040085252        0.0038340549        0.0038342553        0.0038340549        0.0040085215        0.0038340549        0.0038342553        0.0038340549        0.0290709107        0.0290708047        0.0290708047        0.0290709107
        2.9379278287        0.0045417393        0.0043229514        0.0043228201        0.0043229514        0.0045417593        0.0043229514        0.0043228201        0.0043229514        0.0337521006        0.0337524711        0.0337524711        0.0337521006
        3.1002653161        0.0051133086        0.0048428195        0.0048429737        0.0048428195        0.0051132779        0.0048428195        0.0048429737        0.0048428195        0.0390371731        0.0390364448        0.0390364448        0.0390371731
        3.2626028036        0.0057384022        0.0054076946        0.0054077113        0.0054076946        0.0057384009        0.0054076946        0.0054077113        0.0054076946        0.0451333904        0.0451336717        0.0451336717        0.0451333904
        3.4249402911        0.0064179856        0.0060182323        0.0060179928        0.0060182323        0.0064179779        0.0060182323        0.0060179928        0.0060182323        0.0521705902        0.0521700851        0.0521700851        0.0521705902
        3.5872777785        0.0071406869        0.0066636388        0.0066641054        0.0066636388        0.0071407400        0.0066636388        0.0066641054        0.0066636388        0.0602074851        0.0602084867        0.0602084867        0.0602074851
        3.7496152660        0.0079316128        0.0073671023        0.0073664691        0.0073671023        0.0079316262        0.0073671023        0.0073664691        0.0073671023        0.0696699247        0.0696697218        0.0696697218        0.0696699247
        3.9119527534        0.0087882310        0.0081273779        0.0081282370        0.0081273779        0.0087882284        0.0081273779        0.0081282370        0.0081273779        0.0807981438        0.0807984709        0.0807984709        0.0807981438
        4.0742902409        0.0095496358        0.0087799141        0.0087786105        0.0087799141        0.0095499834        0.0087799141        0.0087786105        0.0087799141        0.0924611290        0.0924632843        0.0924632843        0.0924611290
        4.2366277284        0.0107382698        0.0098605401        0.0098633223        0.0098605401        0.0107385353        0.0098605401        0.0098633223        0.0098605401        0.1101761505        0.1101791678        0.1101791678        0.1101761505
        4.3989652158        0.0119971438        0.0110201026        0.0110148524        0.0110201026        0.0119971452        0.0110201026        0.0110148524        0.0110201026        0.1315891014        0.1315864205        0.1315864205        0.1315891014
        4.5613027033        0.0131249256        0.0120356058        0.0120341322        0.0120356058        0.0131261881        0.0120356058        0.0120341322        0.0120356058        0.1552581072        0.1552792335        0.1552792335        0.1552581072
        4.7236401908        0.0145369433        0.0133441441        0.0133473867        0.0133441441        0.0145394296        0.0133441441        0.0133473867        0.0133441441        0.1875293855        0.1875588750        0.1875588750        0.1875293855
        4.8859776782        0.0155582159        0.0143567543        0.0143501637        0.0143567543        0.0155627852        0.0143567543        0.0143501637        0.0143567543        0.2235255973        0.2235919235        0.2235919235        0.2235255973
        5.0483151657        0.0173487011        0.0161988059        0.0161865537        0.0161988059        0.0173459824        0.0161988059        0.0161865537        0.0161988059        0.2819415485        0.2819118324        0.2819118324        0.2819415485
        5.2106526531        0.0188561561        0.0183937276        0.0183932076        0.0183937276        0.0188561304        0.0183937276        0.0183932076        0.0183937276        0.3689117584        0.3689088782        0.3689088782        0.3689117584
        5.3729901406        0.0205821123        0.0209299069        0.0209446717        0.0209299069        0.0205754436        0.0209299069        0.0209446717        0.0209299069        0.4862440670        0.4861126214        0.4861126214        0.4862440670
        5.5353276281        0.0232337926        0.0226277999        0.0226443850        0.0226277999        0.0232308661        0.0226277999        0.0226443850        0.0226277999        0.6065504533        0.6064024391        0.6064024391        0.6065504533
        5.6976651155        0.0261623430        0.0217059146        0.0216894184        0.0217059146        0.0261635064        0.0217059146        0.0216894184        0.0217059146        0.6922045630        0.6923554248        0.6923554248        0.6922045630
        5.8600026030        0.0298164132        0.0244694995        0.0244049193        0.0244694995        0.0297833675        0.0244694995        0.0244049193        0.0244694995        0.9838167224        0.9842411135        0.9842411135        0.9838167224
        6.0223400905        0.0203695301        0.0163791807        0.0165091469        0.0163791807        0.0203709025        0.0163791807        0.0165091469        0.0163791807        0.9148634848        0.9141584752        0.9141584752        0.9148634848
        6.1846775779        0.0264521845        0.0163567561        0.0163927448        0.0163567561        0.0264735890        0.0163567561        0.0163927448        0.0163567561        1.1299355060        1.1299000817        1.1299000817        1.1299355060
        6.3470150654        0.0171513391        0.0126276031        0.0126688178        0.0126276031        0.0171571607        0.0126276031        0.0126688178        0.0126276031        0.9580507232        0.9582763337        0.9582763337        0.9580507232
        6.5093525528        0.0099328653        0.0086637680        0.0086701736        0.0086637680        0.0099313682        0.0086637680        0.0086701736        0.0086637680        0.6009613112        0.6012176299        0.6012176299        0.6009613112
        6.6716900403        0.0064473065        0.0086591815        0.0085704754        0.0086591815        0.0064466275        0.0086591815        0.0085704754        0.0086591815        0.5185166491        0.5189970857        0.5189970857        0.5185166491
        6.8340275278        0.0042503413        0.0060422207        0.0060613332        0.0060422207        0.0042481897        0.0060422207        0.0060613332        0.0060422207        0.4039579839        0.4038748501        0.4038748501        0.4039579839
        6.9963650152        0.0079425892        0.0086435093        0.0086401696        0.0086435093        0.0079439814        0.0086435093        0.0086401696        0.0086435093        0.6534551240        0.6534787594        0.6534787594        0.6534551240
        7.1587025027        0.0158503899        0.0140768630        0.0140295733        0.0140768630        0.0158553103        0.0140768630        0.0140295733        0.0140768630        1.1904469674        1.1907376926        1.1907376926        1.1904469674
        7.3210399902        0.0139396741        0.0123353876        0.0123824075        0.0123353876        0.0140088758        0.0123353876        0.0123824075        0.0123353876        1.1266869594        1.1266156356        1.1266156356        1.1266869594
        7.4833774776        0.0085675026        0.0082072689        0.0080909736        0.0082072689        0.0085802670        0.0082072689        0.0080909736        0.0082072689        0.8988284183        0.8984167725        0.8984167725        0.8988284183
        7.6457149651        0.0079341266        0.0065087189        0.0065293710        0.0065087189        0.0079318986        0.0065087189        0.0065293710        0.0065087189        0.9714433166        0.9718630195        0.9718630195        0.9714433166
        7.8080524526        0.0052415790        0.0041842631        0.0041689659        0.0041842631        0.0052458479        0.0041842631        0.0041689659        0.0041842631        0.6611455723        0.6612179517        0.6612179517        0.6611455723
        7.9703899400        0.0030472207        0.0021401134        0.0021617514        0.0021401134        0.0030504223        0.0021401134        0.0021617514        0.0021401134        0.3589126466        0.3588450451        0.3588450451        0.3589126466
        8.1327274275        0.0036515822        0.0027490928        0.0027508840        0.0027490928        0.0036503061        0.0027490928        0.0027508840        0.0027490928        0.4729572841        0.4730725108        0.4730725108        0.4729572841
        8.2950649149        0.0045542779        0.0033202160        0.0032697661        0.0033202160        0.0045549064        0.0033202160        0.0032697661        0.0033202160        0.5507853209        0.5507629522        0.5507629522        0.5507853209
        8.4574024024        0.0099550596        0.0068946021        0.0069448577        0.0068946021        0.0099588928        0.0068946021        0.0069448577        0.0068946021        0.6204663881        0.6204430619        0.6204430619        0.6204663881
        8.6197398899        0.0038966193        0.0027707661        0.0027549138        0.0027707661        0.0038964724        0.0027707661        0.0027549138        0.0027707661        0.2446045843        0.2446052619        0.2446052619        0.2446045843
        8.7820773773        0.0012721977        0.0003186386        0.0003189685        0.0003186386        0.0012722972        0.0003186386        0.0003189685        0.0003186386        0.0654327577        0.0654322778        0.0654322778        0.0654327577
        8.9444148648        0.0005546521        0.0003215181        0.0003212593        0.0003215181        0.0005546202        0.0003215181        0.0003212593        0.0003215181        0.0439751288        0.0439752472        0.0439752472        0.0439751288
        9.1067523523        0.0001201757        0.0002708850        0.0002708330        0.0002708850        0.0001202017        0.0002708850        0.0002708330        0.0002708850        0.0241888830        0.0241887926        0.0241887926        0.0241888830
        9.2690898397        0.0000000000        0.0000000000        0.0000000000        0.0000000000        0.0000000000        0.0000000000        0.0000000000        0.0000000000        0.0000000000        0.0000000000        0.0000000000        0.0000000000
        9.4314273272        0.0000000000        0.0000000000        0.0000000000        0.0000000000        0.0000000000        0.0000000000        0.0000000000        0.0000000000        0.0000000000        0.0000000000        0.0000000000        0.0000000000
        9.5937648146        0.0000000000        0.0000000000        0.0000000000        0.0000000000        0.0000000000        0.0000000000        0.0000000000        0.0000000000        0.0000000000        0.0000000000        0.0000000000        0.0000000000
        9.7561023021        0.0000000000        0.0000000000        0.0000000000        0.0000000000        0.0000000000        0.0000000000        0.0000000000        0.0000000000        0.0000000000        0.0000000000        0.0000000000        0.0000000000
        9.9184397896        0.0000000000        0.0000000000        0.0000000000        0.0000000000        0.0000000000        0.0000000000        0.0000000000        0.0000000000        0.0000000000        0.0000000000        0.0000000000        0.0000000000
       10.0807772770        0.0000000000        0.0000000000        0.0000000000        0.0000000000        0.0000000000        0.0000000000        0.0000000000        0.0000000000        0.0000000000        0.0000000000        0.0000000000        0.0000000000
       10.2431147645        0.0000000000        0.0000000000        0.0000000000        0.0000000000        0.0000000000        0.0000000000        0.0000000000        0.0000000000        0.0000000000        0.0000000000        0.0000000000        0.0000000000
       10.4054522520        0.0000000000        0.0000000000        0.0000000000        0.0000000000        0.0000000000        0.0000000000        0.0000000000        0.0000000000        0.0000000000        0.0000000000        0.0000000000        0.0000000000
       10.5677897394        0.0000000000        0.0000000000        0.0000000000        0.0000000000        0.0000000000        0.0000000000        0.0000000000        0.0000000000        0.0000000000        0.0000000000        0.0000000000        0.0000000000
       10.7301272269        0.0000000000        0.0000000000        0.0000000000        0.0000000000        0.0000000000        0.0000000000        0.0000000000        0.0000000000        0.0000000000        0.0000000000        0.0000000000        0.0000000000
       10.8924647143        0.0214293662        0.0148713739        0.0148687646        0.0148713739        0.0214293536        0.0148713739        0.0148687646        0.0148713739        0.0007660411        0.0007660379        0.0007660379        0.0007660411
       11.0548022018        0.0540391716        0.0371702613        0.0371674034        0.0371702613        0.0540391416        0.0371702613        0.0371674034        0.0371702613        0.0053950207        0.0053950090        0.0053950090        0.0053950207
       11.2171396893        0.0704726490        0.0484784178        0.0484756259        0.0484784178        0.0704725646        0.0484784178        0.0484756259        0.0484784178        0.0095777039        0.0095776722        0.0095776722        0.0095777039
       11.3794771767        0.0708973676        0.0490517805        0.0490509832        0.0490517805        0.0708974164        0.0490517805        0.0490509832        0.0490517805        0.0111090876        0.0111090967        0.0111090967        0.0111090876
       11.5418146642        0.0712471566        0.0496165937        0.0496157775        0.0496165937        0.0712471262        0.0496165937        0.0496157775        0.0496165937        0.0124934375        0.0124934323        0.0124934323        0.0124934375
       11.7041521517        0.0727536692        0.0517919705        0.0517960068        0.0517919705        0.0727536209        0.0517919705        0.0517960068        0.0517919705        0.0139130351        0.0139130043        0.0139130043        0.0139130351
       11.8664896391        0.1495686861        0.2305529476        0.2274188404        0.2305529476        0.1495640926        0.2305529476        0.2274188404        0.2305529476        0.0248889331        0.0248842646        0.0248842646        0.0248889331
       12.0288271266        0.2122349071        0.4454624110        0.4488173939        0.4454624110        0.2122450973        0.4454624110        0.4488173939        0.4454624110        0.0377930890        0.0377913977        0.0377913977        0.0377930890
       12.1911646141        0.3127478372        0.6538103054        0.6536471932        0.6538103054        0.3129803292        0.6538103054        0.6536471932        0.6538103054        0.0426986636        0.0427180138        0.0427180138        0.0426986636
       12.3535021015        1.0469525132        0.4485187475        0.4674883073        0.4485187475        1.0469030169        0.4485187475        0.4674883073        0.4485187475        0.0311844732        0.0311362181        0.0311362181        0.0311844732
       12.5158395890        0.7677705333        0.4254774980        0.4321644829        0.4254774980        0.7679393634        0.4254774980        0.4321644829        0.4254774980        0.0609033147        0.0608704231        0.0608704231        0.0609033147
       12.6781770764        0.5673714566        0.3885645049        0.3878038154        0.3885645049        0.5675973671        0.3885645049        0.3878038154        0.3885645049        0.0595373427        0.0595182728        0.0595182728        0.0595373427
       12.8405145639        0.4354678564        0.3273111653        0.3255910409        0.3273111653        0.4352684860        0.3273111653        0.3255910409        0.3273111653        0.0383504738        0.0383444667        0.0383444667        0.0383504738
       13.0028520514        0.3607194850        0.3000436315        0.2991779688        0.3000436315        0.3607480495        0.3000436315        0.2991779688        0.3000436315        0.0312488594        0.0312459895        0.0312459895        0.0312488594
       13.1651895388        0.3607240626        0.3007402936        0.3007019388        0.3007402936        0.3603944905        0.3007402936        0.3007019388        0.3007402936        0.0275323027        0.0275281376        0.0275281376        0.0275323027
       13.3275270263        0.3164861407        0.2665534731        0.2665865615        0.2665534731        0.3166426990        0.2665534731        0.2665865615        0.2665534731        0.0243634531        0.0243593299        0.0243593299        0.0243634531
       13.4898645138        0.3560445288        0.2585308732        0.2584083411        0.2585308732        0.3560398160        0.2585308732        0.2584083411        0.2585308732        0.0221329293        0.0221394081        0.0221394081        0.0221329293
       13.6522020012        0.3428071095        0.2603218565        0.2604506454        0.2603218565        0.3428088823        0.2603218565        0.2604506454        0.2603218565        0.0208742012        0.0208731535        0.0208731535        0.0208742012
       13.8145394887        0.2904392285        0.2549529018        0.2554492234        0.2549529018        0.2904215725        0.2549529018        0.2554492234        0.2549529018        0.0196465088        0.0196471759        0.0196471759        0.0196465088
       13.9768769761        0.2438287614        0.2257340084        0.2258700819        0.2257340084        0.2438159114        0.2257340084        0.2258700819        0.2257340084        0.0159020966        0.0159064342        0.0159064342        0.0159020966
       14.1392144636        0.2323588994        0.2240078693        0.2249689628        0.2240078693        0.2323619957        0.2240078693        0.2249689628        0.2240078693        0.0145234386        0.0145224735        0.0145224735        0.0145234386
       14.3015519511        0.2083904883        0.2138974684        0.2135133935        0.2138974684        0.2083832565        0.2138974684        0.2135133935        0.2138974684        0.0131374622        0.0131372559        0.0131372559        0.0131374622
       14.4638894385        0.1935503038        0.2251699777        0.2254618455        0.2251699777        0.1935455365        0.2251699777        0.2254618455        0.2251699777        0.0143084313        0.0143093289        0.0143093289        0.0143084313
       14.6262269260        0.2395429416        0.3010143858        0.3006889322        0.3010143858        0.2395323766        0.3010143858        0.3006889322        0.3010143858        0.0179880415        0.0179918132        0.0179918132        0.0179880415
       14.7885644135        0.2285366726        0.2862544493        0.2867488297        0.2862544493        0.2285422293        0.2862544493        0.2867488297        0.2862544493        0.0161059676        0.0161032153        0.0161032153        0.0161059676
       14.9509019009        0.1766100577        0.2440328468        0.2442072126        0.2440328468        0.1766130696        0.2440328468        0.2442072126        0.2440328468        0.0132700447        0.0132687775        0.0132687775        0.0132700447
       15.1132393884        0.1436524326        0.2365432084        0.2358550775        0.2365432084        0.1436521886        0.2365432084        0.2358550775        0.2365432084        0.0117237979        0.0117239177        0.0117239177        0.0117237979
       15.2755768758        0.1429124446        0.2431756043        0.2434917270        0.2431756043        0.1429131436        0.2431756043        0.2434917270        0.2431756043        0.0112878175        0.0112876432        0.0112876432        0.0112878175
       15.4379143633        0.1432221384        0.2093414717        0.2088742707        0.2093414717        0.1432245242        0.2093414717        0.2088742707        0.2093414717        0.0091662427        0.0091668021        0.0091668021        0.0091662427
       15.6002518508        0.0974567573        0.2116913529        0.2124649423        0.2116913529        0.0974551794        0.2116913529        0.2124649423        0.2116913529        0.0078345027        0.0078340414        0.0078340414        0.0078345027
       15.7625893382        0.1073220528        0.2752938915        0.2750320782        0.2752938915        0.1073235291        0.2752938915        0.2750320782        0.2752938915        0.0100779658        0.0100763985        0.0100763985        0.0100779658
       15.9249268257        0.1212087983        0.3848684525        0.3853311625        0.3848684525        0.1212115065        0.3848684525        0.3853311625        0.3848684525        0.0144775527        0.0144768455        0.0144768455        0.0144775527
       16.0872643132        0.1214724389        0.4163387196        0.4161525897        0.4163387196        0.1214727012        0.4163387196        0.4161525897        0.4163387196        0.0164848329        0.0164815310        0.0164815310        0.0164848329
       16.2496018006        0.1011352327        0.2709764339        0.2711230792        0.2709764339        0.1011325671        0.2709764339        0.2711230792        0.2709764339        0.0096370714        0.0096376986        0.0096376986        0.0096370714
       16.4119392881        0.1431524488        0.1582738631        0.1580716557        0.1582738631        0.1431520160        0.1582738631        0.1580716557        0.1582738631        0.0035199487        0.0035184573        0.0035184573        0.0035199487
       16.5742767755        0.0829018544        0.1065380209        0.1065797445        0.1065380209        0.0829024078        0.1065380209        0.1065797445        0.1065380209        0.0031507628        0.0031507524        0.0031507524        0.0031507628
       16.7366142630        0.1008309566        0.1765961191        0.1770317638        0.1765961191        0.1008073244        0.1765961191        0.1770317638        0.1765961191        0.0067346884        0.0067244272        0.0067244272        0.0067346884
       16.8989517505        0.1209953481        0.1645252763        0.1644682768        0.1645252763        0.1209960443        0.1645252763        0.1644682768        0.1645252763        0.0062448105        0.0062451303        0.0062451303        0.0062448105
       17.0612892379        0.1279339659        0.1444059564        0.1443629134        0.1444059564        0.1279341573        0.1444059564        0.1443629134        0.1444059564        0.0051388121        0.0051389326        0.0051389326        0.0051388121
       17.2236267254        0.1328251005        0.1358400590        0.1358553141        0.1358400590        0.1328252508        0.1358400590        0.1358553141        0.1358400590        0.0046492290        0.0046493192        0.0046493192        0.0046492290
       17.3859642129        0.1373983787        0.1324637336        0.1325380254        0.1324637336        0.1373983527        0.1324637336        0.1325380254        0.1324637336        0.0044093455        0.0044093704        0.0044093704        0.0044093455
       17.5483017003        0.1413261906        0.1316840658        0.1316782222        0.1316840658        0.1413261324        0.1316840658        0.1316782222        0.1316840658        0.0042731236        0.0042731175        0.0042731175        0.0042731236
       17.7106391878        0.1444478530        0.1331064476        0.1330885471        0.1331064476        0.1444477837        0.1331064476        0.1330885471        0.1331064476        0.0042184433        0.0042184330        0.0042184330        0.0042184433
       17.8729766753        0.1481535702        0.1426155688        0.1428544744        0.1426155688        0.1481549755        0.1426155688        0.1428544744        0.1426155688        0.0043953794        0.0043956236        0.0043956236        0.0043953794
       18.0353141627        0.1397623784        0.1235320754        0.1235609685        0.1235320754        0.1397651069        0.1235320754        0.1235609685        0.1235320754        0.0038840285        0.0038836713        0.0038836713        0.0038840285
       18.1976516502        0.1140123778        0.0818738299        0.0817268706        0.0818738299        0.1140155183        0.0818738299        0.0817268706        0.0818738299        0.0024178346        0.0024187035        0.0024187035        0.0024178346
       18.3599891376        0.2239468345        0.1591211034        0.1592517860        0.1591211034        0.2239440705        0.1591211034        0.1592517860        0.1591211034        0.0046818726        0.0046788255        0.0046788255        0.0046818726
       18.5223266251        0.1934824095        0.1484913085        0.1484889443        0.1484913085        0.1934827362        0.1484913085        0.1484889443        0.1484913085        0.0041093584        0.0041094037        0.0041094037        0.0041093584
       18.6846641126        0.2378186855        0.1744123137        0.1744058540        0.1744123137        0.2378185877        0.1744123137        0.1744058540        0.1744123137        0.0042752272        0.0042752103        0.0042752103        0.0042752272
       18.8470016000        0.3276543107        0.2393547343        0.2393181393        0.2393547343        0.3276536427        0.2393547343        0.2393181393        0.2393547343        0.0045921899        0.0045926517        0.0045926517        0.0045921899
       19.0093390875        0.3305102744        0.2431678221        0.2431218758        0.2431678221        0.3305130534        0.2431678221        0.2431218758        0.2431678221        0.0043555944        0.0043552319        0.0043552319        0.0043555944
       19.1716765750        0.3558312010        0.2217064555        0.2210455649        0.2217064555        0.3558347762        0.2217064555        0.2210455649        0.2217064555        0.0044478333        0.0044477220        0.0044477220        0.0044478333
       19.3340140624        0.4057791185        0.2217714284        0.2219853839        0.2217714284        0.4057291218        0.2217714284        0.2219853839        0.2217714284        0.0048933147        0.0048923317        0.0048923317        0.0048933147
       19.4963515499        0.6581437006        0.3181730989        0.3181579304        0.3181730989        0.6579462849        0.3181730989        0.3181579304        0.3181730989        0.0090876824        0.0090883017        0.0090883017        0.0090876824
       19.6586890373        0.3971688107        0.2910784641        0.2908662578        0.2910784641        0.3972153906        0.2910784641        0.2908662578        0.2910784641        0.0033661667        0.0033666968        0.0033666968        0.0033661667
       19.8210265248        0.2782576748        0.2610161516        0.2610637142        0.2610161516        0.2782468206        0.2610161516        0.2610637142        0.2610161516        0.0013558994        0.0013560290        0.0013560290        0.0013558994
       19.9833640123        0.1962081681        0.2116751669        0.2122341653        0.2116751669        0.1960782055        0.2116751669        0.2122341653        0.2116751669        0.0008038805        0.0008044966        0.0008044966        0.0008038805
       20.1457014997        0.1542413855        0.1823505810        0.1824431996        0.1823505810        0.1542801223        0.1823505810        0.1824431996        0.1823505810        0.0006462411        0.0006462960        0.0006462960        0.0006462411
       20.3080389872        0.1228724524        0.1615402221        0.1615387413        0.1615402221        0.1228762053        0.1615402221        0.1615387413        0.1615402221        0.0005644107        0.0005644246        0.0005644246        0.0005644107
       20.4703764747        0.1149206202        0.1626681839        0.1626827647        0.1626681839        0.1149017943        0.1626681839        0.1626827647        0.1626681839        0.0005469808        0.0005470717        0.0005470717        0.0005469808
       20.6327139621        0.1034998577        0.1622821460        0.1622566814        0.1622821460        0.1034747211        0.1622821460        0.1622566814        0.1622821460        0.0005457448        0.0005458438        0.0005458438        0.0005457448
       20.7950514496        0.0948531202        0.1691745576        0.1692327927        0.1691745576        0.0948372563        0.1691745576        0.1692327927        0.1691745576        0.0005660800        0.0005661359        0.0005661359        0.0005660800
       20.9573889370        0.0863309035        0.1969373133        0.1970542567        0.1969373133        0.0863259362        0.1969373133        0.1970542567        0.1969373133        0.0006324617        0.0006324931        0.0006324931        0.0006324617
       21.1197264245        0.0759521355        0.2007555428        0.2007334623        0.2007555428        0.0759529815        0.2007555428        0.2007334623        0.2007555428        0.0006181873        0.0006182108        0.0006182108        0.0006181873
       21.2820639120        0.0657353106        0.2080715169        0.2080125559        0.2080715169        0.0657422428        0.2080715169        0.2080125559        0.2080715169        0.0006060975        0.0006061107        0.0006061107        0.0006060975
       21.4444013994        0.0560471740        0.2284300692        0.2283974796        0.2284300692        0.0560413866        0.2284300692        0.2283974796        0.2284300692        0.0006098512        0.0006098141        0.0006098141        0.0006098512
       21.6067388869        0.0638394982        0.3054339947        0.3039481190        0.3054339947        0.0641744865        0.3054339947        0.3039481190        0.3054339947        0.0007048220        0.0007009786        0.0007009786        0.0007048220
       21.7690763744        0.0308538924        0.0835182220        0.0835674315        0.0835182220        0.0308640192        0.0835182220        0.0835674315        0.0835182220        0.0002610583        0.0002609609        0.0002609609        0.0002610583
       21.9314138618        0.0463659419        0.0601707538        0.0602030531        0.0601707538        0.0463677643        0.0601707538        0.0602030531        0.0601707538        0.0002522845        0.0002522711        0.0002522711        0.0002522845
       22.0937513493        0.0687171823        0.0636061700        0.0636183614        0.0636061700        0.0687099336        0.0636061700        0.0636183614        0.0636061700        0.0002849247        0.0002849488        0.0002849488        0.0002849247
       22.2560888368        0.0960040096        0.0730967750        0.0730838386        0.0730967750        0.0959935584        0.0730967750        0.0730838386        0.0730967750        0.0003234657        0.0003234897        0.0003234897        0.0003234657
       22.4184263242        0.1325274317        0.0861568194        0.0861332329        0.0861568194        0.1325194870        0.0861568194        0.0861332329        0.0861568194        0.0003643559        0.0003643713        0.0003643713        0.0003643559
       22.5807638117        0.1887674674        0.1063744716        0.1062878331        0.1063744716        0.1887922414        0.1063744716        0.1062878331        0.1063744716        0.0004158464        0.0004158468        0.0004158468        0.0004158464
       22.7431012991        0.3118671609        0.1514873680        0.1518106334        0.1514873680        0.3118391306        0.1514873680        0.1518106334        0.1514873680        0.0005191779        0.0005191686        0.0005191686        0.0005191779
       22.9054387866        0.5742755725        0.2062343968        0.2060872381        0.2062343968        0.5740325201        0.2062343968        0.2060872381        0.2062343968        0.0006714382        0.0006717547        0.0006717547        0.0006714382
       23.0677762741        0.5421667596        0.1581141270        0.1582961284        0.1581141270        0.5421666287        0.1581141270        0.1582961284        0.1581141270        0.0007653129        0.0007653709        0.0007653709        0.0007653129
       23.2301137615        0.1018435398        0.0615420636        0.0607359591        0.0615420636        0.1018266270        0.0615420636        0.0607359591        0.0615420636        0.0001533325        0.0001533277        0.0001533277        0.0001533325
       23.3924512490        0.0557884218        0.0397275254        0.0391118311        0.0397275254        0.0557829246        0.0397275254        0.0391118311        0.0397275254        0.0000980020        0.0000980051        0.0000980051        0.0000980020
       23.5547887365        0.0319230402        0.0257155524        0.0255139168        0.0257155524        0.0319226344        0.0257155524        0.0255139168        0.0257155524        0.0000638867        0.0000638895        0.0000638895        0.0000638867
       23.7171262239        0.0172522764        0.0155865849        0.0157507997        0.0155865849        0.0172476614        0.0155865849        0.0157507997        0.0155865849        0.0000389757        0.0000389774        0.0000389774        0.0000389757
       23.8794637114        0.0075626164        0.0081035890        0.0081477730        0.0081035890        0.0075605736        0.0081035890        0.0081477730        0.0081035890        0.0000196412        0.0000196411        0.0000196411        0.0000196412
       24.0418011988        0.0006980828        0.0013455744        0.0015049311        0.0013455744        0.0006992564        0.0013455744        0.0015049311        0.0013455744        0.0000027591        0.0000027577        0.0000027577        0.0000027591
       24.2041386863        0.0048078802        0.0347599389        0.0342700037        0.0347599389        0.0048079984        0.0347599389        0.0342700037        0.0347599389        0.0000511434        0.0000511449        0.0000511449        0.0000511434
       24.3664761738        0.0143769796        0.0507011128        0.0510264568        0.0507011128        0.0143740255        0.0507011128        0.0510264568        0.0507011128        0.0000784551        0.0000784552        0.0000784552        0.0000784551
       24.5288136612        0.0210502765        0.0704181809        0.0703221683        0.0704181809        0.0210510370        0.0704181809        0.0703221683        0.0704181809        0.0001051918        0.0001051908        0.0001051908        0.0001051918
       24.6911511487        0.0290648511        0.1115569693        0.1111140538        0.1115569693        0.0290664969        0.1115569693        0.1111140538        0.1115569693        0.0001566929        0.0001566921        0.0001566921        0.0001566929
       24.8534886362        0.0380017513        0.1212508497        0.1213274680        0.1212508497        0.0380019019        0.1212508497        0.1213274680        0.1212508497        0.0001682836        0.0001682842        0.0001682842        0.0001682836
       25.0158261236        0.0461481168        0.1314135510        0.1314521047        0.1314135510        0.0461467403        0.1314135510        0.1314521047        0.1314135510        0.0001796442        0.0001796459        0.0001796459        0.0001796442
       25.1781636111        0.0535621615        0.1409432748        0.1410578831        0.1409432748        0.0535627621        0.1409432748        0.1410578831        0.1409432748        0.0001891086        0.0001891055        0.0001891055        0.0001891086
       25.3405010985        0.0604736096        0.1500430600        0.1502306861        0.1500430600        0.0604724910        0.1500430600        0.1502306861        0.1500430600        0.0001953867        0.0001953882        0.0001953882        0.0001953867
       25.5028385860        0.0668946978        0.1586570615        0.1587131207        0.1586570615        0.0668947338        0.1586570615        0.1587131207        0.1586570615        0.0001953390        0.0001953406        0.0001953406        0.0001953390
       25.6651760735        0.0660298946        0.1551243827        0.1555593315        0.1551243827        0.0660315274        0.1551243827        0.1555593315        0.1551243827        0.0001723385        0.0001723317        0.0001723317        0.0001723385
       25.8275135609        0.0478490173        0.1236888832        0.1237450493        0.1236888832        0.0478498660        0.1236888832        0.1237450493        0.1236888832        0.0001262634        0.0001262599        0.0001262599        0.0001262634
       25.9898510484        0.0404600611        0.1107011170        0.1106935485        0.1107011170        0.0404608520        0.1107011170        0.1106935485        0.1107011170        0.0001068458        0.0001068404        0.0001068404        0.0001068458
       26.1521885359        0.0353433310        0.1017734128        0.1017711291        0.1017734128        0.0353439215        0.1017734128        0.1017711291        0.1017734128        0.0000949001        0.0000948955        0.0000948955        0.0000949001
       26.3145260233        0.0314301806        0.0948184845        0.0948279314        0.0948184845        0.0314305417        0.0948184845        0.0948279314        0.0948184845        0.0000871609        0.0000871580        0.0000871580        0.0000871609
       26.4768635108        0.0282131564        0.0823293698        0.0823367688        0.0823293698        0.0282134513        0.0823293698        0.0823367688        0.0823293698        0.0000818739        0.0000818715        0.0000818715        0.0000818739
       26.6392009983        0.0247902226        0.0644251890        0.0644341645        0.0644251890        0.0247904760        0.0644251890        0.0644341645        0.0644251890        0.0000764700        0.0000764678        0.0000764678        0.0000764700
       26.8015384857        0.0212191676        0.0522798711        0.0522872682        0.0522798711        0.0212190247        0.0522798711        0.0522872682        0.0522798711        0.0000689293        0.0000689306        0.0000689306        0.0000689293
       26.9638759732        0.0174506240        0.0414566592        0.0414531020        0.0414566592        0.0174506253        0.0414566592        0.0414531020        0.0414566592        0.0000569736        0.0000569735        0.0000569735        0.0000569736
       27.1262134606        0.0131355262        0.0303414608        0.0303415120        0.0303414608        0.0131355039        0.0303414608        0.0303415120        0.0303414608        0.0000384981        0.0000384983        0.0000384983        0.0000384981
       27.2885509481        0.0066820828        0.0150316357        0.0150336114        0.0150316357        0.0066820776        0.0150316357        0.0150336114        0.0150316357        0.0000116574        0.0000116575        0.0000116575        0.0000116574
       27.4508884356        0.0000000000        0.0000000000        0.0000000000        0.0000000000        0.0000000000        0.0000000000        0.0000000000        0.0000000000        0.0000000000        0.0000000000        0.0000000000        0.0000000000
       27.6132259230        0.0000000000        0.0000000000        0.0000000000        0.0000000000        0.0000000000        0.0000000000        0.0000000000        0.0000000000        0.0000000000        0.0000000000        0.0000000000        0.0000000000
       27.7755634105        0.0000000000        0.0000000000        0.0000000000        0.0000000000        0.0000000000        0.0000000000        0.0000000000        0.0000000000        0.0000000000        0.0000000000        0.0000000000        0.0000000000
       27.9379008980        0.0000000000        0.0000000000        0.0000000000        0.0000000000        0.0000000000        0.0000000000        0.0000000000        0.0000000000        0.0000000000        0.0000000000        0.0000000000        0.0000000000
       28.1002383854        0.0000000000        0.0000000000        0.0000000000        0.0000000000        0.0000000000        0.0000000000        0.0000000000        0.0000000000        0.0000000000        0.0000000000        0.0000000000        0.0000000000
       28.2625758729        0.0000000000        0.0000000000        0.0000000000        0.0000000000        0.0000000000        0.0000000000        0.0000000000        0.0000000000        0.0000000000        0.0000000000        0.0000000000        0.0000000000
       28.4249133603        0.0000000000        0.0000000000        0.0000000000        0.0000000000        0.0000000000        0.0000000000        0.0000000000        0.0000000000        0.0000000000        0.0000000000        0.0000000000        0.0000000000
       28.5872508478        0.0000000000        0.0000000000        0.0000000000        0.0000000000        0.0000000000        0.0000000000        0.0000000000        0.0000000000        0.0000000000        0.0000000000        0.0000000000        0.0000000000
       28.7495883353        0.0000000000        0.0000000000        0.0000000000        0.0000000000        0.0000000000        0.0000000000        0.0000000000        0.0000000000        0.0000000000        0.0000000000        0.0000000000        0.0000000000
       28.9119258227        0.0000000000        0.0000000000        0.0000000000        0.0000000000        0.0000000000        0.0000000000        0.0000000000        0.0000000000        0.0000000000        0.0000000000        0.0000000000        0.0000000000
       29.0742633102        0.0000000000        0.0000000000        0.0000000000        0.0000000000        0.0000000000        0.0000000000        0.0000000000        0.0000000000        0.0000000000        0.0000000000        0.0000000000        0.0000000000
       29.2366007977        0.0000000000        0.0000000000        0.0000000000        0.0000000000        0.0000000000        0.0000000000        0.0000000000        0.0000000000        0.0000000000        0.0000000000        0.0000000000        0.0000000000
       29.3989382851        0.0000000000        0.0000000000        0.0000000000        0.0000000000        0.0000000000        0.0000000000        0.0000000000        0.0000000000        0.0000000000        0.0000000000        0.0000000000        0.0000000000
       29.5612757726        0.0000000000        0.0000000000        0.0000000000        0.0000000000        0.0000000000        0.0000000000        0.0000000000        0.0000000000        0.0000000000        0.0000000000        0.0000000000        0.0000000000
       29.7236132600        0.0000000000        0.0000000000        0.0000000000        0.0000000000        0.0000000000        0.0000000000        0.0000000000        0.0000000000        0.0000000000        0.0000000000        0.0000000000        0.0000000000
       29.8859507475        0.0000000000        0.0000000000        0.0000000000        0.0000000000        0.0000000000        0.0000000000        0.0000000000        0.0000000000        0.0000000000        0.0000000000        0.0000000000        0.0000000000
       30.0482882350        0.0000000000        0.0000000000        0.0000000000        0.0000000000        0.0000000000        0.0000000000        0.0000000000        0.0000000000        0.0000000000        0.0000000000        0.0000000000        0.0000000000
