88   
18   

1    
  0.0050263157648224  -0.0086450072199101   0.0000000000000000
  -0.0832535200    0.1568462000   -0.0103602800
  -0.0009937500    0.0083820100   -0.0002441600
   0.0002036000    0.0076797900   -0.0000482400
  -0.0002933300    0.0067388300    0.0001658200
  -0.0001496700    0.0069055600   -0.0002832600
  -0.0001308400    0.0064360300   -0.0002456800
  -0.0001452400    0.0064436400    0.0003259100
  -0.0004315500    0.0071045900   -0.0004028300
   0.0005069300   -0.0063645500    0.0000126800
  -0.0012972200   -0.0058765000    0.0010249600
   0.0054896600   -0.0098202100    0.0012168600
  -0.0002644000   -0.0202544400   -0.0003601400
   0.0002169500   -0.0064962700   -0.0002903000
  -0.0001845900   -0.0067720600    0.0005581700
  -0.0000647100   -0.0068465500   -0.0004247000
  -0.0003750500   -0.0062855100    0.0001450700
   0.0011149000   -0.0158042600   -0.0039217500
   0.0017118800   -0.0192758900    0.0047683700
  -0.0002990900   -0.0133845300    0.0002339800
  -0.0002615300   -0.0134058400   -0.0000504200
  -0.0031920700   -0.0132580700    0.0026461500
   0.0003398400   -0.0138133900   -0.0002737900
  -0.0004771300   -0.0162124400   -0.0019099100
  -0.0008928200   -0.0130713500   -0.0003288500
  -0.0009422900    0.0146360600   -0.0001035800
   0.0025132400    0.0157322200    0.0018768800
   0.0027952500    0.0128777200   -0.0022774600
  -0.0003194300    0.0132909300   -0.0001485700
   0.0007513100    0.0143983500   -0.0000261300
   0.0021128000    0.0123438200   -0.0009576000
   0.0005856200    0.0157832000    0.0021022000
   0.0002200900    0.0134137900    0.0000085000
  -0.0003316900   -0.0054571200   -0.0003218700
   0.0066647400   -0.0029459900   -0.0005859500
   0.0003208700    0.0005468000    0.0007965800
  -0.0002933200   -0.0002485100    0.0001049300
  -0.0001396900    0.0002157700   -0.0000631000
   0.0003422000    0.0000887200   -0.0000601200
  -0.0001615400    0.0000299500   -0.0000551000
  -0.0000938800   -0.0002789400    0.0000810700
  -0.0130839100   -0.0057202800    0.0053797900
  -0.0015534500   -0.0197252800    0.0154764200
  -0.0155771500    0.0004637800    0.0073538700
  -0.0155701300   -0.0003671400    0.0076790500
  -0.0164609900   -0.0002307400    0.0077936600
  -0.0158958300    0.0000312600    0.0077588600
  -0.0155617700   -0.0001476100    0.0069859400
  -0.0153320000    0.0000197400    0.0072928700
   0.0164871400   -0.0010958800    0.0016704500
   0.0173746200    0.0250916600    0.0132104300
   0.0155208200    0.0237448000    0.0132691000
   0.0164303000    0.0252301000    0.0122644400
   0.0166399400    0.0258271400    0.0116843100
   0.0162144500    0.0251664900    0.0126103100
   0.0161558200    0.0249555200    0.0129046900
   0.0172896000    0.0255731000    0.0137449900
   0.0164719500   -0.0262655500    0.0123340500
   0.0185014800   -0.0245767400    0.0134152500
   0.0248952900   -0.0317273000    0.0084281000
   0.0156764800   -0.0234982300    0.0128268700
   0.0161117700   -0.0256017700    0.0121636800
   0.0170828200   -0.0250856000    0.0119796300
   0.0165789900   -0.0248472400    0.0138496400
   0.0166093100   -0.0250849800    0.0130426600
  -0.0163915500    0.0256905200   -0.0124768300
  -0.0154006500    0.0246754700   -0.0128965100
  -0.0166807200    0.0250788200   -0.0125761900
  -0.0161702300    0.0250598700   -0.0127630200
   0.0067009400   -0.0128470600    0.0065446800
  -0.0146371100    0.0220110800   -0.0134910800
  -0.0177251100    0.0248021500   -0.0131111800
  -0.0159672700    0.0254276900   -0.0128633100
  -0.0154486400   -0.0262226500   -0.0117744400
  -0.0168043600   -0.0249601100   -0.0130076100
  -0.0158857200   -0.0252009000   -0.0126566900
  -0.0163435400   -0.0251981300   -0.0129609500
  -0.0166621600   -0.0269383900   -0.0125601600
  -0.0051379300   -0.0321685700   -0.0159174900
  -0.0140515100   -0.0254798300   -0.0117503300
  -0.0157836500   -0.0229743600   -0.0124704900
   0.0166193700   -0.0007707400   -0.0079749100
   0.0151054400    0.0001403900   -0.0061949500
   0.0161534500   -0.0006557000   -0.0070536300
   0.0157379700    0.0002885400   -0.0072001500
   0.0140936600   -0.0030101200   -0.0066043600
   0.0146146600    0.0007611500   -0.0074164400
   0.0169460000   -0.0132000000   -0.0102626500
   0.0172115500   -0.0004599300   -0.0080047600

1    
 -0.0050263157648224   0.0086450072199101   0.0000000000000000
   0.0832591500   -0.1443546600    0.0104499100
   0.0009960600    0.0045830500    0.0002462000
  -0.0002109300    0.0052792800    0.0000437000
   0.0002900800    0.0062178100   -0.0001623700
   0.0001479200    0.0060570400    0.0002816100
   0.0001328100    0.0065322600    0.0002406600
   0.0001472300    0.0065269200   -0.0003309100
   0.0004286400    0.0058534500    0.0003965100
  -0.0004978300   -0.0066117800   -0.0000112800
   0.0012710800   -0.0071038100   -0.0010260500
  -0.0056398200   -0.0030845500   -0.0012019400
   0.0002277500    0.0071146500    0.0003514400
  -0.0002122200   -0.0064674800    0.0002846800
   0.0001879400   -0.0061870700   -0.0005550200
   0.0000632800   -0.0061214800    0.0004218800
   0.0003711300   -0.0066695500   -0.0001415100
  -0.0011016000   -0.0108970700    0.0039589000
  -0.0016985200   -0.0074838700   -0.0047170500
   0.0002965700   -0.0133049700   -0.0002315300
   0.0002618700   -0.0132990600    0.0000547900
   0.0032597300   -0.0134715200   -0.0026667600
  -0.0003449500   -0.0128760300    0.0002718800
   0.0004931500   -0.0104336800    0.0019371700
   0.0009015200   -0.0136299200    0.0003299800
   0.0009381800    0.0120604400    0.0000915800
  -0.0025371300    0.0109545700   -0.0018996700
  -0.0027650000    0.0138344200    0.0022436400
   0.0003207600    0.0134193300    0.0001459200
  -0.0007545600    0.0122986900    0.0000281200
  -0.0021387600    0.0143493700    0.0009943000
  -0.0005835100    0.0108307300   -0.0021021600
  -0.0002187900    0.0132932500   -0.0000057300
   0.0003497200    0.0056329900    0.0003455000
  -0.0064610900    0.0028801300    0.0005672500
  -0.0002913500   -0.0005201400   -0.0007856700
   0.0002911800    0.0002461400   -0.0001119400
   0.0001392700   -0.0002086400    0.0000635300
  -0.0003396600   -0.0000882700    0.0000566500
   0.0001669900   -0.0000281900    0.0000505600
   0.0000894200    0.0002833900   -0.0000840200
  -0.0182882700    0.0057636700    0.0090963400
  -0.0289212000    0.0183643300    0.0000953000
  -0.0157907100   -0.0004678900    0.0071010500
  -0.0158019700    0.0003685000    0.0067722800
  -0.0149020100    0.0002067500    0.0066770200
  -0.0154605000   -0.0000429800    0.0066901000
  -0.0158036400    0.0001518600    0.0074613700
  -0.0160378400   -0.0000185800    0.0071621700
   0.0168037900    0.0519593500    0.0241011900
   0.0155818800    0.0253185800    0.0121324300
   0.0174410700    0.0266388500    0.0120757500
   0.0165534100    0.0251631800    0.0130780400
   0.0163159000    0.0245852300    0.0136587700
   0.0167450700    0.0252251800    0.0127429100
   0.0168147800    0.0254302300    0.0124460700
   0.0157005800    0.0248168800    0.0116341400
   0.0164989900   -0.0241232600    0.0130176100
   0.0144737200   -0.0258080700    0.0119404200
   0.0076669700   -0.0186460500    0.0172013800
   0.0172758400   -0.0268754800    0.0125119300
   0.0168620800   -0.0247972300    0.0132019000
   0.0158807500   -0.0253110600    0.0133664600
   0.0163908700   -0.0255568900    0.0115199900
   0.0163510900   -0.0253121500    0.0123139500
  -0.0165626600    0.0247074300   -0.0128791100
  -0.0175645000    0.0257113100   -0.0124452200
  -0.0162858500    0.0253124600   -0.0127719500
  -0.0168012600    0.0253528700   -0.0125985100
  -0.0406768900    0.0650262800   -0.0334522200
  -0.0183195300    0.0283528300   -0.0118888000
  -0.0152280600    0.0255860300   -0.0122343100
  -0.0169965500    0.0249743500   -0.0124879300
  -0.0175104300   -0.0241822200   -0.0135591700
  -0.0161615900   -0.0254303100   -0.0123481100
  -0.0170857600   -0.0251858900   -0.0126880000
  -0.0166282000   -0.0252007000   -0.0123925400
  -0.0162930800   -0.0234509700   -0.0127856300
  -0.0275049300   -0.0181900900   -0.0096640000
  -0.0189206700   -0.0249192000   -0.0136140400
  -0.0171727300   -0.0274208900   -0.0128744600
   0.0147496400    0.0007515300   -0.0064780800
   0.0162692900   -0.0001306900   -0.0082213400
   0.0152058700    0.0006277300   -0.0073793800
   0.0156230400   -0.0002955300   -0.0072516300
   0.0172910700    0.0030185200   -0.0078445900
   0.0167091600   -0.0007474700   -0.0070295700
   0.0141369600    0.0128547800   -0.0045060200
   0.0141412900    0.0004386900   -0.0064267500

1    
 -0.0033529090382348   0.0000000000000000   0.0094211464791353
   0.0360789200    0.0060891300   -0.1383656500
  -0.0000080400    0.0063492300    0.0001181600
  -0.0000118700    0.0065989300    0.0001163100
   0.0005015500    0.0064759800   -0.0006232900
  -0.0004284000    0.0064837700    0.0000532700
   0.0001701900    0.0067972900   -0.0002693700
   0.0001754600    0.0061654600   -0.0002711800
  -0.0004608400    0.0064792500   -0.0008636200
  -0.0003132800   -0.0064720400    0.0007516300
   0.0006543000   -0.0077059900   -0.0020483800
   0.0006773200   -0.0052489600   -0.0020841000
  -0.0005028300   -0.0064607100   -0.0023679700
  -0.0006837600   -0.0064742900   -0.0002571400
   0.0002047200   -0.0070419100   -0.0015490000
   0.0002134600   -0.0059266200   -0.0015438300
   0.0005200700   -0.0064739300   -0.0001687200
  -0.0000895400   -0.0079257500    0.0064647900
   0.0000861700   -0.0146576600    0.0014284200
  -0.0001420400   -0.0137539700   -0.0002022100
  -0.0000656800   -0.0134755200   -0.0002249100
  -0.0000910000   -0.0186344700    0.0063320300
  -0.0001309200   -0.0129353200   -0.0002058600
   0.0001117300   -0.0119950700    0.0014620700
  -0.0000601000   -0.0132272800   -0.0002304000
   0.0004043600    0.0127702700   -0.0002841300
   0.0036835200    0.0150966800    0.0044801000
  -0.0038394500    0.0132055100    0.0036220900
  -0.0003166300    0.0131506100    0.0000903600
   0.0004102500    0.0139201700   -0.0002846800
  -0.0038108100    0.0134778500    0.0035571900
   0.0036302500    0.0116035100    0.0044408900
  -0.0003167900    0.0135393300    0.0000938900
  -0.0003206300   -0.0000050600   -0.0004765100
  -0.0027568700    0.0024384300   -0.0016045600
  -0.0027449100   -0.0024443100   -0.0016233700
   0.0002434800    0.0000011000    0.0002440900
   0.0004266000    0.0000028000   -0.0006962800
  -0.0003059100   -0.0001301700   -0.0000387000
  -0.0003142700    0.0001249000   -0.0000403500
   0.0001298300    0.0000020100   -0.0001707000
  -0.0171657400    0.0028450000    0.0076034200
  -0.0126346800   -0.0086392200    0.0225040400
  -0.0155985600   -0.0000522800    0.0070667400
  -0.0154879800   -0.0002621300    0.0069191200
  -0.0168882000   -0.0009206500    0.0094104200
  -0.0157369500   -0.0006802600    0.0068396000
  -0.0146810700    0.0003758300    0.0071683600
  -0.0157454100    0.0000401200    0.0071366200
   0.0159234700    0.0352169700    0.0347662200
   0.0168664100    0.0247412300    0.0124931100
   0.0162023900    0.0243275600    0.0134480800
   0.0155864800    0.0254347300    0.0127853000
   0.0159293600    0.0257647600    0.0130917200
   0.0168201200    0.0248580200    0.0125925000
   0.0166263700    0.0252266300    0.0127077000
   0.0172677900    0.0258727300    0.0144837100
   0.0163499400   -0.0241512500    0.0123678800
   0.0165809700   -0.0258568700    0.0126472500
   0.0000245900   -0.0240810000    0.0284382600
   0.0165080300   -0.0251024000    0.0126493300
   0.0168546000   -0.0249216300    0.0131070500
   0.0154478500   -0.0250263700    0.0135949800
   0.0170715000   -0.0256990200    0.0162691500
   0.0165163000   -0.0254721600    0.0129162300
  -0.0170253500    0.0246132600   -0.0122969900
  -0.0163304400    0.0251612300   -0.0126401500
  -0.0161309100    0.0255406100   -0.0127656900
  -0.0156870200    0.0245099600   -0.0108878200
  -0.0173494000    0.0156463100    0.0090701700
  -0.0167776300    0.0260829400   -0.0119007900
  -0.0161063700    0.0256580900   -0.0128741500
  -0.0173694000    0.0249677400   -0.0125690800
  -0.0161069300   -0.0254751900   -0.0122655000
  -0.0158752100   -0.0246831200   -0.0090840200
  -0.0175150900   -0.0253693100   -0.0117744300
  -0.0164521000   -0.0249262900   -0.0124384500
  -0.0166122200   -0.0262542400   -0.0129858300
  -0.0316414500   -0.0262667600    0.0022844600
  -0.0163900100   -0.0245317100   -0.0127042200
  -0.0164528900   -0.0252991400   -0.0127148300
   0.0144418100    0.0009269500   -0.0050419400
   0.0166586700   -0.0003711900   -0.0072938600
   0.0155982300    0.0006838400   -0.0076246500
   0.0156040700   -0.0000346600   -0.0073237200
   0.0141920200   -0.0028295900   -0.0068590500
   0.0157768400    0.0000417000   -0.0073930200
   0.0184362900    0.0083138200    0.0078637600
   0.0158693400    0.0002732500   -0.0075473400

17   
  0.0050263157648224  -0.0086450072199101   0.0000000000000000
   0.0011471800    0.0040472200   -0.0045857600
   0.0031666400    0.0014689500    0.0024067800
  -0.0003461300    0.0064054500    0.0001787500
  -0.0002995600    0.0064059000   -0.0000227100
  -0.0032655900    0.0065716800    0.0037093200
   0.0003885300    0.0060393700   -0.0003078200
  -0.0019943900    0.0027076100   -0.0018899100
  -0.0008637200    0.0067764500   -0.0004537300
   0.0001110200   -0.0058064300   -0.0002731800
   0.0028760400   -0.0070335700   -0.0011141200
   0.0014879600   -0.0034928700    0.0040783900
  -0.0001617300   -0.0066417800   -0.0004083100
  -0.0002935400   -0.0048207700    0.0006374100
   0.0016191000   -0.0045633700    0.0009165800
   0.0020192300   -0.0074099100   -0.0012149300
   0.0000561500   -0.0063278500    0.0000322400
  -0.0774263600    0.1146514800    0.0011131100
  -0.0005451900   -0.0122688700   -0.0002684200
  -0.0000420500   -0.0125747200    0.0001694400
  -0.0004476400   -0.0129473600    0.0001391400
  -0.0002592200   -0.0133572000    0.0001237600
  -0.0006765400   -0.0124744900   -0.0005092600
   0.0000027700   -0.0128704000    0.0007645300
  -0.0001000400   -0.0129014800   -0.0003725300
  -0.0009464200    0.0015616100   -0.0008185900
   0.0094318800    0.0093139600   -0.0004895800
  -0.0004784900    0.0150542100    0.0012527700
  -0.0001864500    0.0136835500   -0.0001204200
   0.0001144200    0.0132755400    0.0003976000
  -0.0004640500    0.0131506100   -0.0002199400
   0.0003286000    0.0126951800    0.0001212100
  -0.0001519200    0.0129621500   -0.0002726000
  -0.0017456600   -0.0003876700    0.0009584500
  -0.0012626200    0.0007964700    0.0005421100
   0.0002054200   -0.0021400000   -0.0010196200
  -0.0000035300    0.0002393200   -0.0000512500
   0.0013035000   -0.0025857500   -0.0039729600
   0.0023730700   -0.0048485000    0.0025616300
   0.0001759500    0.0003236800    0.0001404500
   0.0002544600    0.0002852000    0.0000228700
  -0.0062527600   -0.0194113300    0.0182053200
  -0.0126818100   -0.0033477800    0.0058565700
  -0.0167773500   -0.0002313700    0.0074572100
  -0.0155281600   -0.0004720700    0.0068215300
  -0.0155411900    0.0004507000    0.0074439700
  -0.0153283100   -0.0003875100    0.0078197600
  -0.0156890300   -0.0008326700    0.0070562300
  -0.0160087200    0.0001020600    0.0074467400
   0.0296696400    0.0174861500    0.0066602700
   0.0174051400    0.0256866200    0.0127084600
   0.0162586800    0.0255013600    0.0126589800
   0.0182910700    0.0252644700    0.0127215300
   0.0162582200    0.0258061000    0.0131802300
   0.0169630400    0.0244065800    0.0135698300
   0.0161481700    0.0247124300    0.0124687300
   0.0167520000    0.0251010200    0.0125964600
   0.0158120000   -0.0276820800    0.0135201400
   0.0169051900   -0.0246088500    0.0125795300
   0.0147470100   -0.0432223200    0.0022599900
   0.0157712500   -0.0254906900    0.0131383800
   0.0165968000   -0.0255689000    0.0113305200
   0.0168734800   -0.0252338600    0.0140754100
   0.0162972500   -0.0248337100    0.0126111100
   0.0167071200   -0.0252646300    0.0127315100
  -0.0010033300    0.0182290300   -0.0219861000
  -0.0160457900    0.0255201400   -0.0120774900
  -0.0172377100    0.0263019300   -0.0129535700
  -0.0141812000    0.0248251200   -0.0118063900
  -0.0163718300    0.0252200200   -0.0131451000
  -0.0155724700    0.0243674500   -0.0122895100
  -0.0164467800    0.0250758600   -0.0137694200
  -0.0159518100    0.0252467600   -0.0130689200
  -0.0150804300   -0.0291323800   -0.0135522300
  -0.0004630400   -0.0493955900    0.0022412600
  -0.0160296200   -0.0248840200   -0.0126767700
  -0.0160050200   -0.0253838100   -0.0125032900
  -0.0165150100   -0.0260378900   -0.0111139600
  -0.0157780200   -0.0253603900   -0.0132801600
  -0.0171866400   -0.0255549600   -0.0130888500
  -0.0165652700   -0.0254384700   -0.0127548600
   0.0186215400   -0.0123502300   -0.0103820100
   0.0157373800   -0.0012021000   -0.0072144000
   0.0147183500   -0.0016744800   -0.0070767400
   0.0154033300   -0.0000669500   -0.0071731100
   0.0153866200    0.0007688000   -0.0079506900
   0.0166335700   -0.0005807800   -0.0075198100
   0.0153054800    0.0005393900   -0.0069944100
   0.0158778700    0.0000752200   -0.0066627900

17   
 -0.0050263157648224   0.0086450072199101   0.0000000000000000
  -0.0011379400    0.0089128200    0.0045255000
  -0.0032238300    0.0115304900   -0.0024192500
   0.0003462500    0.0065380800   -0.0001821700
   0.0002882500    0.0065506600    0.0000291100
   0.0032557500    0.0063991100   -0.0037004600
  -0.0003910100    0.0069177600    0.0003136700
   0.0019511400    0.0102172600    0.0018537900
   0.0008687600    0.0061809500    0.0004556300
  -0.0001151600   -0.0071611600    0.0002651000
  -0.0029295500   -0.0059306300    0.0011525800
  -0.0014733700   -0.0094858700   -0.0040820000
   0.0001589000   -0.0063240100    0.0004001700
   0.0003021600   -0.0081453800   -0.0006397700
  -0.0016425500   -0.0082983800   -0.0009430700
  -0.0019858500   -0.0055464300    0.0011888900
  -0.0000553000   -0.0066363700   -0.0000247000
   0.0767600400   -0.1414379400   -0.0012907100
   0.0005530200   -0.0144185100    0.0002705200
   0.0000309100   -0.0141301800   -0.0001626300
   0.0004367100   -0.0137493900   -0.0001451600
   0.0002650100   -0.0133329000   -0.0001160100
   0.0006801700   -0.0142234200    0.0005046800
   0.0000012800   -0.0138297700   -0.0007780400
   0.0000976600   -0.0137911000    0.0003777200
   0.0009928700    0.0253132500    0.0008409100
  -0.0092355800    0.0173350400    0.0004692200
   0.0004994500    0.0116565500   -0.0012400100
   0.0001920200    0.0130100800    0.0001231100
  -0.0001195500    0.0134113500   -0.0003999500
   0.0004617100    0.0135363300    0.0002228000
  -0.0003263600    0.0139992100   -0.0001287200
   0.0001494300    0.0137267500    0.0002697100
   0.0018035200    0.0003451000   -0.0009422900
   0.0012629900   -0.0007964800   -0.0005391100
  -0.0001926400    0.0021634800    0.0010474900
   0.0000014700   -0.0002363000    0.0000562300
  -0.0013154500    0.0026147400    0.0040526800
  -0.0023382000    0.0047517600   -0.0025212500
  -0.0001784800   -0.0003243300   -0.0001441800
  -0.0002540700   -0.0002792900   -0.0000263600
  -0.0256970500    0.0206314700   -0.0048955500
  -0.0186668700    0.0033406300    0.0085965500
  -0.0145724400    0.0002376500    0.0069997200
  -0.0158180500    0.0004916300    0.0076359100
  -0.0157949300   -0.0004586800    0.0069944300
  -0.0160289900    0.0003913500    0.0066339100
  -0.0156737800    0.0008371400    0.0074121200
  -0.0153232200   -0.0001143500    0.0070288500
   0.0037705700    0.0329311400    0.0183162300
   0.0155559000    0.0246705600    0.0126628100
   0.0166989700    0.0249041800    0.0126933000
   0.0147089400    0.0251165900    0.0126420100
   0.0166963500    0.0245809700    0.0121547900
   0.0159879900    0.0259948000    0.0117900000
   0.0168117800    0.0256885800    0.0129010500
   0.0162152100    0.0252923300    0.0127588500
   0.0171544400   -0.0226841400    0.0118282400
   0.0160567300   -0.0257914500    0.0127942300
   0.0179365300   -0.0074531100    0.0227479700
   0.0171968500   -0.0248967200    0.0121959200
   0.0163620500   -0.0248263000    0.0140298600
   0.0160881000   -0.0251745700    0.0112816600
   0.0166528500   -0.0255679900    0.0127675400
   0.0162505500   -0.0251269800    0.0126202500
  -0.0323404300    0.0320493200   -0.0030292800
  -0.0169016000    0.0248798900   -0.0132672100
  -0.0157236800    0.0240831800   -0.0124192300
  -0.0187790300    0.0255569200   -0.0135384300
  -0.0165960400    0.0251646000   -0.0122068200
  -0.0173886700    0.0260319500   -0.0130732000
  -0.0165135300    0.0253388600   -0.0115770600
  -0.0170013200    0.0251475600   -0.0122941600
  -0.0178789600   -0.0212585300   -0.0118125300
  -0.0316283400   -0.0023317100   -0.0263091400
  -0.0169276500   -0.0255165300   -0.0126859500
  -0.0169490900   -0.0250155400   -0.0128557400
  -0.0164456600   -0.0243448500   -0.0142324300
  -0.0171971500   -0.0250338500   -0.0120937800
  -0.0157810500   -0.0248452900   -0.0122870600
  -0.0163890900   -0.0249455100   -0.0125977500
   0.0130268800    0.0127370400   -0.0036669600
   0.0155710200    0.0012334600   -0.0072534400
   0.0166434900    0.0017094600   -0.0073963600
   0.0159573800    0.0000731400   -0.0072757200
   0.0159789200   -0.0007499400   -0.0065291200
   0.0147330100    0.0005901000   -0.0069457000
   0.0160486100   -0.0005270500   -0.0074360800
   0.0154689100   -0.0000743800   -0.0078012100

17   
 -0.0033529090382348   0.0000000000000000   0.0094211464791353
  -0.0004897700    0.0108559300    0.0061758300
   0.0022436700    0.0032466700    0.0022075000
  -0.0000569400    0.0060754600   -0.0001708900
   0.0000274300    0.0064570500   -0.0001944600
  -0.0005072500    0.0019888800    0.0063275500
  -0.0000462100    0.0068745300   -0.0001779000
   0.0022244400    0.0096641400    0.0022025800
   0.0000328900    0.0065113400   -0.0001940600
  -0.0000511300   -0.0061876600   -0.0004468600
  -0.0046388400   -0.0072955600    0.0032656000
   0.0026768000   -0.0069722100    0.0041118700
  -0.0001010800   -0.0064546200    0.0001709800
  -0.0000551700   -0.0067683300   -0.0004496800
   0.0027254700   -0.0059884900    0.0041280000
  -0.0046985100   -0.0056468100    0.0033108600
  -0.0000979300   -0.0064950800    0.0001666100
   0.0537265400   -0.0133430200   -0.1688609100
   0.0000921900   -0.0132120600   -0.0004188300
   0.0001017500   -0.0134876700   -0.0004131100
   0.0005603000   -0.0133451000   -0.0006628700
   0.0003992200   -0.0133538900   -0.0019532400
   0.0004711300   -0.0127879700   -0.0007098600
   0.0004792900   -0.0139157300   -0.0007064300
  -0.0006348100   -0.0133477000   -0.0010331200
  -0.0009090800    0.0132920500   -0.0000131700
  -0.0022566800    0.0161914100   -0.0008941800
  -0.0022088600    0.0105021500   -0.0009241300
  -0.0001048300    0.0133442100   -0.0007450500
   0.0006717100    0.0133455200   -0.0008704500
  -0.0000501200    0.0133933000   -0.0008483000
  -0.0000382900    0.0133189400   -0.0008372000
  -0.0004074300    0.0133500000   -0.0003288800
  -0.0019417200   -0.0030727400    0.0058936600
   0.0007451000   -0.0000765100   -0.0004314000
   0.0002905600    0.0020488000    0.0021915000
  -0.0002717700    0.0000089800    0.0001908600
  -0.0019745700    0.0031803000    0.0060517000
   0.0002688200   -0.0020161400    0.0021897200
   0.0007377800    0.0000772200   -0.0004263300
  -0.0002637200   -0.0000094100    0.0001850900
  -0.0157394900   -0.0050157300    0.0210142700
  -0.0176598900    0.0023744100    0.0083015800
  -0.0142244500    0.0002569300    0.0073256700
  -0.0154044600    0.0007911200    0.0081284800
  -0.0160467500   -0.0001792800    0.0073448400
  -0.0154128900   -0.0004067400    0.0066197000
  -0.0160906100    0.0002453800    0.0075702800
  -0.0144916100   -0.0005160200    0.0074064100
  -0.0045289200    0.0248255500    0.0350057200
   0.0165117400    0.0245042000    0.0124930100
   0.0166805500    0.0254658400    0.0129639800
   0.0169844500    0.0251263400    0.0130307800
   0.0159623800    0.0244431200    0.0181188800
   0.0163962300    0.0242240300    0.0134953300
   0.0165179300    0.0252416800    0.0133937200
   0.0156831500    0.0253790900    0.0136493400
   0.0158212000   -0.0274324800    0.0134766900
   0.0154774200   -0.0247840700    0.0124340700
   0.0168856800   -0.0174905900    0.0294335800
   0.0163250400   -0.0252951400    0.0128830300
   0.0159781100   -0.0245727300    0.0133760000
   0.0173571000   -0.0250342800    0.0131023900
   0.0159473400   -0.0253797400    0.0138632600
   0.0165428700   -0.0253656100    0.0122876100
  -0.0391572700    0.0255534900    0.0107702000
  -0.0162819300    0.0249272600   -0.0123921100
  -0.0164556800    0.0259323500   -0.0128587800
  -0.0159690900    0.0252514600   -0.0123107300
  -0.0170106500    0.0259332300   -0.0073169500
  -0.0164413700    0.0251503500   -0.0119719900
  -0.0165638000    0.0261780000   -0.0118593400
  -0.0172519000    0.0249983500   -0.0117072300
  -0.0171482500   -0.0229205100   -0.0118640600
  -0.0158294900   -0.0333269100    0.0043244900
  -0.0175097500   -0.0256243400   -0.0129149000
  -0.0166294300   -0.0250863900   -0.0124808900
  -0.0169703200   -0.0258140500   -0.0119674700
  -0.0170319400   -0.0250150100   -0.0114562000
  -0.0156084100   -0.0253543000   -0.0122247000
  -0.0164188600   -0.0250210500   -0.0130828200
   0.0158947600    0.0054631200    0.0068963900
   0.0171780800   -0.0002663800   -0.0071160600
   0.0136984000   -0.0024030900   -0.0061557700
   0.0159389200   -0.0007869900   -0.0063160700
   0.0153005100    0.0001904600   -0.0070721800
   0.0152833200   -0.0002476000   -0.0068662000
   0.0159537800    0.0004253200   -0.0077943800
   0.0168878400    0.0005077400   -0.0070394900

33   
  0.0050263157648224  -0.0086450072199101   0.0000000000000000
  -0.0003509000    0.0008638900   -0.0003078800
   0.0063251000    0.0034932600   -0.0014090700
   0.0004441300    0.0070935500    0.0009448900
  -0.0002933800    0.0062427000    0.0000203200
  -0.0001352200    0.0066939200    0.0001794800
   0.0000385300    0.0063966200   -0.0000311800
   0.0001377800    0.0066859500   -0.0002324500
  -0.0000912600    0.0062033400    0.0000385900
  -0.0003256400   -0.0119411000   -0.0002814100
   0.0064645300   -0.0095215100   -0.0014545100
   0.0005011000   -0.0058422300    0.0009262300
  -0.0002953400   -0.0067345700    0.0000250100
  -0.0001391600   -0.0062659600    0.0001839000
   0.0000335000   -0.0065756000   -0.0000361700
   0.0001424400   -0.0062771100   -0.0002270600
  -0.0000923200   -0.0067645000    0.0000381500
  -0.0021394900   -0.0139209200    0.0010302100
  -0.0009450400   -0.0123682900    0.0001295000
  -0.0010191000   -0.0162081100   -0.0020857900
   0.0001544400   -0.0130142200   -0.0000947800
   0.0016942100   -0.0157368200   -0.0033255900
   0.0035266600   -0.0174272500    0.0032614200
  -0.0001326400   -0.0132058200    0.0002760900
   0.0000854900   -0.0131712400   -0.0001025700
   0.0016817900    0.0109702400   -0.0032932200
   0.0035835000    0.0092277100    0.0032930200
  -0.0001419500    0.0134887800    0.0002767300
   0.0000907600    0.0135360600   -0.0001026800
  -0.0021582600    0.0127458700    0.0010786800
  -0.0009588500    0.0143318100    0.0001312800
  -0.0009806700    0.0105160800   -0.0020553900
   0.0001697400    0.0136799500   -0.0000908300
  -0.0853677500    0.1265960000    0.0197187000
  -0.0004033700    0.0003872700    0.0001200200
   0.0002020900    0.0000377700    0.0000867000
  -0.0023817100    0.0009234400    0.0001450100
  -0.0000493600   -0.0002203100    0.0006316800
   0.0000357700    0.0000612800   -0.0004784700
   0.0000477200    0.0000560300    0.0002407000
   0.0005999100    0.0012468400   -0.0006883100
   0.0045482700   -0.0147496500   -0.0010704200
  -0.0153244200   -0.0001086900    0.0074852400
  -0.0160847800    0.0000140600    0.0069758400
  -0.0124622700    0.0000341800    0.0075127000
  -0.0156423700    0.0003921600    0.0070369700
  -0.0147537400   -0.0005156900    0.0081190800
  -0.0161640000   -0.0005269300    0.0064371300
  -0.0160567600   -0.0001927200    0.0077523200
   0.0220355000    0.0104675400    0.0150661700
   0.0195265200    0.0210364600    0.0104760600
   0.0161563400    0.0251550700    0.0125696600
   0.0179873300    0.0255521900    0.0125431300
   0.0165098000    0.0242575400    0.0119934800
   0.0163636000    0.0252164000    0.0136791500
   0.0163769100    0.0250773200    0.0127044300
   0.0163120400    0.0248307300    0.0128749600
   0.0212258500   -0.0348959500    0.0118239600
   0.0157831300   -0.0250339200    0.0131133800
   0.0151356500   -0.0269527300    0.0135368100
   0.0173464000   -0.0263565400    0.0127593000
   0.0165733200   -0.0247614800    0.0118731400
   0.0169714800   -0.0252673400    0.0125524100
   0.0161859700   -0.0249671400    0.0125674100
   0.0159025000   -0.0261554300    0.0126531400
  -0.0164072800    0.0256463300   -0.0134687100
  -0.0160000200    0.0251222300   -0.0127886700
  -0.0167720600    0.0254226800   -0.0127657100
  -0.0170456900    0.0242398500   -0.0126695800
  -0.0119301200    0.0150786200   -0.0137953800
  -0.0171777500    0.0253335400   -0.0122356200
  -0.0178192100    0.0234352500   -0.0118126900
  -0.0156016700    0.0240365300   -0.0125740400
  -0.0164528400   -0.0261491700   -0.0133434000
  -0.0166114700   -0.0251914400   -0.0116107800
  -0.0165811700   -0.0253213600   -0.0126429500
  -0.0166383100   -0.0255699300   -0.0124475400
  -0.0115277100   -0.0387679200   -0.0111228600
  -0.0133927400   -0.0294106800   -0.0149087800
  -0.0168324000   -0.0252430500   -0.0127752700
  -0.0149939400   -0.0248406000   -0.0128018500
   0.0157337000    0.0003864900   -0.0074120600
   0.0166194700   -0.0005292000   -0.0063084700
   0.0152097900   -0.0005124400   -0.0079967700
   0.0153001700   -0.0001906500   -0.0066809100
   0.0366536700   -0.0147280400   -0.0160205700
   0.0160685400   -0.0001235100   -0.0069481200
   0.0152885300    0.0000203400   -0.0074640500
   0.0189004900    0.0000239100   -0.0069195900

33   
 -0.0033529090382348   0.0000000000000000   0.0094211464791353
  -0.0003983200    0.0065052300   -0.0005035500
  -0.0020814400    0.0084562200   -0.0014108500
  -0.0020979000    0.0045398900   -0.0013457800
   0.0003978700    0.0064875400    0.0002996100
  -0.0000257000    0.0064818000   -0.0008585700
  -0.0001619900    0.0065843900    0.0000156200
  -0.0001627000    0.0063836100    0.0000098700
   0.0002153500    0.0064837400   -0.0001416400
  -0.0003983200   -0.0065052300   -0.0005035500
  -0.0020979000   -0.0045398900   -0.0013457800
  -0.0020814400   -0.0084562200   -0.0014108500
   0.0003978700   -0.0064875400    0.0002996100
  -0.0000257000   -0.0064818000   -0.0008585700
  -0.0001627000   -0.0063836100    0.0000098700
  -0.0001619900   -0.0065843900    0.0000156200
   0.0002153500   -0.0064837400   -0.0001416400
  -0.0027397100   -0.0167084700    0.0057822000
   0.0010050000   -0.0138498200   -0.0003315500
   0.0005449300   -0.0118353200    0.0022800800
  -0.0001128100   -0.0133576200    0.0002452600
  -0.0026908800   -0.0101025300    0.0056258800
   0.0005762500   -0.0148940800    0.0023056200
   0.0010012400   -0.0128567500   -0.0003427300
  -0.0001098300   -0.0133438000    0.0002432600
  -0.0027397100    0.0167084700    0.0057822000
   0.0005449300    0.0118353200    0.0022800800
   0.0010050000    0.0138498200   -0.0003315500
  -0.0001128100    0.0133576200    0.0002452600
  -0.0026908800    0.0101025300    0.0056258800
   0.0010012400    0.0128567500   -0.0003427300
   0.0005762500    0.0148940800    0.0023056200
  -0.0001098300    0.0133438000    0.0002432600
   0.0939631500    0.0000000000   -0.1506073900
   0.0002548500   -0.0001394900    0.0000870300
   0.0002548500    0.0001394900    0.0000870300
   0.0018530900    0.0000000000    0.0004838800
   0.0012282400    0.0000000000   -0.0034198200
  -0.0002452100    0.0003904200   -0.0005352300
  -0.0002452100   -0.0003904200   -0.0005352300
  -0.0016851700    0.0000000000    0.0003469200
  -0.0465064300    0.0000000000    0.0419740100
  -0.0153247300   -0.0002336400    0.0070053800
  -0.0153247300    0.0002336400    0.0070053800
  -0.0167065600    0.0000000000    0.0071019300
  -0.0168238200    0.0000000000    0.0123652700
  -0.0155538100   -0.0006882800    0.0081718100
  -0.0155538100    0.0006882800    0.0081718100
  -0.0147623200    0.0000000000    0.0065343000
   0.0138882200    0.0210183300    0.0238229900
   0.0146815700    0.0275497900    0.0135002700
   0.0169701700    0.0252530700    0.0122356500
   0.0148173000    0.0240430300    0.0121606200
   0.0160043600    0.0265947500    0.0150400600
   0.0171046500    0.0250406900    0.0122877000
   0.0159532800    0.0253834000    0.0129266400
   0.0170310600    0.0253949300    0.0123441800
   0.0138882200   -0.0210183300    0.0238229900
   0.0169701700   -0.0252530700    0.0122356500
   0.0146815700   -0.0275497900    0.0135002700
   0.0148173000   -0.0240430300    0.0121606200
   0.0160043600   -0.0265947500    0.0150400600
   0.0159532800   -0.0253834000    0.0129266400
   0.0171046500   -0.0250406900    0.0122877000
   0.0170310600   -0.0253949300    0.0123441800
  -0.0169346500    0.0237847100   -0.0103082300
  -0.0170076200    0.0250215000   -0.0124159300
  -0.0158527400    0.0253490400   -0.0130782800
  -0.0159301800    0.0250155800   -0.0129925200
  -0.0192897000    0.0289594000   -0.0018877700
  -0.0160093700    0.0251635400   -0.0131166100
  -0.0182816900    0.0228758800   -0.0118321400
  -0.0181471500    0.0263593300   -0.0131860100
  -0.0169346500   -0.0237847100   -0.0103082300
  -0.0158527400   -0.0253490400   -0.0130782800
  -0.0170076200   -0.0250215000   -0.0124159300
  -0.0159301800   -0.0250155800   -0.0129925200
  -0.0192897000   -0.0289594000   -0.0018877700
  -0.0182816900   -0.0228758800   -0.0118321400
  -0.0160093700   -0.0251635400   -0.0131166100
  -0.0181471500   -0.0263593300   -0.0131860100
   0.0145292400    0.0000000000   -0.0020318400
   0.0158041600   -0.0006807700   -0.0062738100
   0.0158041600    0.0006807700   -0.0062738100
   0.0165970400    0.0000000000   -0.0079041200
  -0.0126156400    0.0000000000    0.0257493200
   0.0160287000   -0.0002395700   -0.0074476200
   0.0160287000    0.0002395700   -0.0074476200
   0.0146875600    0.0000000000   -0.0073543200

41   
  0.0050263157648224  -0.0086450072199101   0.0000000000000000
   0.0028626200    0.0008511100   -0.0024022000
   0.0122659300   -0.0124338100    0.0132813100
  -0.0002216700    0.0067562400    0.0000125000
   0.0007587300    0.0064863600    0.0006220600
  -0.0003902000    0.0064849200    0.0000496500
  -0.0004650700    0.0063784900    0.0004313800
   0.0000132100    0.0062688700    0.0001885300
   0.0004398300    0.0065472200    0.0000890100
  -0.0018328300   -0.0096357100    0.0011450200
  -0.0007153100   -0.0055284600   -0.0002550500
   0.0022708200   -0.0190975500   -0.0055050700
   0.0008834600   -0.0073002300    0.0001750300
   0.0005468500   -0.0074648200   -0.0013046500
  -0.0004715300   -0.0062811800    0.0006993100
   0.0007095800   -0.0069821800   -0.0004145300
  -0.0000296600   -0.0062403900   -0.0000221600
   0.0130144900   -0.0323032300    0.0099448700
   0.0024163800   -0.0170023500   -0.0023731100
  -0.0013550300   -0.0137353800    0.0000612100
   0.0002895300   -0.0137417600   -0.0004758900
   0.0001826700   -0.0128529900    0.0000256300
   0.0007897900   -0.0134935000    0.0008194300
   0.0006821500   -0.0137841400   -0.0002045300
  -0.0000987200   -0.0130980700    0.0010677100
  -0.0000538200   -0.0007972600   -0.0046696600
   0.0003308100    0.0122809700    0.0011500500
  -0.0004051800    0.0119955400    0.0009975300
  -0.0004315100    0.0131895100    0.0007259400
  -0.0003497600    0.0140723000   -0.0004932300
   0.0002715800    0.0123632800    0.0000986500
  -0.0008020300    0.0136310500   -0.0005262700
  -0.0000418000    0.0132768300    0.0001526000
   0.0209891800   -0.0147275900   -0.0086990500
   0.0001016800   -0.0002683800    0.0004285000
  -0.0001391200    0.0001788300   -0.0000765300
   0.0032139700    0.0000274600    0.0006059500
   0.0000442600    0.0003857800   -0.0006126800
   0.0002253800   -0.0009317500    0.0007814400
   0.0002310000   -0.0001070200   -0.0004845700
  -0.0003791300   -0.0001933500    0.0003509800
  -0.0997472100    0.1657788700    0.0065967800
  -0.0177089000    0.0033475300    0.0080096400
  -0.0146551800    0.0015750500    0.0066089300
  -0.0166878100   -0.0001572300    0.0074169800
  -0.0155926300    0.0003082200    0.0075157600
  -0.0155618100    0.0008496800    0.0061058500
  -0.0159765000    0.0010826900    0.0084910100
  -0.0163781000    0.0004771300    0.0059065100
   0.0394051900    0.0122892900    0.0115749400
   0.0154254600   -0.0011359800    0.0098327400
   0.0167488100    0.0252247900    0.0124841300
   0.0142146800    0.0236459400    0.0142260100
   0.0167474000    0.0253156300    0.0126099900
   0.0162611200    0.0255868900    0.0120402200
   0.0157099900    0.0249442900    0.0123251500
   0.0169108300    0.0251009400    0.0127077000
   0.0170292600   -0.0219991600    0.0163539300
   0.0158098300   -0.0247020200    0.0124546900
   0.0151936400   -0.0503545600    0.0117484600
   0.0239753600   -0.0283821500    0.0111152100
   0.0163145700   -0.0255677000    0.0134212700
   0.0161387900   -0.0257613600    0.0118199100
   0.0164980800   -0.0247728800    0.0139121700
   0.0167171000   -0.0253942400    0.0119058900
  -0.0209917400    0.0222608200   -0.0084022300
  -0.0172456500    0.0246681500   -0.0123841800
  -0.0168644800    0.0234228300   -0.0137403400
  -0.0166520200    0.0252006100   -0.0129600100
  -0.0133717400    0.0160265600   -0.0242601700
  -0.0136945400    0.0190568400   -0.0091925300
  -0.0163131600    0.0258124400   -0.0124290900
  -0.0176235800    0.0258730000   -0.0126835000
  -0.0127707000   -0.0285801000   -0.0166503900
  -0.0147442000   -0.0289560400   -0.0111245900
  -0.0163299700   -0.0252627100   -0.0126066400
  -0.0157723200   -0.0253035100   -0.0127987900
  -0.0234243900   -0.0253543900   -0.0085549900
  -0.0176301500   -0.0229722000   -0.0120377100
  -0.0181133200   -0.0286339600   -0.0146078600
  -0.0179547900   -0.0250049700   -0.0131264200
   0.0189396500    0.0043318200   -0.0035639200
   0.0136121400    0.0029264400   -0.0067377500
   0.0165430200    0.0012249800   -0.0077350500
   0.0152168100    0.0020003100   -0.0079527400
   0.0225280000   -0.0007015900   -0.0110187800
   0.0163660300    0.0012969200   -0.0079814400
   0.0149057700    0.0021715500   -0.0065164700
   0.0192418300    0.0040228800   -0.0035033600

41   
 -0.0050263157648224   0.0086450072199101   0.0000000000000000
  -0.0028293500    0.0120441700    0.0023535300
  -0.0131687500    0.0267864700   -0.0144353400
   0.0002212300    0.0062058800   -0.0000104400
  -0.0007545900    0.0064771900   -0.0006106100
   0.0003841900    0.0064667800   -0.0000500900
   0.0004482700    0.0065773300   -0.0004261100
  -0.0000171300    0.0066887800   -0.0001900900
  -0.0004390100    0.0064073100   -0.0000824000
   0.0018509100   -0.0033218300   -0.0011553600
   0.0007227100   -0.0074170400    0.0002383500
  -0.0024751600    0.0058382700    0.0052645000
  -0.0009032900   -0.0056571500   -0.0001793100
  -0.0005405200   -0.0054880400    0.0012991300
   0.0004797200   -0.0066727700   -0.0006950800
  -0.0007142000   -0.0059731000    0.0004112100
   0.0000296700   -0.0067209900    0.0000111300
  -0.0123647400    0.0043082000   -0.0088053300
  -0.0024488600   -0.0096736200    0.0023961900
   0.0013500600   -0.0129736700   -0.0000716100
  -0.0002902500   -0.0129455700    0.0004798700
  -0.0001689900   -0.0138208000   -0.0000374300
  -0.0007817200   -0.0132211100   -0.0007959500
  -0.0006879300   -0.0129210200    0.0001916500
   0.0000972500   -0.0135948800   -0.0010799400
   0.0002762100    0.0277513700    0.0049811000
  -0.0003330500    0.0144190800   -0.0011422700
   0.0003977000    0.0147282200   -0.0009901700
   0.0004140900    0.0134959200   -0.0007052000
   0.0003401200    0.0126126800    0.0004907900
  -0.0002421900    0.0143405200   -0.0001049200
   0.0008083700    0.0130666900    0.0005233300
   0.0000431400    0.0134145900   -0.0001559500
  -0.0202226200    0.0147616000    0.0081613500
  -0.0000976500    0.0002698900   -0.0004527900
   0.0001136300   -0.0001768300    0.0000687500
  -0.0032174100   -0.0000261400   -0.0006083400
  -0.0000518200   -0.0003834500    0.0005796600
  -0.0002317200    0.0009230400   -0.0007687800
  -0.0002237400    0.0001105100    0.0004773400
   0.0003807400    0.0001900900   -0.0003551100
   0.0675110700   -0.1657163600    0.0085172400
  -0.0136524200   -0.0033444400    0.0064323000
  -0.0166751300   -0.0015834900    0.0078295800
  -0.0146476000    0.0001472900    0.0070252900
  -0.0157402300   -0.0003197600    0.0069380400
  -0.0157966700   -0.0008404700    0.0083316400
  -0.0153762800   -0.0010925400    0.0059659600
  -0.0149600500   -0.0004833400    0.0085619800
  -0.0058551500    0.0377901800    0.0137658800
   0.0175756700    0.0522629000    0.0155566300
   0.0162511500    0.0251794500    0.0128787600
   0.0187730100    0.0267439300    0.0110808400
   0.0162178300    0.0250831300    0.0127380100
   0.0167072100    0.0248247100    0.0133043400
   0.0172653600    0.0254643400    0.0130408200
   0.0160582700    0.0253065600    0.0126416700
   0.0157839400   -0.0284519200    0.0090050600
   0.0171469700   -0.0256999100    0.0128976400
   0.0177413700   -0.0006225400    0.0135956300
   0.0088369700   -0.0218968200    0.0142109600
   0.0166552600   -0.0248329100    0.0119409400
   0.0168353600   -0.0246435200    0.0135328900
   0.0164698000   -0.0256266600    0.0114358300
   0.0162473400   -0.0250038000    0.0134543100
  -0.0119372200    0.0280998000   -0.0169361900
  -0.0157211400    0.0257464200   -0.0129701000
  -0.0161041800    0.0269685800   -0.0115989100
  -0.0163335000    0.0251912900   -0.0123889600
  -0.0195716400    0.0342756300   -0.0012515200
  -0.0193483400    0.0314717300   -0.0162821500
  -0.0166497100    0.0245910300   -0.0129153900
  -0.0153507800    0.0245314900   -0.0126619600
  -0.0201744200   -0.0217477700   -0.0086430000
  -0.0181665000   -0.0215275000   -0.0141244500
  -0.0166346800   -0.0251465500   -0.0127543400
  -0.0171760900   -0.0250905000   -0.0125538400
  -0.0094831200   -0.0250784500   -0.0167953200
  -0.0153691500   -0.0274320400   -0.0132782700
  -0.0148642200   -0.0217729500   -0.0107412500
  -0.0149845100   -0.0253947700   -0.0122277900
   0.0123796400   -0.0042897600   -0.0108863200
   0.0177408400   -0.0029237200   -0.0077111800
   0.0148066400   -0.0012154600   -0.0067098600
   0.0161281800   -0.0020069800   -0.0065013500
   0.0088140300    0.0007299800   -0.0034430400
   0.0149616800   -0.0013043000   -0.0064606500
   0.0164432400   -0.0021403600   -0.0079187700
   0.0120685400   -0.0040754300   -0.0109468700

41   
 -0.0033529090382348   0.0000000000000000   0.0094211464791353
  -0.0014841000    0.0086399600    0.0003909400
  -0.0006065500    0.0032180400    0.0138639500
   0.0002443900    0.0065343300   -0.0001009300
  -0.0008641000    0.0055291200   -0.0006881300
  -0.0002219600    0.0054267500    0.0025389100
   0.0005585900    0.0061388100   -0.0001632500
   0.0008845900    0.0073018400   -0.0001025500
  -0.0000474700    0.0065183100   -0.0000823400
  -0.0014841000   -0.0086399600    0.0003909400
   0.0002443900   -0.0065343300   -0.0001009300
  -0.0006065500   -0.0032180400    0.0138639500
  -0.0008641000   -0.0055291200   -0.0006881300
  -0.0002219600   -0.0054267500    0.0025389100
   0.0008845900   -0.0073018400   -0.0001025500
   0.0005585900   -0.0061388100   -0.0001632500
  -0.0000474700   -0.0065183100   -0.0000823400
   0.0035976000   -0.0202708100    0.0152574900
  -0.0018040100   -0.0117588000    0.0011279000
   0.0005706000   -0.0136933600   -0.0002295500
  -0.0003003600   -0.0130175800    0.0007117700
  -0.0003948400   -0.0137720300    0.0001351700
   0.0007610700   -0.0134133100   -0.0004071900
  -0.0007403800   -0.0135976800    0.0002367200
   0.0007790700   -0.0132665900    0.0000364600
   0.0035976000    0.0202708100    0.0152574900
   0.0005706000    0.0136933600   -0.0002295500
  -0.0018040100    0.0117588000    0.0011279000
  -0.0003003600    0.0130175800    0.0007117700
  -0.0003948400    0.0137720300    0.0001351700
  -0.0007403800    0.0135976800    0.0002367200
   0.0007610700    0.0134133100   -0.0004071900
   0.0007790700    0.0132665900    0.0000364600
  -0.0283670500    0.0000000000    0.0327960300
   0.0000375500   -0.0001271700   -0.0003281700
   0.0000375500    0.0001271700   -0.0003281700
  -0.0015746200    0.0000000000   -0.0003103000
  -0.0003890800    0.0000000000    0.0054728100
  -0.0000340700   -0.0006444800    0.0008888500
  -0.0000340700    0.0006444800    0.0008888500
   0.0012431900    0.0000000000   -0.0005638600
   0.0367753200    0.0000000000   -0.1463174500
  -0.0151758400   -0.0013526900    0.0064663600
  -0.0151758400    0.0013526900    0.0064663600
  -0.0146362800    0.0000000000    0.0066539900
  -0.0151630400    0.0000000000    0.0070118200
  -0.0154862900    0.0013753200    0.0050804700
  -0.0154862900   -0.0013753200    0.0050804700
  -0.0177109500    0.0000000000    0.0058372500
   0.0091919100    0.0342730600    0.0063731100
   0.0139002900    0.0274705300    0.0097102300
   0.0167200300    0.0256695400    0.0128159300
   0.0175170800    0.0245084200    0.0114533900
   0.0171761700    0.0253253200    0.0102466600
   0.0167999900    0.0257076700    0.0104457400
   0.0155392600    0.0246938300    0.0110530600
   0.0154415400    0.0251530500    0.0134503600
   0.0091919100   -0.0342730600    0.0063731100
   0.0167200300   -0.0256695400    0.0128159300
   0.0139002900   -0.0274705300    0.0097102300
   0.0175170800   -0.0245084200    0.0114533900
   0.0171761700   -0.0253253200    0.0102466600
   0.0155392600   -0.0246938300    0.0110530600
   0.0167999900   -0.0257076700    0.0104457400
   0.0154415400   -0.0251530500    0.0134503600
  -0.0196703600    0.0227047200   -0.0056135500
  -0.0160556100    0.0255179300   -0.0128825900
  -0.0157442700    0.0269366200   -0.0105971100
  -0.0173730700    0.0250597500   -0.0126573200
  -0.0193632600    0.0390069400    0.0063207100
  -0.0151094000    0.0218863800   -0.0102783500
  -0.0153217200    0.0260173300   -0.0129911700
  -0.0154187000    0.0249543700   -0.0121253300
  -0.0196703600   -0.0227047200   -0.0056135500
  -0.0157442700   -0.0269366200   -0.0105971100
  -0.0160556100   -0.0255179300   -0.0128825900
  -0.0173730700   -0.0250597500   -0.0126573200
  -0.0193632600   -0.0390069400    0.0063207100
  -0.0153217200   -0.0260173300   -0.0129911700
  -0.0151094000   -0.0218863800   -0.0102783500
  -0.0154187000   -0.0249543700   -0.0121253300
   0.0204387200    0.0000000000    0.0042820600
   0.0160563100   -0.0011227100   -0.0077075700
   0.0160563100    0.0011227100   -0.0077075700
   0.0146419800    0.0000000000   -0.0079877500
   0.0041054300    0.0000000000    0.0010636200
   0.0156458700    0.0010895300   -0.0064960000
   0.0156458700   -0.0010895300   -0.0064960000
   0.0202252900    0.0000000000    0.0017556500

41   
  0.0033529090382348   0.0000000000000000  -0.0094211464791353
   0.0015047000    0.0043114000   -0.0003500600
   0.0004495000    0.0099658200   -0.0140764900
  -0.0002572900    0.0064325300    0.0001115700
   0.0008678600    0.0074323500    0.0006895700
   0.0002362500    0.0075107700   -0.0025324900
  -0.0005817500    0.0068094800    0.0001731900
  -0.0008715800    0.0056633700    0.0001028000
   0.0000558300    0.0064445700    0.0000909500
   0.0015047000   -0.0043114000   -0.0003500600
  -0.0002572900   -0.0064325300    0.0001115700
   0.0004495000   -0.0099658200   -0.0140764900
   0.0008678600   -0.0074323500    0.0006895700
   0.0002362500   -0.0075107700   -0.0025324900
  -0.0008715800   -0.0056633700    0.0001028000
  -0.0005817500   -0.0068094800    0.0001731900
   0.0000558300   -0.0064445700    0.0000909500
  -0.0033964500   -0.0067126600   -0.0150878800
   0.0018138300   -0.0149586000   -0.0011394900
  -0.0005719200   -0.0130029000    0.0002035900
   0.0002828200   -0.0136769200   -0.0007037900
   0.0003940600   -0.0129115400   -0.0001239400
  -0.0007774900   -0.0132901500    0.0004117300
   0.0007614900   -0.0131041300   -0.0002191600
  -0.0007683600   -0.0134416600   -0.0000277100
  -0.0033964500    0.0067126600   -0.0150878800
  -0.0005719200    0.0130029000    0.0002035900
   0.0018138300    0.0149586000   -0.0011394900
   0.0002828200    0.0136769200   -0.0007037900
   0.0003940600    0.0129115400   -0.0001239400
   0.0007614900    0.0131041300   -0.0002191600
  -0.0007774900    0.0132901500    0.0004117300
  -0.0007683600    0.0134416600   -0.0000277100
   0.0311934300    0.0000000000   -0.0347847800
  -0.0000280700    0.0001307200    0.0003395800
  -0.0000280700   -0.0001307200    0.0003395800
   0.0016113800    0.0000000000    0.0003559600
   0.0003684900    0.0000000000   -0.0054024000
   0.0000359700    0.0006385800   -0.0008927400
   0.0000359700   -0.0006385800   -0.0008927400
  -0.0012579400    0.0000000000    0.0005701100
  -0.0712749400    0.0000000000    0.1629469900
  -0.0161873000    0.0013520700    0.0079740800
  -0.0161873000   -0.0013520700    0.0079740800
  -0.0167329200    0.0000000000    0.0077841800
  -0.0161497300    0.0000000000    0.0074418900
  -0.0158877000   -0.0013781000    0.0093634700
  -0.0158877000    0.0013781000    0.0093634700
  -0.0136780800    0.0000000000    0.0085759700
   0.0237327400    0.0160949600    0.0190489100
   0.0190375400    0.0228293800    0.0156248400
   0.0162550200    0.0247158300    0.0125406800
   0.0154055000    0.0258406100    0.0138589900
   0.0157789500    0.0250920900    0.0150707400
   0.0161735800    0.0246950800    0.0149070900
   0.0174100700    0.0257041100    0.0142884000
   0.0175163500    0.0252310400    0.0118853300
   0.0237327400   -0.0160949600    0.0190489100
   0.0162550200   -0.0247158300    0.0125406800
   0.0190375400   -0.0228293800    0.0156248400
   0.0154055000   -0.0258406100    0.0138589900
   0.0157789500   -0.0250920900    0.0150707400
   0.0174100700   -0.0257041100    0.0142884000
   0.0161735800   -0.0246950800    0.0149070900
   0.0175163500   -0.0252310400    0.0118853300
  -0.0133344600    0.0275861900   -0.0194773100
  -0.0169018500    0.0248865000   -0.0124742500
  -0.0172078800    0.0234956000   -0.0147034600
  -0.0155915100    0.0253438300   -0.0126973200
  -0.0135130500    0.0110460800   -0.0321240100
  -0.0178745000    0.0285025000   -0.0150873600
  -0.0176401800    0.0243822700   -0.0123636000
  -0.0175550900    0.0254505200   -0.0132385600
  -0.0133344600   -0.0275861900   -0.0194773100
  -0.0172078800   -0.0234956000   -0.0147034600
  -0.0169018500   -0.0248865000   -0.0124742500
  -0.0155915100   -0.0253438300   -0.0126973200
  -0.0135130500   -0.0110460800   -0.0321240100
  -0.0176401800   -0.0243822700   -0.0123636000
  -0.0178745000   -0.0285025000   -0.0150873600
  -0.0175550900   -0.0254505200   -0.0132385600
   0.0110914800    0.0000000000   -0.0184601800
   0.0153073900    0.0011045900   -0.0067338700
   0.0153073900   -0.0011045900   -0.0067338700
   0.0167534200    0.0000000000   -0.0064833400
   0.0274522000    0.0000000000   -0.0156199000
   0.0157091400   -0.0010774100   -0.0079570200
   0.0157091400    0.0010774100   -0.0079570200
   0.0110589000    0.0000000000   -0.0162744900

49   
  0.0050263157648224  -0.0086450072199101   0.0000000000000000
   0.0009199700   -0.0195776200   -0.0092088900
  -0.0004183000    0.0056103400    0.0004649400
  -0.0010456000    0.0049644500    0.0002830700
   0.0004028900    0.0067839700   -0.0005500800
   0.0000197300    0.0070055500   -0.0008155000
  -0.0003036700    0.0064254600    0.0003864800
   0.0001423200    0.0065130800    0.0000940300
   0.0001082300    0.0064586100   -0.0001814000
   0.0004768600   -0.0078185700    0.0010614100
   0.0104443600   -0.0139876100   -0.0038755700
   0.0029860100   -0.0064367800    0.0005137600
  -0.0005235000   -0.0049601400   -0.0000844200
   0.0008609200   -0.0075944100    0.0007516500
  -0.0000121700   -0.0060588900   -0.0001684800
   0.0006983000   -0.0064208200   -0.0001396200
   0.0002308300   -0.0064263300   -0.0001473400
   0.0148368800   -0.0199089000   -0.0058141400
   0.0006014000   -0.0130139000    0.0008874500
   0.0001282600   -0.0128520100   -0.0000895300
   0.0016595000   -0.0133325500    0.0009197600
  -0.0005528000   -0.0129302200    0.0002134000
   0.0008209100   -0.0139383300    0.0011362900
  -0.0000038800   -0.0136462100   -0.0000186300
   0.0005212700   -0.0132924100   -0.0004108800
   0.0015928700    0.0095488900   -0.0018419900
   0.0123008800   -0.0131015900    0.0124191000
   0.0006652200    0.0137877600    0.0000772700
  -0.0002176800    0.0127659700   -0.0002611100
   0.0004517900    0.0127747700    0.0004633400
   0.0007205300    0.0131918100   -0.0002104700
   0.0001399200    0.0134790800    0.0006665400
   0.0002230400    0.0132796000   -0.0000432500
   0.0082899500   -0.0116017900    0.0047952700
   0.0029814400   -0.0042943200   -0.0020785800
  -0.0003510200   -0.0000580500    0.0000915200
  -0.0001309700   -0.0005789500    0.0001349200
   0.0012402300   -0.0002337700   -0.0010797800
  -0.0000280700    0.0000715100    0.0004667000
   0.0002362000    0.0000709100   -0.0003672600
  -0.0008785800   -0.0007763900   -0.0001977400
   0.0093630800   -0.0110082900    0.0040419800
  -0.0152736100   -0.0261845500    0.0038407800
  -0.0154869100   -0.0000136600    0.0069815300
  -0.0144934100    0.0004542200    0.0088088600
  -0.0160356500   -0.0002465600    0.0073631200
  -0.0157333800    0.0004762700    0.0069067400
  -0.0165085600   -0.0002852000    0.0068933300
  -0.0154202200   -0.0002070600    0.0067980700
  -0.0789906100    0.1760911000    0.0144852300
   0.0145860500    0.0281117300    0.0130752600
   0.0170021100    0.0255319100    0.0125812800
   0.0145635800    0.0252689100    0.0124089900
   0.0164126400    0.0254198600    0.0129872800
   0.0163610500    0.0265813500    0.0107621800
   0.0167173400    0.0256118700    0.0127458600
   0.0164628400    0.0255897200    0.0131676000
   0.0145490200   -0.0353718600    0.0099798100
   0.0375040300   -0.0375478600    0.0114038300
   0.0151559000   -0.0244752500    0.0164347500
   0.0175136600   -0.0250889500    0.0123267000
   0.0163570900   -0.0241790700    0.0120407600
   0.0162902600   -0.0251754800    0.0125678300
   0.0167716200   -0.0254459200    0.0128727400
   0.0167374300   -0.0258866200    0.0128177700
  -0.0154788700    0.0240026800   -0.0135082600
  -0.0160901200    0.0260245800   -0.0128983400
  -0.0156598600    0.0257665300   -0.0121748400
  -0.0119488600    0.0288166900   -0.0080855400
  -0.0123101300    0.0329341500   -0.0068526300
  -0.0175145600    0.0269220800   -0.0120400700
  -0.0161382600    0.0261109100   -0.0130540900
  -0.0154200700    0.0247660800   -0.0128051200
  -0.0180816400   -0.0226893400   -0.0122729400
  -0.0228431000   -0.0282725000   -0.0048884900
  -0.0179314900   -0.0256156100   -0.0130627600
  -0.0167744100   -0.0242181200   -0.0128035600
  -0.0162481400   -0.0257038800   -0.0138009700
  -0.0121218300   -0.0342897500   -0.0255020400
  -0.0171748700   -0.0251437400   -0.0130065600
  -0.0161187200   -0.0245819000   -0.0123318900
   0.0156655900   -0.0055526500   -0.0111378100
   0.0180476500   -0.0034009400   -0.0043604000
   0.0149521600   -0.0005683800   -0.0069621400
   0.0160429000   -0.0003126800   -0.0076999100
   0.0060446000   -0.0017080000    0.0005866800
   0.0137943100    0.0017922900   -0.0065037700
   0.0138833100   -0.0035258300   -0.0101639200
   0.0147846100    0.0005355200   -0.0072051500

49   
 -0.0050263157648224   0.0086450072199101   0.0000000000000000
  -0.0012790000    0.0320213800    0.0087310400
   0.0004146600    0.0073636700   -0.0004909800
   0.0010373400    0.0079541500   -0.0002776200
  -0.0003789100    0.0061918300    0.0005386900
  -0.0000062900    0.0059416500    0.0008167500
   0.0003080500    0.0065345200   -0.0003872800
  -0.0001276700    0.0064488000   -0.0001008400
  -0.0000985600    0.0065086600    0.0001633000
  -0.0004831000   -0.0051059700   -0.0010713800
  -0.0101226400    0.0010385100    0.0036520100
  -0.0030072900   -0.0065273800   -0.0005013700
   0.0005012500   -0.0080087700    0.0000646400
  -0.0008569500   -0.0053570700   -0.0007601100
   0.0000082900   -0.0068918500    0.0001445100
  -0.0007098100   -0.0065284500    0.0001412400
  -0.0002319300   -0.0065372100    0.0001541100
  -0.0151936200   -0.0068469700    0.0061295200
  -0.0005997600   -0.0136630600   -0.0008781300
  -0.0001176900   -0.0138455000    0.0001074800
  -0.0016589800   -0.0133292100   -0.0009158700
   0.0005576500   -0.0137555100   -0.0002017700
  -0.0008374500   -0.0127485900   -0.0011589500
   0.0000108600   -0.0130481400    0.0000270700
  -0.0005204900   -0.0133928300    0.0004041400
  -0.0016056000    0.0171814400    0.0018742000
  -0.0113999800    0.0383104700   -0.0111313400
  -0.0006823200    0.0128954900   -0.0000858800
   0.0002182200    0.0139349400    0.0002495900
  -0.0004551700    0.0139049700   -0.0004722300
  -0.0007157100    0.0135002000    0.0001907200
  -0.0001131500    0.0132255600   -0.0006508200
  -0.0002226200    0.0134066000    0.0000447700
  -0.0089134400    0.0128252800   -0.0057442000
  -0.0029126300    0.0042018100    0.0020240900
   0.0003372500    0.0000485200   -0.0000904600
   0.0001158100    0.0005873000   -0.0001308400
  -0.0012600700    0.0002338300    0.0011015800
   0.0000134800   -0.0000744500   -0.0004600900
  -0.0002268400   -0.0000754600    0.0003599300
   0.0008741300    0.0007953600    0.0001921700
  -0.0413712600    0.0113066300    0.0104293000
  -0.0160783100    0.0254999300    0.0105500300
  -0.0158851300    0.0000000300    0.0074643000
  -0.0168699800   -0.0004836800    0.0056103800
  -0.0152979500    0.0002551000    0.0070933900
  -0.0155987300   -0.0004680600    0.0075478000
  -0.0148670500    0.0002859400    0.0075458300
  -0.0159211800    0.0001996700    0.0076505600
   0.1119643300   -0.1242132600    0.0110675300
   0.0183855500    0.0222963900    0.0122523100
   0.0159753400    0.0248655700    0.0127588500
   0.0184149700    0.0251034000    0.0129312500
   0.0165530200    0.0249628700    0.0123625200
   0.0166094000    0.0238248800    0.0145998300
   0.0162411200    0.0247926500    0.0126017600
   0.0165023400    0.0247984800    0.0121711700
   0.0184232400   -0.0147811200    0.0153653700
  -0.0040221900   -0.0131103400    0.0138898500
   0.0179838200   -0.0258235200    0.0088963100
   0.0154652300   -0.0253196600    0.0130321100
   0.0166030000   -0.0262389100    0.0132994200
   0.0166761200   -0.0252473600    0.0127831500
   0.0161851800   -0.0249540500    0.0124643000
   0.0162305800   -0.0245155400    0.0125314100
  -0.0174602300    0.0264102600   -0.0118548300
  -0.0168717000    0.0243869200   -0.0124555300
  -0.0173252700    0.0246454000   -0.0131670600
  -0.0210140200    0.0215388500   -0.0172409900
  -0.0206611000    0.0173377400   -0.0184927500
  -0.0154218300    0.0234805800   -0.0132807100
  -0.0168391400    0.0242953800   -0.0122946300
  -0.0175528200    0.0256255900   -0.0125342600
  -0.0148681500   -0.0277320600   -0.0130751900
  -0.0101603200   -0.0220699100   -0.0204356300
  -0.0150524400   -0.0247900900   -0.0122680900
  -0.0161995600   -0.0261788200   -0.0125400800
  -0.0167262800   -0.0246940400   -0.0115591900
  -0.0208052300   -0.0161493500    0.0000408200
  -0.0158176600   -0.0252595000   -0.0123397900
  -0.0168466600   -0.0258054100   -0.0130132100
   0.0156370600    0.0055615900   -0.0032871000
   0.0133757700    0.0033068000   -0.0099599300
   0.0163875000    0.0005605000   -0.0074784200
   0.0153055100    0.0002886900   -0.0067520600
   0.0253768400    0.0016967800   -0.0150629400
   0.0175388100   -0.0018003100   -0.0079063600
   0.0174565400    0.0035255200   -0.0042941900
   0.0165835300   -0.0005356400   -0.0072480000

49   
  0.0050263157648224   0.0086450072199101   0.0000000000000000
   0.0218255900    0.0450884900    0.0156832400
   0.0000603100    0.0061046200   -0.0001969500
   0.0019319000    0.0096140400   -0.0002676800
   0.0000637000    0.0065104500   -0.0002391800
   0.0002317300    0.0058969500    0.0003273900
  -0.0001586900    0.0065775300   -0.0001885200
   0.0006206300    0.0072723200    0.0003268200
   0.0010036100    0.0062226500    0.0013989900
  -0.0006823700   -0.0050079700   -0.0012825000
   0.0096673900   -0.0004691300   -0.0061525400
   0.0014589900   -0.0067543600    0.0011566800
   0.0004035100   -0.0088627600    0.0000608500
  -0.0002110100   -0.0061721800   -0.0001267400
  -0.0002146600   -0.0066375100    0.0007028900
   0.0004981800   -0.0065313400   -0.0005288600
   0.0000447300   -0.0065293100    0.0002921200
   0.0134175800   -0.0052325000   -0.0069933100
  -0.0004332900   -0.0146410100   -0.0007897700
   0.0000882500   -0.0134531200    0.0003888100
   0.0024265700   -0.0130438500    0.0010809100
   0.0004510100   -0.0135674800   -0.0007925700
  -0.0003105300   -0.0130123100   -0.0010556500
   0.0005851100   -0.0123297600    0.0002717800
   0.0002677400   -0.0132488300   -0.0001577600
  -0.0008665800    0.0159590800    0.0014112400
   0.0022126000    0.0289056700   -0.0060992500
   0.0001997000    0.0128816300   -0.0008465800
  -0.0000194000    0.0132493700    0.0000056900
  -0.0003754200    0.0139912700   -0.0009734400
  -0.0001845700    0.0129810700   -0.0002049800
  -0.0004407700    0.0138594100    0.0001693600
  -0.0000829600    0.0135908600    0.0001609800
   0.0012129000    0.0120070000   -0.0047300500
  -0.0012038500    0.0016919800    0.0007347800
  -0.0006951400   -0.0001695300    0.0000387900
   0.0025121900    0.0002226700   -0.0010747300
  -0.0011368800    0.0002707000    0.0006359400
  -0.0003936900   -0.0001804500    0.0000544100
   0.0001508100    0.0002690100   -0.0000677800
   0.0001398800    0.0005560800    0.0005253900
  -0.0177303700   -0.0016715900    0.0109392000
  -0.0183666600    0.0254265700    0.0070143000
  -0.0162961900   -0.0005309100    0.0075679400
  -0.0114861900    0.0053210300    0.0086286400
  -0.0152093900   -0.0000047000    0.0078790900
  -0.0158115900   -0.0003410100    0.0078188300
  -0.0159763400    0.0005360500    0.0061600000
  -0.0152604600    0.0000901000    0.0067771600
  -0.0647394300   -0.1158077700    0.0162157900
   0.0173803500    0.0239109200    0.0127395000
   0.0162117900    0.0243958400    0.0119104000
   0.0144045900    0.0250269100    0.0124613300
   0.0165432600    0.0250427600    0.0128816400
   0.0167590200    0.0240506100    0.0144814900
   0.0160296400    0.0243863300    0.0126688500
   0.0154922400    0.0242370000    0.0116775100
   0.0183922700   -0.0170283600    0.0135407700
   0.0163245600   -0.0265988900    0.0165604600
   0.0382817100   -0.0138351100    0.0128958300
   0.0159364700   -0.0244116600    0.0129092600
   0.0163128100   -0.0262046600    0.0122938000
   0.0169958700   -0.0250772100    0.0125735600
   0.0165073800   -0.0253555700    0.0127113400
   0.0163277400   -0.0242770700    0.0123509300
  -0.0137909800    0.0254153100   -0.0142541900
  -0.0164915500    0.0251095600   -0.0126226100
  -0.0169386400    0.0248634200   -0.0132517000
  -0.0158449800    0.0237991700   -0.0120963400
  -0.0106139600    0.0164325100   -0.0046375000
  -0.0162880300    0.0243788800   -0.0133420800
  -0.0176852700    0.0235742700   -0.0119320800
  -0.0160505400    0.0259916600   -0.0119897800
  -0.0154333100   -0.0261834600   -0.0124083700
  -0.0127448500   -0.0162455300   -0.0251870300
  -0.0184499600   -0.0250949100   -0.0125176300
  -0.0177395700   -0.0267610900   -0.0129311000
  -0.0155753700   -0.0243142200   -0.0113258900
  -0.0247214800   -0.0233741500   -0.0055389300
  -0.0172288300   -0.0252938400   -0.0135811100
  -0.0172627500   -0.0264769900   -0.0120803700
   0.0148103400    0.0007621300   -0.0069587800
   0.0146818300    0.0021280400   -0.0087583800
   0.0157650300    0.0000330600   -0.0072522800
   0.0158466200   -0.0002081200   -0.0075078800
   0.0215013600    0.0076064800   -0.0196498400
   0.0165876300   -0.0010587700   -0.0070295500
   0.0186303100    0.0060855800   -0.0024340200
   0.0139490600   -0.0003280600   -0.0070284100

49   
 -0.0050263157648224  -0.0086450072199101   0.0000000000000000
  -0.0230392700   -0.0342456500   -0.0174873700
  -0.0000673200    0.0068452300    0.0002037500
  -0.0019142000    0.0033675300    0.0002806500
  -0.0000571400    0.0064336700    0.0002458800
  -0.0002347300    0.0070537600   -0.0003268700
   0.0001532600    0.0063927700    0.0001792400
  -0.0006147500    0.0056944400   -0.0003374600
  -0.0010116200    0.0067340100   -0.0014158100
   0.0006712800   -0.0079208900    0.0012736700
  -0.0093778000   -0.0125119200    0.0059608200
  -0.0014355100   -0.0061781000   -0.0011913700
  -0.0004093100   -0.0040749900   -0.0000744800
   0.0001951100   -0.0067732600    0.0001226700
   0.0002149800   -0.0062955400   -0.0007322700
  -0.0004896800   -0.0064291700    0.0005331400
  -0.0000327100   -0.0064061700   -0.0002743200
  -0.0137958000   -0.0214604300    0.0072852200
   0.0004315700   -0.0120343700    0.0007987600
  -0.0000802200   -0.0132123900   -0.0003785400
  -0.0024277800   -0.0136352100   -0.0010725200
  -0.0004557700   -0.0131317800    0.0008131000
   0.0003041600   -0.0136733400    0.0010465100
  -0.0005796800   -0.0143630500   -0.0002674700
  -0.0002681000   -0.0134468400    0.0001378100
   0.0008755300    0.0107217000   -0.0014047300
  -0.0020855000   -0.0025152700    0.0063399300
  -0.0001811200    0.0138089400    0.0008732000
   0.0000276200    0.0134617200   -0.0000049600
   0.0003614300    0.0126853100    0.0009586900
   0.0001852900    0.0136986400    0.0001724600
   0.0004352000    0.0128407000   -0.0001573100
   0.0000849200    0.0130946900   -0.0001619700
  -0.0014061500   -0.0117130400    0.0045186200
   0.0012290700   -0.0016857100   -0.0007561600
   0.0006947900    0.0001525400   -0.0000633500
  -0.0024590100   -0.0002118900    0.0010608100
   0.0011414000   -0.0002700500   -0.0006438600
   0.0003892400    0.0001672700   -0.0000622800
  -0.0001413200   -0.0002647800    0.0000582600
  -0.0001416300   -0.0005388400   -0.0005124900
  -0.0135143300    0.0016091500    0.0035299700
  -0.0128625900   -0.0260372600    0.0074573800
  -0.0150566100    0.0005224000    0.0068798100
  -0.0196772700   -0.0051874600    0.0058089000
  -0.0161381600    0.0000026700    0.0065890200
  -0.0155233800    0.0003280200    0.0066659400
  -0.0153605500   -0.0005382100    0.0082917100
  -0.0160747300   -0.0000958000    0.0076672300
   0.0993112900    0.1688466900    0.0106725700
   0.0155966200    0.0264837000    0.0126028500
   0.0167553600    0.0259834200    0.0134271300
   0.0185403500    0.0253632300    0.0128785900
   0.0164372600    0.0253541400    0.0124690900
   0.0162274100    0.0263514000    0.0108826600
   0.0169226000    0.0260108200    0.0126752000
   0.0174838200    0.0261663500    0.0136776200
   0.0145881000   -0.0331380300    0.0117748100
   0.0165636000   -0.0237438500    0.0087863500
  -0.0058607200   -0.0367751900    0.0125013900
   0.0170128300   -0.0260072900    0.0124404400
   0.0166595000   -0.0242015700    0.0130675400
   0.0159723400   -0.0253158000    0.0128139500
   0.0164506300   -0.0250343500    0.0126222300
   0.0166394700   -0.0261228100    0.0130021500
  -0.0191988400    0.0249896200   -0.0110937700
  -0.0164790900    0.0252565000   -0.0127195000
  -0.0160354800    0.0255296200   -0.0120890700
  -0.0170962700    0.0265469600   -0.0132181200
  -0.0223144100    0.0339717000   -0.0206492500
  -0.0166756000    0.0260183700   -0.0120040400
  -0.0152786900    0.0268350100   -0.0134072200
  -0.0169335600    0.0244126600   -0.0133617500
  -0.0175221600   -0.0242237400   -0.0129413800
  -0.0202546900   -0.0341964500   -0.0000072000
  -0.0145284700   -0.0253202500   -0.0128411000
  -0.0152623600   -0.0236917700   -0.0124409400
  -0.0173807700   -0.0260814100   -0.0140390400
  -0.0082682500   -0.0269141300   -0.0196779500
  -0.0157460600   -0.0251077300   -0.0117646000
  -0.0157400300   -0.0239500200   -0.0132664000
   0.0164940600   -0.0007752300   -0.0074550000
   0.0166971800   -0.0021519200   -0.0056574400
   0.0155395100   -0.0000362800   -0.0072024700
   0.0154922500    0.0001911900   -0.0069432400
   0.0099245400   -0.0074995200    0.0049872500
   0.0147690800    0.0010274900   -0.0074126900
   0.0126399400   -0.0061512100   -0.0121160900
   0.0173766300    0.0003359200   -0.0074011100

49   
 -0.0033529090382348   0.0000000000000000   0.0094211464791353
   0.0002000600    0.0185766900    0.0221240500
   0.0002142300    0.0063620500   -0.0002372200
  -0.0004882800    0.0051700900    0.0007187300
  -0.0006938400    0.0064840500    0.0001830200
  -0.0008240500    0.0071458900    0.0002853500
   0.0001799300    0.0065551900   -0.0001531100
  -0.0002475500    0.0059615800   -0.0001146800
   0.0005457500    0.0059465700    0.0016995100
  -0.0001439500   -0.0067642000   -0.0003033700
  -0.0129819100   -0.0066474600    0.0157008800
   0.0000869400   -0.0065019200   -0.0000094200
   0.0003736700   -0.0062133900    0.0000915600
   0.0001316100   -0.0069794600    0.0003223100
   0.0008535000   -0.0057340100    0.0036877100
  -0.0010441000   -0.0068657500    0.0008943500
  -0.0000125700   -0.0061207000    0.0002178800
  -0.0247751800   -0.0158493900    0.0227551800
  -0.0002792600   -0.0131817500   -0.0002966600
   0.0004756700   -0.0131392700    0.0003877500
  -0.0005414400   -0.0129974200   -0.0000078000
   0.0000754700   -0.0139410700    0.0055652100
  -0.0003700700   -0.0143421400    0.0007162100
  -0.0000294700   -0.0132558500    0.0006949000
  -0.0006970900   -0.0135602400    0.0010004400
  -0.0002657800    0.0146682000    0.0009478300
  -0.0007959700    0.0031619300    0.0164605400
  -0.0003793100    0.0132945600   -0.0000159600
   0.0006872200    0.0137423000    0.0005028900
   0.0001576500    0.0117395100    0.0009460000
  -0.0007820600    0.0137960700    0.0011024500
   0.0010446700    0.0141062200    0.0004974500
  -0.0000750000    0.0133625700   -0.0004544000
  -0.0024480500   -0.0013600600    0.0109812000
  -0.0018463200    0.0025169000    0.0008295300
   0.0006606100    0.0003628000   -0.0003636400
  -0.0008147300    0.0002529000   -0.0002053200
  -0.0014381200   -0.0000744900    0.0020307900
   0.0010276700   -0.0005959300   -0.0002681800
  -0.0002077100   -0.0001932300    0.0003611500
   0.0004397700   -0.0000321100   -0.0003712800
  -0.0210144500    0.0068736300    0.0015337300
  -0.0184479600    0.0011747900    0.0041947800
  -0.0159440200    0.0001659800    0.0071831800
  -0.0174093000   -0.0036073300    0.0049993200
  -0.0150541300    0.0005129500    0.0047816200
  -0.0150389500    0.0009845000    0.0051059100
  -0.0164469700   -0.0003418100    0.0056622600
  -0.0165913800   -0.0004003000    0.0080487400
   0.0802913900    0.0236281000   -0.1517827900
   0.0172684400    0.0244694600    0.0120435500
   0.0156045900    0.0249756500    0.0130499800
   0.0173783900    0.0252528000    0.0127497400
   0.0169636500    0.0251251900    0.0091005400
   0.0163267100    0.0271603600    0.0106487800
   0.0166181300    0.0252912900    0.0128879700
   0.0163519600    0.0245768200    0.0110116200
   0.0147952300   -0.0264030900    0.0115275000
   0.0133207200   -0.0187156900    0.0079675700
   0.0120872000   -0.0320517700    0.0074647100
   0.0162082600   -0.0258344600    0.0133005900
   0.0156357800   -0.0253614200    0.0119325200
   0.0165997900   -0.0251705400    0.0098037400
   0.0161652000   -0.0250555600    0.0096513500
   0.0162800100   -0.0250344900    0.0136207500
  -0.0200393600    0.0259465200   -0.0092137800
  -0.0166893300    0.0255349800   -0.0125473500
  -0.0167704900    0.0249825300   -0.0125787300
  -0.0133625900    0.0266117500   -0.0063266100
  -0.0069446700    0.0243280100    0.0009891400
  -0.0158546600    0.0242853500   -0.0126999000
  -0.0162480800    0.0261474600   -0.0128482100
  -0.0164423700    0.0246342600   -0.0125248200
  -0.0156630300   -0.0258007000   -0.0126560700
  -0.0202142000   -0.0384482100    0.0084701300
  -0.0155612300   -0.0247947700   -0.0123083100
  -0.0163325600   -0.0250871300   -0.0140436800
  -0.0166468700   -0.0239792800   -0.0119851400
  -0.0204646200   -0.0121396400    0.0075352600
  -0.0171819600   -0.0254993900   -0.0122312800
  -0.0154743700   -0.0248474000   -0.0131547800
   0.0161722400    0.0061522200    0.0011363800
   0.0156418000   -0.0009989700   -0.0054194200
   0.0162175700    0.0002982200   -0.0073839100
   0.0151160100    0.0000811600   -0.0070815000
   0.0101155100   -0.0103034800    0.0108114900
   0.0168040900   -0.0004546800   -0.0075351900
   0.0167836300    0.0021124900   -0.0049152900
   0.0161186300    0.0001674200   -0.0068798900

49   
  0.0033529090382348   0.0000000000000000  -0.0094211464791353
  -0.0005443500   -0.0061778500   -0.0225219600
  -0.0002122000    0.0065922400    0.0002514100
   0.0004783700    0.0077658700   -0.0006945400
   0.0007142300    0.0064709800   -0.0001740400
   0.0008147300    0.0058160800   -0.0002860300
  -0.0001866600    0.0063991700    0.0001432900
   0.0002500200    0.0070001000    0.0001087400
  -0.0005374400    0.0069993000   -0.0017094000
   0.0001515000   -0.0062033100    0.0003177200
   0.0143261100   -0.0062730200   -0.0165789200
  -0.0000697500   -0.0064501400    0.0000348300
  -0.0003675700   -0.0067400700   -0.0000968700
  -0.0001302500   -0.0059855400   -0.0003361500
  -0.0008608300   -0.0071948600   -0.0036634300
   0.0010267300   -0.0060882000   -0.0009015500
   0.0000220900   -0.0068313700   -0.0002149900
   0.0230444600   -0.0108129700   -0.0215667300
   0.0002861400   -0.0135193900    0.0002851800
  -0.0004711300   -0.0135579300   -0.0003850600
   0.0004823400   -0.0136972000   -0.0000083000
  -0.0000758400   -0.0127464600   -0.0056547700
   0.0003649300   -0.0123543500   -0.0007119000
   0.0000272200   -0.0134329000   -0.0006720700
   0.0007015600   -0.0131269300   -0.0009903200
   0.0002666400    0.0120006300   -0.0009536900
   0.0010020300    0.0232204900   -0.0162926400
   0.0003899700    0.0134018500    0.0000055100
  -0.0006878500    0.0129513900   -0.0005048100
  -0.0001782300    0.0149583200   -0.0009306200
   0.0008188400    0.0128987500   -0.0011109000
  -0.0010207500    0.0125745400   -0.0004854300
   0.0000638500    0.0133379300    0.0004392200
   0.0023357700    0.0016220200   -0.0111940500
   0.0018409800   -0.0025383500   -0.0008209400
  -0.0006565000   -0.0003617000    0.0003753400
   0.0008193700   -0.0002412700    0.0002113600
   0.0013921400    0.0000877700   -0.0020068400
  -0.0010037800    0.0005688500    0.0002573500
   0.0002092400    0.0001930400   -0.0003636100
  -0.0004345100    0.0000551200    0.0003647100
  -0.0103429100   -0.0068584100    0.0128314700
  -0.0129205800   -0.0010226600    0.0102476900
  -0.0154394900   -0.0001606300    0.0072520300
  -0.0139248300    0.0036155200    0.0093936600
  -0.0162682600   -0.0005270800    0.0096616400
  -0.0163241400   -0.0009652800    0.0093276200
  -0.0149306000    0.0003640700    0.0087696300
  -0.0147699400    0.0004051700    0.0063940600
  -0.0465919500    0.0276877300    0.1775592800
   0.0157007300    0.0259232800    0.0132770800
   0.0173513300    0.0253988000    0.0122925300
   0.0155949200    0.0251330200    0.0125679700
   0.0159863700    0.0252827600    0.0162404700
   0.0166474000    0.0232566000    0.0146826200
   0.0163556700    0.0251026100    0.0124685600
   0.0166169700    0.0258246500    0.0143084400
   0.0181609000   -0.0239864600    0.0137557000
   0.0196647300   -0.0317089200    0.0174096900
   0.0208995200   -0.0183711500    0.0177950300
   0.0167539200   -0.0245826900    0.0120355300
   0.0173461700   -0.0250685300    0.0133715700
   0.0163583700   -0.0252400300    0.0155374100
   0.0168053900   -0.0253391700    0.0156976400
   0.0166908400   -0.0253775000    0.0117287300
  -0.0130785500    0.0244634900   -0.0160120700
  -0.0162784100    0.0248549500   -0.0127869900
  -0.0161953300    0.0254236900   -0.0127599300
  -0.0195583600    0.0237482200   -0.0189146100
  -0.0261692500    0.0260505100   -0.0264624400
  -0.0170999900    0.0261059100   -0.0126311800
  -0.0167205900    0.0242599400   -0.0125006400
  -0.0164543100    0.0257628000   -0.0128658300
  -0.0172953400   -0.0246184400   -0.0126690100
  -0.0129278500   -0.0123433000   -0.0331941400
  -0.0173925800   -0.0256059900   -0.0130008400
  -0.0166479100   -0.0253240600   -0.0112984700
  -0.0163210000   -0.0264090900   -0.0133609200
  -0.0123518100   -0.0386308900   -0.0334209800
  -0.0158089200   -0.0248977900   -0.0131106300
  -0.0174913700   -0.0255563700   -0.0121952800
   0.0151391800   -0.0060493600   -0.0153440300
   0.0157367900    0.0009819600   -0.0089622400
   0.0151323000   -0.0002939100   -0.0070589800
   0.0162534000   -0.0000716100   -0.0073451300
   0.0213754800    0.0106354000   -0.0257082700
   0.0145465500    0.0004598700   -0.0068887900
   0.0145631800   -0.0021343500   -0.0095296400
   0.0152325400   -0.0001778500   -0.0075491000
