# Tetrahedron method
       -1.8557371179        0.0000000000        0.0000000000        0.0000000000        0.0000000000        0.0000000000        0.0000000000        0.0000000000        0.0000000000        0.0000000000        0.0000000000        0.0000000000
       -1.7287705201        0.0000000000        0.0000000000        0.0000000000        0.0000000000        0.0000000000        0.0000000000        0.0000000000        0.0000000000        0.0000000000        0.0000000000        0.0000000000
       -1.6018039222        0.0000000000        0.0000000000        0.0000000000        0.0000000000        0.0000000000        0.0000000000        0.0000000000        0.0000000000        0.0000000000        0.0000000000        0.0000000000
       -1.4748373243        0.0000000000        0.0000000000        0.0000000000        0.0000000000        0.0000000000        0.0000000000        0.0000000000        0.0000000000        0.0000000000        0.0000000000        0.0000000000
       -1.3478707265        0.0000000000        0.0000000000        0.0000000000        0.0000000000        0.0000000000        0.0000000000        0.0000000000        0.0000000000        0.0000000000        0.0000000000        0.0000000000
       -1.2209041286        0.0000000000        0.0000000000        0.0000000000        0.0000000000        0.0000000000        0.0000000000        0.0000000000        0.0000000000        0.0000000000        0.0000000000        0.0000000000
       -1.0939375307        0.0000000000        0.0000000000        0.0000000000        0.0000000000        0.0000000000        0.0000000000        0.0000000000        0.0000000000        0.0000000000        0.0000000000        0.0000000000
       -0.9669709328        0.0000000000        0.0000000000        0.0000000000        0.0000000000        0.0000000000        0.0000000000        0.0000000000        0.0000000000        0.0000000000        0.0000000000        0.0000000000
       -0.8400043350        0.0000000000        0.0000000000        0.0000000000        0.0000000000        0.0000000000        0.0000000000        0.0000000000        0.0000000000        0.0000000000        0.0000000000        0.0000000000
       -0.7130377371        0.0000000000        0.0000000000        0.0000000000        0.0000000000        0.0000000000        0.0000000000        0.0000000000        0.0000000000        0.0000000000        0.0000000000        0.0000000000
       -0.5860711392        0.0000000000        0.0000000000        0.0000000000        0.0000000000        0.0000000000        0.0000000000        0.0000000000        0.0000000000        0.0000000000        0.0000000000        0.0000000000
       -0.4591045414        0.0000000000        0.0000000000        0.0000000000        0.0000000000        0.0000000000        0.0000000000        0.0000000000        0.0000000000        0.0000000000        0.0000000000        0.0000000000
       -0.3321379435        0.0000000000        0.0000000000        0.0000000000        0.0000000000        0.0000000000        0.0000000000        0.0000000000        0.0000000000        0.0000000000        0.0000000000        0.0000000000
       -0.2051713456        0.0000000000        0.0000000000        0.0000000000        0.0000000000        0.0000000000        0.0000000000        0.0000000000        0.0000000000        0.0000000000        0.0000000000        0.0000000000
       -0.0782047478        0.0000000000        0.0000000000        0.0000000000        0.0000000000        0.0000000000        0.0000000000        0.0000000000        0.0000000000        0.0000000000        0.0000000000        0.0000000000
        0.0487618501        0.0000000000        0.0000000000        0.0000000000        0.0000000000        0.0000000000        0.0000000000        0.0000000000        0.0000000000        0.0000000000        0.0000000000        0.0000000000
        0.1757284480        0.0000000000        0.0000000000        0.0000000000        0.0000000000        0.0000000000        0.0000000000        0.0000000000        0.0000000000        0.0000000000        0.0000000000        0.0000000000
        0.3026950459        0.0000469598        0.0000469598        0.0000469561        0.0000469561        0.0000547797        0.0001874522        0.0001873564        0.0001873650        0.0001873650        0.0001873564        0.0001874522
        0.4296616437        0.0000974846        0.0000974846        0.0000974378        0.0000974378        0.0001136936        0.0003897724        0.0003894518        0.0003894582        0.0003894582        0.0003894518        0.0003897724
        0.5566282416        0.0001822166        0.0001822166        0.0001820450        0.0001820450        0.0002124660        0.0007298932        0.0007291267        0.0007291168        0.0007291168        0.0007291267        0.0007298932
        0.6835948395        0.0002942183        0.0002942183        0.0002938171        0.0002938171        0.0003430062        0.0011813748        0.0011796249        0.0011796302        0.0011796302        0.0011796249        0.0011813748
        0.8105614373        0.0004122385        0.0004122385        0.0004114477        0.0004114477        0.0004804848        0.0016599808        0.0016566569        0.0016566245        0.0016566245        0.0016566569        0.0016599808
        0.9375280352        0.0005600074        0.0005600074        0.0005585720        0.0005585720        0.0006526167        0.0022624804        0.0022564880        0.0022564168        0.0022564168        0.0022564880        0.0022624804
        1.0644946331        0.0007299568        0.0007299568        0.0007275726        0.0007275726        0.0008504177        0.0029604166        0.0029504563        0.0029504266        0.0029504266        0.0029504563        0.0029604166
        1.1914612309        0.0009153097        0.0009153097        0.0009115697        0.0009115697        0.0010661763        0.0037284106        0.0037125368        0.0037124676        0.0037124676        0.0037125368        0.0037284106
        1.3184278288        0.0011308065        0.0011308065        0.0011251829        0.0011251829        0.0013169641        0.0046288980        0.0046048016        0.0046045543        0.0046045543        0.0046048016        0.0046288980
        1.4453944267        0.0013582255        0.0013582255        0.0013500751        0.0013500751        0.0015811999        0.0055894684        0.0055551003        0.0055549090        0.0055549090        0.0055551003        0.0055894684
        1.5723610245        0.0016170094        0.0016170094        0.0016055192        0.0016055192        0.0018817760        0.0066932402        0.0066450330        0.0066448771        0.0066448771        0.0066450330        0.0066932402
        1.6993276224        0.0018934281        0.0018934281        0.0018776586        0.0018776586        0.0022027389        0.0078876054        0.0078219577        0.0078215774        0.0078215774        0.0078219577        0.0078876054
        1.8262942203        0.0021874545        0.0021874545        0.0021662836        0.0021662836        0.0025439057        0.0091754304        0.0090878507        0.0090874472        0.0090874472        0.0090878507        0.0091754304
        1.9532608182        0.0025051079        0.0025051079        0.0024775898        0.0024775898        0.0029127620        0.0105872290        0.0104717776        0.0104714244        0.0104714244        0.0104717776        0.0105872290
        2.0802274160        0.0028559149        0.0028559149        0.0028203181        0.0028203181        0.0033196758        0.0121667112        0.0120168628        0.0120164146        0.0120164146        0.0120168628        0.0121667112
        2.2071940139        0.0032158880        0.0032158880        0.0031704248        0.0031704248        0.0037364889        0.0138165943        0.0136279626        0.0136266328        0.0136266328        0.0136279626        0.0138165943
        2.3341606118        0.0036059560        0.0036059560        0.0035488332        0.0035488332        0.0041883759        0.0156340146        0.0153976961        0.0153961502        0.0153961502        0.0153976961        0.0156340146
        2.4611272096        0.0040153721        0.0040153721        0.0039439780        0.0039439780        0.0046621507        0.0175772317        0.0172848809        0.0172845293        0.0172845293        0.0172848809        0.0175772317
        2.5880938075        0.0044488266        0.0044488266        0.0043612628        0.0043612628        0.0051641698        0.0196751760        0.0193177844        0.0193156168        0.0193156168        0.0193177844        0.0196751760
        2.7150604054        0.0049116632        0.0049116632        0.0048045210        0.0048045210        0.0057000868        0.0219580546        0.0215230413        0.0215215466        0.0215215466        0.0215230413        0.0219580546
        2.8420270032        0.0053948904        0.0053948904        0.0052650569        0.0052650569        0.0062598367        0.0243946607        0.0238716445        0.0238702741        0.0238702741        0.0238716445        0.0243946607
        2.9689936011        0.0058983930        0.0058983930        0.0057423374        0.0057423374        0.0068425867        0.0269934214        0.0263713397        0.0263675813        0.0263675813        0.0263713397        0.0269934214
        3.0959601990        0.0064336970        0.0064336970        0.0062462136        0.0062462136        0.0074628217        0.0298151278        0.0290787869        0.0290755761        0.0290755761        0.0290787869        0.0298151278
        3.2229267969        0.0069954449        0.0069954449        0.0067721708        0.0067721708        0.0081130973        0.0328477657        0.0319860077        0.0319815606        0.0319815606        0.0319860077        0.0328477657
        3.3498933947        0.0075800559        0.0075800559        0.0073150717        0.0073150717        0.0087906841        0.0360875224        0.0350839068        0.0350804147        0.0350804147        0.0350839068        0.0360875224
        3.4768599926        0.0081958064        0.0081958064        0.0078828216        0.0078828216        0.0095075944        0.0395909368        0.0384255233        0.0384197086        0.0384197086        0.0384255233        0.0395909368
        3.6038265905        0.0088394145        0.0088394145        0.0084702997        0.0084702997        0.0102564034        0.0433503403        0.0420084969        0.0419991732        0.0419991732        0.0420084969        0.0433503403
        3.7307931883        0.0095140647        0.0095140647        0.0090794691        0.0090794691        0.0110439597        0.0473970351        0.0458627131        0.0458570931        0.0458570931        0.0458627131        0.0473970351
        3.8577597862        0.0102324184        0.0102324184        0.0097216074        0.0097216074        0.0118852721        0.0518228797        0.0500726014        0.0500630573        0.0500630573        0.0500726014        0.0518228797
        3.9847263841        0.0109786816        0.0109786816        0.0103767210        0.0103767210        0.0127598408        0.0565504884        0.0545790288        0.0545672598        0.0545672598        0.0545790288        0.0565504884
        4.1116929819        0.0117726977        0.0117726977        0.0110630399        0.0110630399        0.0136998748        0.0617277737        0.0595043663        0.0594921917        0.0594921917        0.0595043663        0.0617277737
        4.2386595798        0.0126083713        0.0126083713        0.0117685078        0.0117685078        0.0146925737        0.0673250881        0.0648414486        0.0648232300        0.0648232300        0.0648414486        0.0673250881
        4.3656261777        0.0135249281        0.0135249281        0.0125238474        0.0125238474        0.0157901837        0.0735866724        0.0708247996        0.0708066683        0.0708066683        0.0708247996        0.0735866724
        4.4925927755        0.0144963652        0.0144963652        0.0132901196        0.0132901196        0.0169702180        0.0804083943        0.0773521592        0.0773272350        0.0773272350        0.0773521592        0.0804083943
        4.6195593734        0.0155955416        0.0155955416        0.0141099854        0.0141099854        0.0183094343        0.0881483873        0.0848160659        0.0847858637        0.0847858637        0.0848160659        0.0881483873
        4.7465259713        0.0169180219        0.0169180219        0.0149947964        0.0149947964        0.0199621069        0.0974094125        0.0937259236        0.0936836664        0.0936836664        0.0937259236        0.0974094125
        4.8734925692        0.0190053618        0.0190053618        0.0159553391        0.0159553391        0.0226054584        0.1106129493        0.1063340759        0.1063001766        0.1063001766        0.1063340759        0.1106129493
        5.0004591670        0.0200264559        0.0200264559        0.0170711147        0.0170711147        0.0237219531        0.1189801725        0.1158134556        0.1157623808        0.1157623808        0.1158134556        0.1189801725
        5.1274257649        0.0211111650        0.0211111650        0.0184879138        0.0184879138        0.0250411327        0.1285134671        0.1274857786        0.1274295735        0.1274295735        0.1274857786        0.1285134671
        5.2543923628        0.0220266495        0.0220266495        0.0201194877        0.0201194877        0.0275284679        0.1430452496        0.1405833362        0.1403881532        0.1403881532        0.1405833362        0.1430452496
        5.3813589606        0.0224045433        0.0224045433        0.0213885748        0.0213885748        0.0299123045        0.1591895251        0.1496419521        0.1498794532        0.1498794532        0.1496419521        0.1591895251
        5.5083255585        0.0216680510        0.0216680510        0.0204879840        0.0204879840        0.0282698348        0.1591380012        0.1472184760        0.1473246337        0.1473246337        0.1472184760        0.1591380012
        5.6352921564        0.0210090133        0.0210090133        0.0197346530        0.0197346530        0.0269707110        0.1615908976        0.1453364635        0.1454485788        0.1454485788        0.1453364635        0.1615908976
        5.7622587542        0.0207020337        0.0207020337        0.0192566395        0.0192566395        0.0242773851        0.1590668700        0.1440536793        0.1441508176        0.1441508176        0.1440536793        0.1590668700
        5.8892253521        0.0234874048        0.0234874048        0.0235987388        0.0235987388        0.0253753354        0.1948042359        0.1703572201        0.1703210950        0.1703210950        0.1703572201        0.1948042359
        6.0161919500        0.0231892286        0.0231892286        0.0223812869        0.0223812869        0.0257553624        0.2004579556        0.1726547267        0.1729225973        0.1729225973        0.1726547267        0.2004579556
        6.1431585479        0.0209247095        0.0209247095        0.0201354888        0.0201354888        0.0232940349        0.1813592931        0.1712478954        0.1716623536        0.1716623536        0.1712478954        0.1813592931
        6.2701251457        0.0215160542        0.0215160542        0.0177731651        0.0177731651        0.0230318004        0.1901730195        0.1794011995        0.1783934213        0.1783934213        0.1794011995        0.1901730195
        6.3970917436        0.0283854275        0.0283854275        0.0240163159        0.0240163159        0.0307915597        0.2774303008        0.2602406272        0.2597018501        0.2597018501        0.2602406272        0.2774303008
        6.5240583415        0.0282400659        0.0282400659        0.0236274266        0.0236274266        0.0305063079        0.2943266305        0.2756353231        0.2762031917        0.2762031917        0.2756353231        0.2943266305
        6.6510249393        0.0277403431        0.0277403431        0.0243970117        0.0243970117        0.0333789915        0.3209785441        0.2910292838        0.2904781273        0.2904781273        0.2910292838        0.3209785441
        6.7779915372        0.0228763979        0.0228763979        0.0222286002        0.0222286002        0.0221386291        0.2455947017        0.2511498193        0.2518265620        0.2518265620        0.2511498193        0.2455947017
        6.9049581351        0.0182502379        0.0182502379        0.0187095524        0.0187095524        0.0189236674        0.1762485547        0.2314154132        0.2314108557        0.2314108557        0.2314154132        0.1762485547
        7.0319247329        0.0216952681        0.0216952681        0.0211739381        0.0211739381        0.0223964347        0.2005706716        0.2865859134        0.2881255307        0.2881255307        0.2865859134        0.2005706716
        7.1588913308        0.0249772236        0.0249772236        0.0236030914        0.0236030914        0.0221569981        0.2639803855        0.3418674257        0.3412309343        0.3412309343        0.3418674257        0.2639803855
        7.2858579287        0.0340739858        0.0340739858        0.0269170499        0.0269170499        0.0269114516        0.3682495917        0.4554398131        0.4550888261        0.4550888261        0.4554398131        0.3682495917
        7.4128245265        0.0346529066        0.0346529066        0.0254862858        0.0254862858        0.0253959519        0.3633597697        0.5069606632        0.5062993509        0.5062993509        0.5069606632        0.3633597697
        7.5397911244        0.0294288098        0.0294288098        0.0230951944        0.0230951944        0.0232178338        0.3400307206        0.4653769933        0.4665240506        0.4665240506        0.4653769933        0.3400307206
        7.6667577223        0.0255021749        0.0255021749        0.0223367215        0.0223367215        0.0243041236        0.3888323157        0.4867326784        0.4873647492        0.4873647492        0.4867326784        0.3888323157
        7.7937243202        0.0286022427        0.0286022427        0.0228786480        0.0228786480        0.0349240824        0.5564682516        0.6636337246        0.6641288476        0.6641288476        0.6636337246        0.5564682516
        7.9206909180        0.0306323299        0.0306323299        0.0228793530        0.0228793530        0.0337051436        0.6470700966        0.7166722374        0.7157615287        0.7157615287        0.7166722374        0.6470700966
        8.0476575159        0.0295378117        0.0295378117        0.0224857350        0.0224857350        0.0328733577        0.6201230474        0.7306531491        0.7297802618        0.7297802618        0.7306531491        0.6201230474
        8.1746241138        0.0256358242        0.0256358242        0.0199799594        0.0199799594        0.0271434501        0.6904082854        0.6734218305        0.6722998212        0.6722998212        0.6734218305        0.6904082854
        8.3015907116        0.0304488863        0.0304488863        0.0237087731        0.0237087731        0.0282890466        0.8665964663        0.8762181274        0.8736825837        0.8736825837        0.8762181274        0.8665964663
        8.4285573095        0.0303631566        0.0303631566        0.0250024172        0.0250024172        0.0236760267        0.7962084262        0.7587567525        0.7599738883        0.7599738883        0.7587567525        0.7962084262
        8.5555239074        0.0273452976        0.0273452976        0.0235346739        0.0235346739        0.0256591691        0.6800586986        0.7440958385        0.7442022559        0.7442022559        0.7440958385        0.6800586986
        8.6824905052        0.0239444568        0.0239444568        0.0195431247        0.0195431247        0.0215432502        0.6403927895        0.6459011452        0.6437431100        0.6437431100        0.6459011452        0.6403927895
        8.8094571031        0.0256477831        0.0256477831        0.0223567198        0.0223567198        0.0238378006        0.8099720432        0.7764745609        0.7778143890        0.7778143890        0.7764745609        0.8099720432
        8.9364237010        0.0186397157        0.0186397157        0.0183345656        0.0183345656        0.0158137622        0.6287138889        0.5727993942        0.5734023376        0.5734023376        0.5727993942        0.6287138889
        9.0633902989        0.0166597194        0.0166597194        0.0158204492        0.0158204492        0.0114983071        0.5623366670        0.4726255550        0.4733853946        0.4733853946        0.4726255550        0.5623366670
        9.1903568967        0.0203567703        0.0203567703        0.0185332209        0.0185332209        0.0127767745        0.6938866710        0.5443017180        0.5414928321        0.5414928321        0.5443017180        0.6938866710
        9.3173234946        0.0137065813        0.0137065813        0.0152384222        0.0152384222        0.0112473668        0.5300128151        0.3982011002        0.3986874441        0.3986874441        0.3982011002        0.5300128151
        9.4442900925        0.0110300998        0.0110300998        0.0133552036        0.0133552036        0.0111138024        0.3943277219        0.3592489787        0.3603435975        0.3603435975        0.3592489787        0.3943277219
        9.5712566903        0.0092151516        0.0092151516        0.0145956144        0.0145956144        0.0107561416        0.3513757950        0.3678467358        0.3676771458        0.3676771458        0.3678467358        0.3513757950
        9.6982232882        0.0062208622        0.0062208622        0.0108702861        0.0108702861        0.0074438854        0.2702570041        0.2683637057        0.2675870982        0.2675870982        0.2683637057        0.2702570041
        9.8251898861        0.0036641431        0.0036641431        0.0057560198        0.0057560198        0.0050923755        0.1361454056        0.1447366048        0.1458976020        0.1458976020        0.1447366048        0.1361454056
        9.9521564839        0.0036547939        0.0036547939        0.0061491882        0.0061491882        0.0043413606        0.1368239506        0.1690724680        0.1688223568        0.1688223568        0.1690724680        0.1368239506
       10.0791230818        0.0062702678        0.0062702678        0.0098796815        0.0098796815        0.0062634115        0.2620223476        0.2730749222        0.2730802632        0.2730802632        0.2730749222        0.2620223476
       10.2060896797        0.0121837918        0.0121837918        0.0148365791        0.0148365791        0.0146184735        0.5398470148        0.4812500176        0.4814100739        0.4814100739        0.4812500176        0.5398470148
       10.3330562775        0.0142106011        0.0142106011        0.0161430782        0.0161430782        0.0127636821        0.5226452566        0.5349263508        0.5337539654        0.5337539654        0.5349263508        0.5226452566
       10.4600228754        0.0132940742        0.0132940742        0.0213730042        0.0213730042        0.0141497402        0.5265301560        0.6480218387        0.6498110908        0.6498110908        0.6480218387        0.5265301560
       10.5869894733        0.0116659318        0.0116659318        0.0136911241        0.0136911241        0.0117974148        0.4834107951        0.4678858100        0.4677283384        0.4677283384        0.4678858100        0.4834107951
       10.7139560712        0.0105890148        0.0105890148        0.0123611053        0.0123611053        0.0095347248        0.3893846812        0.4043110248        0.4043171168        0.4043171168        0.4043110248        0.3893846812
       10.8409226690        0.0091029149        0.0091029149        0.0104288591        0.0104288591        0.0086461063        0.3632396011        0.3442685753        0.3444693693        0.3444693693        0.3442685753        0.3632396011
       10.9678892669        0.0071769463        0.0071769463        0.0095434874        0.0095434874        0.0065192382        0.3424395494        0.3166612773        0.3167190800        0.3167190800        0.3166612773        0.3424395494
       11.0948558648        0.0065091283        0.0065091283        0.0094855854        0.0094855854        0.0057027236        0.3267330374        0.3184549454        0.3182448688        0.3182448688        0.3184549454        0.3267330374
       11.2218224626        0.0067404957        0.0067404957        0.0115692963        0.0115692963        0.0057535217        0.3811718198        0.3694671230        0.3700158141        0.3700158141        0.3694671230        0.3811718198
       11.3487890605        0.0064560996        0.0064560996        0.0122200723        0.0122200723        0.0053254343        0.4346493767        0.4100266350        0.4107216812        0.4107216812        0.4100266350        0.4346493767
       11.4757556584        0.0039227304        0.0039227304        0.0071324189        0.0071324189        0.0039959383        0.3131902950        0.2710393314        0.2703664787        0.2703664787        0.2710393314        0.3131902950
       11.6027222562        0.0036877702        0.0036877702        0.0062893651        0.0062893651        0.0045823939        0.3089147600        0.2781215008        0.2781790596        0.2781790596        0.2781215008        0.3089147600
       11.7296888541        0.0034699282        0.0034699282        0.0048515236        0.0048515236        0.0037586889        0.2702280598        0.2320445343        0.2317667528        0.2317667528        0.2320445343        0.2702280598
       11.8566554520        0.0032068826        0.0032068826        0.0044871935        0.0044871935        0.0034895492        0.2708581066        0.2177700304        0.2176296701        0.2176296701        0.2177700304        0.2708581066
       11.9836220499        0.0032743870        0.0032743870        0.0045860860        0.0045860860        0.0032065440        0.2788400049        0.2205942014        0.2203342026        0.2203342026        0.2205942014        0.2788400049
       12.1105886477        0.0021593642        0.0021593642        0.0029476543        0.0029476543        0.0026344336        0.2110361952        0.1693781109        0.1691726387        0.1691726387        0.1693781109        0.2110361952
       12.2375552456        0.0017627037        0.0017627037        0.0024122598        0.0024122598        0.0021026143        0.2091312310        0.1657840484        0.1658762528        0.1658762528        0.1657840484        0.2091312310
       12.3645218435        0.0008388906        0.0008388906        0.0013076269        0.0013076269        0.0011391309        0.1314544089        0.1068378185        0.1067385664        0.1067385664        0.1068378185        0.1314544089
       12.4914884413        0.0003186537        0.0003186537        0.0005327712        0.0005327712        0.0004621676        0.0737515884        0.0583456444        0.0582903743        0.0582903743        0.0583456444        0.0737515884
       12.6184550392        0.0000665078        0.0000665078        0.0001108259        0.0001108259        0.0000391078        0.0272291251        0.0217375609        0.0217672049        0.0217672049        0.0217375609        0.0272291251
       12.7454216371        0.0000000000        0.0000000000        0.0000000000        0.0000000000        0.0000000000        0.0000000000        0.0000000000        0.0000000000        0.0000000000        0.0000000000        0.0000000000
       12.8723882349        0.0000000000        0.0000000000        0.0000000000        0.0000000000        0.0000000000        0.0000000000        0.0000000000        0.0000000000        0.0000000000        0.0000000000        0.0000000000
       12.9993548328        0.0000000000        0.0000000000        0.0000000000        0.0000000000        0.0000000000        0.0000000000        0.0000000000        0.0000000000        0.0000000000        0.0000000000        0.0000000000
       13.1263214307        0.0000000000        0.0000000000        0.0000000000        0.0000000000        0.0000000000        0.0000000000        0.0000000000        0.0000000000        0.0000000000        0.0000000000        0.0000000000
       13.2532880285        0.0000000000        0.0000000000        0.0000000000        0.0000000000        0.0000000000        0.0000000000        0.0000000000        0.0000000000        0.0000000000        0.0000000000        0.0000000000
       13.3802546264        0.0000000000        0.0000000000        0.0000000000        0.0000000000        0.0000000000        0.0000000000        0.0000000000        0.0000000000        0.0000000000        0.0000000000        0.0000000000
       13.5072212243        0.0000000000        0.0000000000        0.0000000000        0.0000000000        0.0000000000        0.0000000000        0.0000000000        0.0000000000        0.0000000000        0.0000000000        0.0000000000
       13.6341878222        0.0000000000        0.0000000000        0.0000000000        0.0000000000        0.0000000000        0.0000000000        0.0000000000        0.0000000000        0.0000000000        0.0000000000        0.0000000000
       13.7611544200        0.0000000000        0.0000000000        0.0000000000        0.0000000000        0.0000000000        0.0000000000        0.0000000000        0.0000000000        0.0000000000        0.0000000000        0.0000000000
       13.8881210179        0.0000000000        0.0000000000        0.0000000000        0.0000000000        0.0000000000        0.0000000000        0.0000000000        0.0000000000        0.0000000000        0.0000000000        0.0000000000
       14.0150876158        0.0000000000        0.0000000000        0.0000000000        0.0000000000        0.0000000000        0.0000000000        0.0000000000        0.0000000000        0.0000000000        0.0000000000        0.0000000000
       14.1420542136        0.0000000000        0.0000000000        0.0000000000        0.0000000000        0.0000000000        0.0000000000        0.0000000000        0.0000000000        0.0000000000        0.0000000000        0.0000000000
       14.2690208115        0.0046397026        0.0046397026        0.0046530043        0.0046530043        0.5178347713        0.0042996943        0.0060496664        0.0060532728        0.0060532728        0.0060496664        0.0042996943
       14.3959874094        0.0593267216        0.0593267216        0.0353006547        0.0353006547        4.3521251450        0.0527527452        0.0523743930        0.0523227180        0.0523227180        0.0523743930        0.0527527452
       14.5229540072        0.0306481883        0.0306481883        0.0122263255        0.0122263255        2.1282939653        0.0341175601        0.0228297646        0.0228588723        0.0228588723        0.0228297646        0.0341175601
       14.6499206051        0.0000000000        0.0000000000        0.0000000000        0.0000000000        0.0000000000        0.0000000000        0.0000000000        0.0000000000        0.0000000000        0.0000000000        0.0000000000
       14.7768872030        0.0000000000        0.0000000000        0.0000000000        0.0000000000        0.0000000000        0.0000000000        0.0000000000        0.0000000000        0.0000000000        0.0000000000        0.0000000000
       14.9038538009        0.0000000000        0.0000000000        0.0000000000        0.0000000000        0.0000000000        0.0000000000        0.0000000000        0.0000000000        0.0000000000        0.0000000000        0.0000000000
       15.0308203987        0.0000000000        0.0000000000        0.0000000000        0.0000000000        0.0000000000        0.0000000000        0.0000000000        0.0000000000        0.0000000000        0.0000000000        0.0000000000
       15.1577869966        0.0000000000        0.0000000000        0.0000000000        0.0000000000        0.0000000000        0.0000000000        0.0000000000        0.0000000000        0.0000000000        0.0000000000        0.0000000000
       15.2847535945        0.0000000000        0.0000000000        0.0000000000        0.0000000000        0.0000000000        0.0000000000        0.0000000000        0.0000000000        0.0000000000        0.0000000000        0.0000000000
       15.4117201923        0.0000000000        0.0000000000        0.0000000000        0.0000000000        0.0000000000        0.0000000000        0.0000000000        0.0000000000        0.0000000000        0.0000000000        0.0000000000
       15.5386867902        0.0000000000        0.0000000000        0.0000000000        0.0000000000        0.0000000000        0.0000000000        0.0000000000        0.0000000000        0.0000000000        0.0000000000        0.0000000000
       15.6656533881        0.0189720633        0.0189720633        0.0109856682        0.0109856682        0.1757257769        0.0027700133        0.0031446067        0.0031482448        0.0031482448        0.0031446067        0.0027700133
       15.7926199859        0.1178852426        0.1178852426        0.0572928098        0.0572928098        1.2636388785        0.0157310557        0.0169433719        0.0169514994        0.0169514994        0.0169433719        0.0157310557
       15.9195865838        0.1317103289        0.1317103289        0.0802974111        0.0802974111        2.1853440200        0.0217331204        0.0239249176        0.0239016454        0.0239016454        0.0239249176        0.0217331204
       16.0465531817        0.0683701742        0.0683701742        0.0719894193        0.0719894193        1.4751089673        0.0111790513        0.0167749369        0.0167676474        0.0167676474        0.0167749369        0.0111790513
       16.1735197795        0.0309957884        0.0309957884        0.0153481830        0.0153481830        0.5267106882        0.0048229678        0.0063242675        0.0063252790        0.0063252790        0.0063242675        0.0048229678
       16.3004863774        0.0041093434        0.0041093434        0.0056532194        0.0056532194        0.2217373245        0.0033686231        0.0032127981        0.0032123554        0.0032123554        0.0032127981        0.0033686231
       16.4274529753        0.5817751820        0.5817751820        0.3005423756        0.3005423756        0.1144855737        0.0130573103        0.0158063425        0.0157833768        0.0157833768        0.0158063425        0.0130573103
       16.5544195732        1.1476646694        1.1476646694        0.6631543727        0.6631543727        0.3932109755        0.0331623864        0.0382295528        0.0382417922        0.0382417922        0.0382295528        0.0331623864
       16.6813861710        0.7434913041        0.7434913041        0.5806241808        0.5806241808        0.2064959517        0.0252137242        0.0336750642        0.0337197970        0.0337197970        0.0336750642        0.0252137242
       16.8083527689        0.6952383392        0.6952383392        0.7777901074        0.7777901074        0.1281883098        0.0292301120        0.0397860938        0.0398125519        0.0398125519        0.0397860938        0.0292301120
       16.9353193668        0.6659309255        0.6659309255        0.9130399307        0.9130399307        0.1486119519        0.0278021186        0.0465662071        0.0465715045        0.0465715045        0.0465662071        0.0278021186
       17.0622859646        0.7223711208        0.7223711208        0.8603186782        0.8603186782        0.0639445838        0.0258497446        0.0494577969        0.0494479863        0.0494479863        0.0494577969        0.0258497446
       17.1892525625        0.3290471440        0.3290471440        0.5530963760        0.5530963760        0.0390554333        0.0173872740        0.0263762497        0.0263797442        0.0263797442        0.0263762497        0.0173872740
       17.3162191604        0.2070283922        0.2070283922        0.5835871113        0.5835871113        0.0344254469        0.0157434464        0.0227255059        0.0228115679        0.0228115679        0.0227255059        0.0157434464
       17.4431857582        0.2910566207        0.2910566207        1.1007213908        1.1007213908        0.0620854702        0.0217674126        0.0387730281        0.0388956081        0.0388956081        0.0387730281        0.0217674126
       17.5701523561        0.3227498316        0.3227498316        0.7851971305        0.7851971305        0.0400792559        0.0144588079        0.0375135029        0.0375121408        0.0375121408        0.0375135029        0.0144588079
       17.6971189540        0.3565578677        0.3565578677        0.4807272601        0.4807272601        0.0482882533        0.0093075873        0.0355404497        0.0355584663        0.0355584663        0.0355404497        0.0093075873
       17.8240855519        0.1946747008        0.1946747008        0.3206284784        0.3206284784        0.0284698576        0.0051804858        0.0204827139        0.0204676918        0.0204676918        0.0204827139        0.0051804858
       17.9510521497        0.1818533803        0.1818533803        0.3379190308        0.3379190308        0.0170228210        0.0077911310        0.0113761574        0.0113997203        0.0113997203        0.0113761574        0.0077911310
       18.0780187476        0.3838111988        0.3838111988        0.5312074781        0.5312074781        0.0327856583        0.0142074759        0.0200040544        0.0200106541        0.0200106541        0.0200040544        0.0142074759
       18.2049853455        1.2036558085        1.2036558085        1.6917884534        1.6917884534        0.1880478118        0.0680981421        0.0572590293        0.0572558078        0.0572558078        0.0572590293        0.0680981421
       18.3319519433        1.6838520919        1.6838520919        1.9892339829        1.9892339829        0.6901699726        0.1075250210        0.0741356871        0.0739813151        0.0739813151        0.0741356871        0.1075250210
       18.4589185412        0.3324333268        0.3324333268        0.3595859637        0.3595859637        0.1850593251        0.0220019586        0.0130971948        0.0130721416        0.0130721416        0.0130971948        0.0220019586
       18.5858851391        0.7004342411        0.7004342411        0.4988647455        0.4988647455        0.4059326769        0.0407808178        0.0252373516        0.0252432310        0.0252432310        0.0252373516        0.0407808178
       18.7128517369        0.6347404921        0.6347404921        0.7423830519        0.7423830519        0.9213635199        0.0583667951        0.0303331561        0.0302992204        0.0302992204        0.0303331561        0.0583667951
       18.8398183348        0.5814519143        0.5814519143        1.4219509579        1.4219509579        1.4230279703        0.0888046673        0.0353821226        0.0354199018        0.0354199018        0.0353821226        0.0888046673
       18.9667849327        1.0193016760        1.0193016760        1.0074749118        1.0074749118        1.2311787319        0.0648533157        0.0356229994        0.0355988761        0.0355988761        0.0356229994        0.0648533157
       19.0937515305        1.2603015662        1.2603015662        0.8860495090        0.8860495090        0.7984108015        0.0418824527        0.0451628824        0.0452455166        0.0452455166        0.0451628824        0.0418824527
       19.2207181284        0.5842180052        0.5842180052        0.6360002803        0.6360002803        0.3025709493        0.0147813909        0.0198082264        0.0197725388        0.0197725388        0.0198082264        0.0147813909
       19.3476847263        0.3617511656        0.3617511656        0.5583277126        0.5583277126        0.2937068710        0.0116670373        0.0131250432        0.0131240233        0.0131240233        0.0131250432        0.0116670373
       19.4746513242        0.4150447964        0.4150447964        0.7365051738        0.7365051738        0.4104489393        0.0149506249        0.0156237759        0.0156096055        0.0156096055        0.0156237759        0.0149506249
       19.6016179220        0.3354720320        0.3354720320        0.5502224913        0.5502224913        0.3247157162        0.0121269438        0.0104741470        0.0104569620        0.0104569620        0.0104741470        0.0121269438
       19.7285845199        0.3450759262        0.3450759262        0.3405513520        0.3405513520        0.0625102871        0.0051676958        0.0078075918        0.0078099754        0.0078099754        0.0078075918        0.0051676958
       19.8555511178        0.3625760016        0.3625760016        0.3519180719        0.3519180719        0.0539443192        0.0048732895        0.0076796223        0.0076737735        0.0076737735        0.0076796223        0.0048732895
       19.9825177156        0.5836446206        0.5836446206        0.3882444902        0.3882444902        0.0524316787        0.0072626512        0.0112708770        0.0112573606        0.0112573606        0.0112708770        0.0072626512
       20.1094843135        0.5554606348        0.5554606348        0.2448647898        0.2448647898        0.0649399099        0.0068050917        0.0090814264        0.0090731391        0.0090731391        0.0090814264        0.0068050917
       20.2364509114        0.6680172410        0.6680172410        0.3045022191        0.3045022191        0.0879037784        0.0078672621        0.0111920049        0.0111939077        0.0111939077        0.0111920049        0.0078672621
       20.3634175092        0.6986289389        0.6986289389        0.2381507319        0.2381507319        0.0987326562        0.0059616813        0.0122838351        0.0122898667        0.0122898667        0.0122838351        0.0059616813
       20.4903841071        0.8402938772        0.8402938772        0.2759639250        0.2759639250        0.1679004898        0.0064963325        0.0148269427        0.0148289342        0.0148289342        0.0148269427        0.0064963325
       20.6173507050        0.7890021458        0.7890021458        0.2936463217        0.2936463217        0.1587550180        0.0051914898        0.0137484625        0.0137279152        0.0137279152        0.0137484625        0.0051914898
       20.7443173029        0.4853538878        0.4853538878        0.1972532270        0.1972532270        0.1116156921        0.0027932260        0.0084462427        0.0084537403        0.0084537403        0.0084462427        0.0027932260
       20.8712839007        0.3636392464        0.3636392464        0.1775863128        0.1775863128        0.0999631271        0.0019917370        0.0058867132        0.0058918850        0.0058918850        0.0058867132        0.0019917370
       20.9982504986        0.3074427629        0.3074427629        0.1712891399        0.1712891399        0.0988781385        0.0015754925        0.0051254870        0.0051288352        0.0051288352        0.0051254870        0.0015754925
       21.1252170965        0.3034484161        0.3034484161        0.1824003547        0.1824003547        0.0994698018        0.0013138296        0.0051066198        0.0051041835        0.0051041835        0.0051066198        0.0013138296
       21.2521836943        0.1968790956        0.1968790956        0.1395800208        0.1395800208        0.0740641639        0.0008589060        0.0028793511        0.0028803282        0.0028803282        0.0028793511        0.0008589060
       21.3791502922        0.0756280287        0.0756280287        0.0801908567        0.0801908567        0.0356323328        0.0003291544        0.0012417820        0.0012410011        0.0012410011        0.0012417820        0.0003291544
       21.5061168901        0.0000000000        0.0000000000        0.0000000000        0.0000000000        0.0000000000        0.0000000000        0.0000000000        0.0000000000        0.0000000000        0.0000000000        0.0000000000
       21.6330834879        0.0000000000        0.0000000000        0.0000000000        0.0000000000        0.0000000000        0.0000000000        0.0000000000        0.0000000000        0.0000000000        0.0000000000        0.0000000000
       21.7600500858        0.0000000000        0.0000000000        0.0000000000        0.0000000000        0.0000000000        0.0000000000        0.0000000000        0.0000000000        0.0000000000        0.0000000000        0.0000000000
       21.8870166837        0.0000000000        0.0000000000        0.0000000000        0.0000000000        0.0000000000        0.0000000000        0.0000000000        0.0000000000        0.0000000000        0.0000000000        0.0000000000
       22.0139832815        0.0000000000        0.0000000000        0.0000000000        0.0000000000        0.0000000000        0.0000000000        0.0000000000        0.0000000000        0.0000000000        0.0000000000        0.0000000000
       22.1409498794        0.0000000000        0.0000000000        0.0000000000        0.0000000000        0.0000000000        0.0000000000        0.0000000000        0.0000000000        0.0000000000        0.0000000000        0.0000000000
       22.2679164773        0.0000000000        0.0000000000        0.0000000000        0.0000000000        0.0000000000        0.0000000000        0.0000000000        0.0000000000        0.0000000000        0.0000000000        0.0000000000
       22.3948830752        0.0000000000        0.0000000000        0.0000000000        0.0000000000        0.0000000000        0.0000000000        0.0000000000        0.0000000000        0.0000000000        0.0000000000        0.0000000000
       22.5218496730        0.0000000000        0.0000000000        0.0000000000        0.0000000000        0.0000000000        0.0000000000        0.0000000000        0.0000000000        0.0000000000        0.0000000000        0.0000000000
       22.6488162709        0.0000000000        0.0000000000        0.0000000000        0.0000000000        0.0000000000        0.0000000000        0.0000000000        0.0000000000        0.0000000000        0.0000000000        0.0000000000
       22.7757828688        0.0000000000        0.0000000000        0.0000000000        0.0000000000        0.0000000000        0.0000000000        0.0000000000        0.0000000000        0.0000000000        0.0000000000        0.0000000000
       22.9027494666        0.0000000000        0.0000000000        0.0000000000        0.0000000000        0.0000000000        0.0000000000        0.0000000000        0.0000000000        0.0000000000        0.0000000000        0.0000000000
       23.0297160645        0.0000000000        0.0000000000        0.0000000000        0.0000000000        0.0000000000        0.0000000000        0.0000000000        0.0000000000        0.0000000000        0.0000000000        0.0000000000
       23.1566826624        0.0000000000        0.0000000000        0.0000000000        0.0000000000        0.0000000000        0.0000000000        0.0000000000        0.0000000000        0.0000000000        0.0000000000        0.0000000000
       23.2836492602        0.0000000000        0.0000000000        0.0000000000        0.0000000000        0.0000000000        0.0000000000        0.0000000000        0.0000000000        0.0000000000        0.0000000000        0.0000000000
       23.4106158581        0.0000000000        0.0000000000        0.0000000000        0.0000000000        0.0000000000        0.0000000000        0.0000000000        0.0000000000        0.0000000000        0.0000000000        0.0000000000
       23.5375824560        0.0000000000        0.0000000000        0.0000000000        0.0000000000        0.0000000000        0.0000000000        0.0000000000        0.0000000000        0.0000000000        0.0000000000        0.0000000000
