   6   48
1 1
    16.545784621775091    -0.000000000000000     0.000000000000001
    -0.000000000000000    16.545784621775084    -0.000000000000000
     0.000000000000000    -0.000000000000000    16.284283785154251
1 2
    -2.019480289551005    -0.000000000000000     0.000000000000000
    -0.000000000000000     0.410527109448358    -0.275624693440579
    -0.000000000000000    -0.275344678738033     0.436634149683897
1 3
    -0.196974740301482     1.052224069459086     0.238697986429905
     1.052224069458510    -1.411978439801163     0.137812346720289
     0.238455486583937     0.137672339369017     0.436634149683897
1 4
    -0.196974740301482    -1.052224069459087    -0.238697986429905
    -1.052224069458510    -1.411978439801163     0.137812346720289
    -0.238455486583937     0.137672339369017     0.436634149683897
1 5
     0.047544947165296    -0.000000000000000    -0.000000000000000
    -0.000000000000000     0.047544947165296    -0.000000000000000
     0.000000000000000    -0.000000000000000    -0.009702813111824
1 6
    -0.055922341786960    -0.000000000000000    -0.000000000000000
    -0.000000000000000    -0.066235836673110    -0.073347528189266
    -0.000000000000000    -0.073495658046729    -0.126031995270192
1 7
    -0.063657462951572    -0.004465874286605     0.063520822716717
    -0.004465874286602    -0.058500715508497     0.036673764094633
     0.063649106936304     0.036747829023364    -0.126031995270192
1 8
    -0.063657462951572     0.004465874286605    -0.063520822716717
     0.004465874286602    -0.058500715508497     0.036673764094633
    -0.063649106936304     0.036747829023364    -0.126031995270192
1 9
    -0.042643523890016     0.297681486821128     0.419320718995576
     0.297681486820965     0.301089449207781    -0.242094929988817
     0.419216958663290    -0.242035023933173    -0.534605617354330
1 10
    -0.042643523890017    -0.297681486821128    -0.419320718995577
    -0.297681486820965     0.301089449207781    -0.242094929988817
    -0.419216958663290    -0.242035023933173    -0.534605617354330
1 11
     0.472955935756681     0.000000000000000    -0.000000000000000
    -0.000000000000000    -0.214510010438915     0.484189859977634
     0.000000000000000     0.484070047866345    -0.534605617354330
1 12
    -0.854443849829583    -0.000000000000000    -0.000000000000000
    -0.000000000000000    -0.854443849829582    -0.000000000000000
    -0.000000000000000     0.000000000000000    -1.247765890911734
1 13
    -0.032210802896007     0.010720494548442    -0.079875405305659
     0.010720494548436    -0.019831842069233     0.046116086754840
    -0.079905225134626     0.046133303241147     0.018179702686730
1 14
    -0.032210802896007    -0.010720494548442     0.079875405305659
    -0.010720494548436    -0.019831842069233     0.046116086754840
     0.079905225134626     0.046133303241147     0.018179702686730
1 15
    -0.013642361655846    -0.000000000000000    -0.000000000000000
    -0.000000000000000    -0.038400283309394    -0.092232173509681
    -0.000000000000000    -0.092266606482293     0.018179702686730
1 16
     0.138336649035060    -0.000000000000000    -0.000000000000000
    -0.000000000000000     0.138336649035060    -0.000000000000000
     0.000000000000000    -0.000000000000000    -0.002501164802380
1 17
    -0.164802246525311    -0.266204197999708    -0.347604728952897
    -0.266204197999562     0.142583884223684    -0.200689683832487
    -0.459806221982333    -0.265469246036637    -0.599587844429639
1 18
    -0.164802246525311     0.266204197999708     0.347604728952897
     0.266204197999562     0.142583884223684    -0.200689683832487
     0.459806221982333    -0.265469246036637    -0.599587844429639
1 19
    -1.222331253772855    -0.000000000000000    -0.000000000000000
    -0.000000000000000    -1.222331253772854    -0.000000000000000
    -0.000000000000000     0.000000000000000    -1.001533451784153
1 20
     0.296276949598182     0.000000000000000    -0.000000000000000
    -0.000000000000000    -0.318495311899809     0.401379367664974
     0.000000000000000     0.530938492073274    -0.599587844429639
1 21
    -0.016028260529386    -0.021823136185020     0.054825126508994
    -0.021823136185008     0.009170926572573     0.031653301548314
     0.046544478376628     0.026872467120044     0.054973428056458
1 22
    -0.016028260529386     0.021823136185020    -0.054825126508994
     0.021823136185008     0.009170926572573     0.031653301548314
    -0.046544478376628     0.026872467120044     0.054973428056458
1 23
     0.152732813062829    -0.000000000000000    -0.000000000000000
    -0.000000000000000     0.152732813062829    -0.000000000000000
     0.000000000000000    -0.000000000000000    -0.019229594331252
1 24
     0.021770520123553    -0.000000000000000     0.000000000000000
    -0.000000000000000    -0.028627854080366    -0.063306603096628
     0.000000000000000    -0.053744934240088     0.054973428056458
1 25
    -1.925556997663187     0.412322191524917    -0.822111405463498
     0.412322191524691    -1.449448341123782     0.474646241248082
    -0.661045499661454     0.381654797176236    -2.036480204632227
1 26
    -1.925556997663186    -0.412322191524917     0.822111405463498
    -0.412322191524691    -1.449448341123782     0.474646241248082
     0.661045499661454     0.381654797176236    -2.036480204632227
1 27
    -1.211394012854080    -0.000000000000000    -0.000000000000000
    -0.000000000000000    -2.163611325932888    -0.949292482496164
    -0.000000000000000    -0.763309594352471    -2.036480204632227
1 28
    -0.700866228759973    -0.000000000000000    -0.000000000000000
    -0.000000000000000    -0.700866228759972    -0.000000000000000
    -0.000000000000000    -0.000000000000000    -0.245254544167064
1 29
    -0.004972231395181     0.016888619642896    -0.080209753302073
     0.016888619642887     0.014529066798948     0.046309122660573
    -0.032880962598234     0.018983832607309     0.060880036012338
1 30
    -0.004972231395181    -0.016888619642896     0.080209753302073
    -0.016888619642887     0.014529066798948     0.046309122660573
     0.032880962598234     0.018983832607309     0.060880036012338
1 31
     0.024279715896013    -0.000000000000000    -0.000000000000000
    -0.000000000000000    -0.014722880492246    -0.092618245321146
     0.000000000000000    -0.037967665214619     0.060880036012338
1 32
     0.150587689283857    -0.000000000000000    -0.000000000000000
    -0.000000000000000     0.150587689283857    -0.000000000000000
     0.000000000000000    -0.000000000000000     0.224494660317257
1 33
    -1.974003656913458    -0.414317473396826     0.462613156891632
    -0.414317473396599    -1.495591047322342     0.267089830661973
     0.429478124740779     0.247959310930213    -1.523439754038315
1 34
    -1.974003656913458     0.414317473396826    -0.462613156891632
     0.414317473396599    -1.495591047322342     0.267089830661973
    -0.429478124740780     0.247959310930213    -1.523439754038315
1 35
    -0.682099043994927    -0.000000000000000    -0.000000000000000
    -0.000000000000000    -0.682099043994926    -0.000000000000000
    -0.000000000000000     0.000000000000000    -0.187823329310340
1 36
    -1.256384742526785    -0.000000000000000    -0.000000000000000
    -0.000000000000000    -2.213209961709015    -0.534179661323947
    -0.000000000000000    -0.495918621860425    -1.523439754038315
1 37
    -0.019226090341925    -0.016009135141308     0.073293053265369
    -0.016009135141299    -0.000740333375275     0.042315764032479
     0.018155732865272     0.010482217257103     0.038576723249145
1 38
    -0.019226090341925     0.016009135141308    -0.073293053265369
     0.016009135141299    -0.000740333375275     0.042315764032479
    -0.018155732865272     0.010482217257103     0.038576723249145
1 39
     0.093029516182395    -0.000000000000000     0.000000000000000
    -0.000000000000000     0.093029516182395    -0.000000000000000
     0.000000000000000    -0.000000000000000     0.225216067091001
1 40
     0.008502545108050     0.000000000000000     0.000000000000000
    -0.000000000000000    -0.028468968825250    -0.084631528064957
     0.000000000000000    -0.020964434514206     0.038576723249145
1 41
    -0.050528258198645    -0.000000000000000     0.000000000000000
    -0.000000000000000    -0.050528258198645    -0.000000000000000
    -0.000000000000000    -0.000000000000000    -0.678202283638127
1 42
    -0.094286326983726    -0.000000000000000     0.000000000000000
    -0.000000000000000    -0.286700014899580     0.071937792703441
    -0.000000000000000    -0.014448765622744    -0.022838068133650
1 43
    -0.238596592920616    -0.083317570885513    -0.062299955973376
    -0.083317570885467    -0.142389748962689    -0.035968896351721
     0.012512998082620     0.007224382811372    -0.022838068133650
1 44
    -0.238596592920616     0.083317570885513     0.062299955973376
     0.083317570885467    -0.142389748962689    -0.035968896351721
    -0.012512998082620     0.007224382811372    -0.022838068133650
1 45
     0.042977952156855    -0.000000000000000     0.000000000000000
    -0.000000000000000     0.042977952156855    -0.000000000000000
     0.000000000000000    -0.000000000000000    -0.209676662798493
1 46
    -0.141973710443592    -0.000000000000000    -0.000000000000000
    -0.000000000000000    -0.175394262970908    -0.142451324446963
    -0.000000000000000    -0.038347317872999    -0.143696201699437
1 47
    -0.167039124839079    -0.014471523748588     0.123366465773843
    -0.014471523748580    -0.150328848575421     0.071225662223482
     0.033209751445005     0.019173658936500    -0.143696201699436
1 48
    -0.167039124839079     0.014471523748588    -0.123366465773843
     0.014471523748580    -0.150328848575421     0.071225662223482
    -0.033209751445005     0.019173658936500    -0.143696201699437
9 1
    -0.042643523890104     0.297681486821015     0.419320718995576
     0.297681486821015     0.301089449207587    -0.242094929988817
     0.419216958663519    -0.242035023933173    -0.534605617354330
9 2
    -0.042643523889963    -0.297681486820995    -0.419320718995576
    -0.297681486821158     0.301089449207728    -0.242094929988817
    -0.419216958663404    -0.242035023932974    -0.534605617354330
9 3
     0.472955935756875    -0.000000000000112     0.000000000000000
     0.000000000000051    -0.214510010438827     0.484189859977635
    -0.000000000000115     0.484070047866147    -0.534605617354330
9 4
    -0.854443849829933     0.000000000000202     0.000000000000000
     0.000000000000202    -0.854443849829232     0.000000000000000
     0.000000000000000     0.000000000000000    -1.247765890911734
9 5
    -0.032210802896023     0.010720494548445    -0.079875405305659
     0.010720494548445    -0.019831842069228     0.046116086754840
    -0.079905225134670     0.046133303241147     0.018179702686730
9 6
    -0.032210802896018    -0.010720494548430     0.079875405305659
    -0.010720494548436    -0.019831842069223     0.046116086754840
     0.079905225134648     0.046133303241109     0.018179702686730
9 7
    -0.013642361655852     0.000000000000003    -0.000000000000000
     0.000000000000009    -0.038400283309379    -0.092232173509681
     0.000000000000022    -0.092266606482255     0.018179702686730
9 8
     0.138336649035116    -0.000000000000033     0.000000000000000
    -0.000000000000033     0.138336649035003     0.000000000000000
    -0.000000000000000    -0.000000000000000    -0.002501164802380
9 9
    16.545784621781877    -0.000000000003918    -0.000000000000000
    -0.000000000003918    16.545784621768298    -0.000000000000001
    -0.000000000000000    -0.000000000000000    16.284283785154248
9 10
    -2.019480289551833     0.000000000000479    -0.000000000000000
    -0.000000000000097     0.410527109448190    -0.275624693440579
     0.000000000000065    -0.275344678737920     0.436634149683897
9 11
    -0.196974740301812     1.052224069458701     0.238697986429905
     1.052224069459277    -1.411978439800833     0.137812346720289
     0.238455486584002     0.137672339368904     0.436634149683897
9 12
    -0.196974740301314    -1.052224069458608    -0.238697986429905
    -1.052224069458608    -1.411978439800335     0.137812346720289
    -0.238455486584067     0.137672339369017     0.436634149683897
9 13
     0.047544947165316    -0.000000000000011     0.000000000000000
    -0.000000000000011     0.047544947165277     0.000000000000000
    -0.000000000000000    -0.000000000000000    -0.009702813111824
9 14
    -0.055922341786983     0.000000000000013    -0.000000000000000
     0.000000000000016    -0.066235836673083    -0.073347528189266
     0.000000000000017    -0.073495658046699    -0.126031995270192
9 15
    -0.063657462951597    -0.004465874286588     0.063520822716717
    -0.004465874286590    -0.058500715508472     0.036673764094633
     0.063649106936321     0.036747829023334    -0.126031995270192
9 16
    -0.063657462951599     0.004465874286618    -0.063520822716717
     0.004465874286618    -0.058500715508474     0.036673764094633
    -0.063649106936339     0.036747829023364    -0.126031995270192
9 17
     0.021770520123562    -0.000000000000005    -0.000000000000000
     0.000000000000007    -0.028627854080354    -0.063306603096628
     0.000000000000013    -0.053744934240066     0.054973428056458
9 18
     0.152732813062892    -0.000000000000036     0.000000000000000
    -0.000000000000036     0.152732813062767     0.000000000000000
    -0.000000000000000    -0.000000000000000    -0.019229594331252
9 19
    -0.016028260529398     0.021823136185015    -0.054825126508994
     0.021823136185015     0.009170926572564     0.031653301548314
    -0.046544478376653     0.026872467120044     0.054973428056458
9 20
    -0.016028260529388    -0.021823136185007     0.054825126508994
    -0.021823136185019     0.009170926572574     0.031653301548314
     0.046544478376641     0.026872467120022     0.054973428056458
9 21
     0.296276949598303    -0.000000000000070     0.000000000000000
     0.000000000000076    -0.318495311899678     0.401379367664974
    -0.000000000000126     0.530938492073056    -0.599587844429639
9 22
    -1.222331253773356     0.000000000000289     0.000000000000000
     0.000000000000289    -1.222331253772353     0.000000000000000
     0.000000000000000    -0.000000000000000    -1.001533451784153
9 23
    -0.164802246525442     0.266204197999637     0.347604728952897
     0.266204197999637     0.142583884223562    -0.200689683832487
     0.459806221982584    -0.265469246036637    -0.599587844429639
9 24
    -0.164802246525316    -0.266204197999559    -0.347604728952897
    -0.266204197999705     0.142583884223689    -0.200689683832487
    -0.459806221982458    -0.265469246036419    -0.599587844429639
9 25
    -0.050528258198666     0.000000000000012    -0.000000000000000
     0.000000000000012    -0.050528258198624    -0.000000000000000
     0.000000000000000     0.000000000000000    -0.678202283638127
9 26
    -0.094286326983765     0.000000000000022     0.000000000000000
     0.000000000000068    -0.286700014899462     0.071937792703441
     0.000000000000003    -0.014448765622738    -0.022838068133650
9 27
    -0.238596592920694    -0.083317570885422    -0.062299955973376
    -0.083317570885468    -0.142389748962611    -0.035968896351721
     0.012512998082623     0.007224382811366    -0.022838068133650
9 28
    -0.238596592920734     0.083317570885535     0.062299955973376
     0.083317570885535    -0.142389748962651    -0.035968896351721
    -0.012512998082627     0.007224382811372    -0.022838068133650
9 29
     0.042977952156872    -0.000000000000010    -0.000000000000000
    -0.000000000000010     0.042977952156837    -0.000000000000000
    -0.000000000000000    -0.000000000000000    -0.209676662798493
9 30
    -0.141973710443650     0.000000000000034     0.000000000000000
     0.000000000000042    -0.175394262970836    -0.142451324446963
     0.000000000000009    -0.038347317872984    -0.143696201699436
9 31
    -0.167039124839144    -0.014471523748542     0.123366465773843
    -0.014471523748550    -0.150328848575356     0.071225662223481
     0.033209751445014     0.019173658936484    -0.143696201699437
9 32
    -0.167039124839151     0.014471523748621    -0.123366465773843
     0.014471523748621    -0.150328848575363     0.071225662223482
    -0.033209751445024     0.019173658936500    -0.143696201699437
9 33
    -1.256384742527300     0.000000000000297     0.000000000000000
     0.000000000000524    -2.213209961708107    -0.534179661323946
     0.000000000000118    -0.495918621860222    -1.523439754038315
9 34
    -0.682099043995206     0.000000000000161     0.000000000000000
     0.000000000000161    -0.682099043994647     0.000000000000000
     0.000000000000000    -0.000000000000000    -0.187823329310340
9 35
    -1.974003656914366     0.414317473397123    -0.462613156891632
     0.414317473397123    -1.495591047321827     0.267089830661973
    -0.429478124741014     0.247959310930213    -1.523439754038315
9 36
    -1.974003656914169    -0.414317473396188     0.462613156891632
    -0.414317473396415    -1.495591047321631     0.267089830661973
     0.429478124740897     0.247959310930009    -1.523439754038315
9 37
     0.008502545108053    -0.000000000000002    -0.000000000000000
     0.000000000000007    -0.028468968825238    -0.084631528064957
     0.000000000000005    -0.020964434514197     0.038576723249145
9 38
     0.093029516182433    -0.000000000000022    -0.000000000000000
    -0.000000000000022     0.093029516182357    -0.000000000000000
    -0.000000000000000    -0.000000000000000     0.225216067091001
9 39
    -0.019226090341937     0.016009135141306    -0.073293053265368
     0.016009135141306    -0.000740333375279     0.042315764032478
    -0.018155732865282     0.010482217257103     0.038576723249145
9 40
    -0.019226090341929    -0.016009135141297     0.073293053265369
    -0.016009135141306    -0.000740333375271     0.042315764032479
     0.018155732865277     0.010482217257094     0.038576723249145
9 41
    -1.925556997664074     0.412322191525204    -0.822111405463497
     0.412322191525204    -1.449448341123285     0.474646241248082
    -0.661045499661816     0.381654797176236    -2.036480204632226
9 42
    -1.925556997663878    -0.412322191524292     0.822111405463498
    -0.412322191524518    -1.449448341123090     0.474646241248083
     0.661045499661635     0.381654797175922    -2.036480204632226
9 43
    -1.211394012854577     0.000000000000287    -0.000000000000000
     0.000000000000513    -2.163611325932000    -0.949292482496164
     0.000000000000181    -0.763309594352158    -2.036480204632226
9 44
    -0.700866228760260     0.000000000000166     0.000000000000000
     0.000000000000166    -0.700866228759685     0.000000000000000
     0.000000000000000     0.000000000000000    -0.245254544167064
9 45
    -0.004972231395187     0.016888619642891    -0.080209753302073
     0.016888619642891     0.014529066798938     0.046309122660573
    -0.032880962598252     0.018983832607309     0.060880036012338
9 46
    -0.004972231395179    -0.016888619642888     0.080209753302073
    -0.016888619642898     0.014529066798946     0.046309122660573
     0.032880962598243     0.018983832607294     0.060880036012338
9 47
     0.024279715896023    -0.000000000000006     0.000000000000000
     0.000000000000003    -0.014722880492240    -0.092618245321146
     0.000000000000009    -0.037967665214603     0.060880036012338
9 48
     0.150587689283919    -0.000000000000036     0.000000000000000
    -0.000000000000036     0.150587689283795     0.000000000000000
    -0.000000000000000     0.000000000000000     0.224494660317257
17 1
    -0.164776061156981    -0.266320917322296    -0.460080719097012
    -0.266320917322150     0.142744845456646    -0.265627727019544
    -0.347530063308129    -0.200646575602491    -0.599628882539522
17 2
    -0.164776061156981     0.266320917322296     0.460080719097012
     0.266320917322150     0.142744845456646    -0.265627727019544
     0.347530063308129    -0.200646575602491    -0.599628882539522
17 3
    -1.222539145398348    -0.000000000000000    -0.000000000000000
    -0.000000000000000    -1.222539145398347     0.000000000000000
    -0.000000000000000    -0.000000000000000    -1.001678705094136
17 4
     0.296505298763460     0.000000000000000    -0.000000000000000
    -0.000000000000000    -0.318536514463794     0.531255454039088
     0.000000000000000     0.401293151204982    -0.599628882539522
17 5
    -0.015973849704515    -0.021590519618642     0.046720663490969
    -0.021590519618631     0.008956734923012     0.026974187643222
     0.055032610100354     0.031773092255656     0.054758697946409
17 6
    -0.015973849704515     0.021590519618642    -0.046720663490969
     0.021590519618631     0.008956734923012     0.026974187643222
    -0.055032610100354     0.031773092255656     0.054758697946409
17 7
     0.153263797405649    -0.000000000000000     0.000000000000000
    -0.000000000000000     0.153263797405649    -0.000000000000000
     0.000000000000000     0.000000000000000    -0.019385647143836
17 8
     0.021422027236776    -0.000000000000000     0.000000000000000
    -0.000000000000000    -0.028439142018279    -0.053948375286443
     0.000000000000000    -0.063546184511311     0.054758697946409
17 9
     0.021422027236776    -0.000000000000000    -0.000000000000000
    -0.000000000000000    -0.028439142018279    -0.053948375286443
     0.000000000000000    -0.063546184511311     0.054758697946409
17 10
     0.153263797405649    -0.000000000000000    -0.000000000000000
    -0.000000000000000     0.153263797405649    -0.000000000000000
     0.000000000000000     0.000000000000000    -0.019385647143836
17 11
    -0.015973849704515     0.021590519618642    -0.046720663490969
     0.021590519618631     0.008956734923012     0.026974187643222
    -0.055032610100354     0.031773092255656     0.054758697946409
17 12
    -0.015973849704515    -0.021590519618642     0.046720663490969
    -0.021590519618631     0.008956734923012     0.026974187643222
     0.055032610100354     0.031773092255656     0.054758697946409
17 13
     0.296505298763460     0.000000000000000    -0.000000000000000
    -0.000000000000000    -0.318536514463794     0.531255454039088
     0.000000000000000     0.401293151204982    -0.599628882539522
17 14
    -1.222539145398348    -0.000000000000000    -0.000000000000000
    -0.000000000000000    -1.222539145398347    -0.000000000000000
    -0.000000000000000    -0.000000000000000    -1.001678705094136
17 15
    -0.164776061156981     0.266320917322296     0.460080719097012
     0.266320917322150     0.142744845456646    -0.265627727019544
     0.347530063308129    -0.200646575602491    -0.599628882539522
17 16
    -0.164776061156981    -0.266320917322296    -0.460080719097012
    -0.266320917322150     0.142744845456646    -0.265627727019544
    -0.347530063308129    -0.200646575602491    -0.599628882539522
17 17
    12.525348614108815    -0.000000000000000    -0.000000000000000
    -0.000000000000000    12.525348614108806    -0.000000000000000
     0.000000000000000     0.000000000000000    14.205799635122464
17 18
    -2.090429764291685    -0.000000000000000     0.000000000000000
    -0.000000000000000     0.190167892237610    -0.279892124829882
    -0.000000000000000    -0.280102749929905     0.555178309825720
17 19
    -0.379981521894713     0.987527753183084     0.242393690421949
     0.987527753182543    -1.520280350159360     0.139946062414941
     0.242576097109111     0.140051374964953     0.555178309825720
17 20
    -0.379981521894713    -0.987527753183084    -0.242393690421949
    -0.987527753182543    -1.520280350159360     0.139946062414941
    -0.242576097109111     0.140051374964953     0.555178309825720
17 21
     0.142873188582442    -0.000000000000000    -0.000000000000000
    -0.000000000000000     0.142873188582442    -0.000000000000000
     0.000000000000000     0.000000000000000     0.044487471014355
17 22
    -0.038490751076341    -0.000000000000000    -0.000000000000000
    -0.000000000000000    -0.059116794701836    -0.053943023795987
    -0.000000000000000    -0.053652187406349    -0.152927796514439
17 23
    -0.053960283795462    -0.008931338879625     0.046716028964286
    -0.008931338879620    -0.043647261982715     0.026971511897994
     0.046464157262489     0.026826093703175    -0.152927796514439
17 24
    -0.053960283795462     0.008931338879625    -0.046716028964286
     0.008931338879620    -0.043647261982715     0.026971511897994
    -0.046464157262489     0.026826093703175    -0.152927796514439
17 25
    -1.360493900523787     0.000000000000000    -0.000000000000000
    -0.000000000000000    -0.482584091631411     0.077256409718019
    -0.000000000000000     0.394256208395419    -1.407728843403851
17 26
    -0.411594963015074    -0.000000000000000    -0.000000000000000
    -0.000000000000000    -0.411594963015074    -0.000000000000000
    -0.000000000000000    -0.000000000000000    -0.436381441323035
17 27
    -0.702061543854505    -0.380146098366274     0.066906013421002
    -0.380146098366065    -1.141016448300693    -0.038628204859010
     0.341435892070071    -0.197128104197710    -1.407728843403851
17 28
    -0.702061543854505     0.380146098366273    -0.066906013421003
     0.380146098366065    -1.141016448300693    -0.038628204859010
    -0.341435892070071    -0.197128104197710    -1.407728843403851
17 29
    -0.052697695029217    -0.000000000000000    -0.000000000000000
    -0.000000000000000    -0.075939110350144    -0.069797961019697
    -0.000000000000000    -0.077156837541313    -0.023171232788889
17 30
     0.117375346923250    -0.000000000000000    -0.000000000000000
    -0.000000000000000     0.117375346923250    -0.000000000000000
     0.000000000000000     0.000000000000000     0.162683167205587
17 31
    -0.070128756519912     0.010063828043917    -0.060446807375430
     0.010063828043911    -0.058508048859448     0.034898980509849
    -0.066819781386428     0.038578418770657    -0.023171232788889
17 32
    -0.070128756519912    -0.010063828043917     0.060446807375430
    -0.010063828043911    -0.058508048859448     0.034898980509849
     0.066819781386428     0.038578418770657    -0.023171232788889
17 33
    -0.023940640693716    -0.000000000000000    -0.000000000000000
    -0.000000000000000    -0.023940640693716    -0.000000000000000
    -0.000000000000000    -0.000000000000000    -0.467789634737379
17 34
    -0.056797614071656    -0.000000000000000    -0.000000000000000
    -0.000000000000000    -0.241290728341710     0.013799964888625
    -0.000000000000000    -0.041609800429843    -0.012885786511744
17 35
    -0.195167449774197    -0.079887861890608    -0.011951120164886
    -0.079887861890564    -0.102920892639169    -0.006899982444312
     0.036035144218635     0.020804900214922    -0.012885786511744
17 36
    -0.195167449774197     0.079887861890608     0.011951120164886
     0.079887861890564    -0.102920892639169    -0.006899982444312
    -0.036035144218635     0.020804900214922    -0.012885786511744
17 37
    -0.023940640693716    -0.000000000000000    -0.000000000000000
    -0.000000000000000    -0.023940640693716    -0.000000000000000
    -0.000000000000000    -0.000000000000000    -0.467789634737379
17 38
    -0.056797614071656    -0.000000000000000    -0.000000000000000
    -0.000000000000000    -0.241290728341710     0.013799964888625
    -0.000000000000000    -0.041609800429843    -0.012885786511744
17 39
    -0.195167449774197    -0.079887861890608    -0.011951120164886
    -0.079887861890564    -0.102920892639169    -0.006899982444312
     0.036035144218635     0.020804900214922    -0.012885786511744
17 40
    -0.195167449774197     0.079887861890608     0.011951120164886
     0.079887861890564    -0.102920892639169    -0.006899982444312
    -0.036035144218635     0.020804900214922    -0.012885786511744
17 41
    -0.070128756519912    -0.010063828043917     0.060446807375430
    -0.010063828043911    -0.058508048859448     0.034898980509849
     0.066819781386428     0.038578418770657    -0.023171232788889
17 42
    -0.070128756519912     0.010063828043917    -0.060446807375430
     0.010063828043911    -0.058508048859448     0.034898980509849
    -0.066819781386428     0.038578418770657    -0.023171232788889
17 43
     0.117375346923250    -0.000000000000000     0.000000000000000
    -0.000000000000000     0.117375346923250    -0.000000000000000
     0.000000000000000     0.000000000000000     0.162683167205587
17 44
    -0.052697695029217    -0.000000000000000     0.000000000000000
    -0.000000000000000    -0.075939110350144    -0.069797961019697
    -0.000000000000000    -0.077156837541313    -0.023171232788889
17 45
    -0.702061543854505     0.380146098366273    -0.066906013421002
     0.380146098366065    -1.141016448300693    -0.038628204859010
    -0.341435892070071    -0.197128104197710    -1.407728843403851
17 46
    -0.702061543854505    -0.380146098366273     0.066906013421002
    -0.380146098366065    -1.141016448300693    -0.038628204859010
     0.341435892070071    -0.197128104197710    -1.407728843403851
17 47
    -0.411594963015074    -0.000000000000000     0.000000000000000
    -0.000000000000000    -0.411594963015074    -0.000000000000000
    -0.000000000000000    -0.000000000000000    -0.436381441323035
17 48
    -1.360493900523787     0.000000000000000     0.000000000000000
    -0.000000000000000    -0.482584091631411     0.077256409718019
    -0.000000000000000     0.394256208395419    -1.407728843403851
25 1
    -1.926565098832770     0.413044610295446    -0.660929188182384
     0.413044610295220    -1.449622264950100     0.381587644712275
    -0.821783140303092     0.474456717269616    -2.037013520069004
25 2
    -1.926565098832770    -0.413044610295446     0.660929188182383
    -0.413044610295220    -1.449622264950100     0.381587644712275
     0.821783140303092     0.474456717269616    -2.037013520069004
25 3
    -1.211150848008767    -0.000000000000000    -0.000000000000000
    -0.000000000000000    -2.165036515774103    -0.763175289424550
    -0.000000000000000    -0.948913434539232    -2.037013520069004
25 4
    -0.701305846719614    -0.000000000000000    -0.000000000000000
    -0.000000000000000    -0.701305846719614    -0.000000000000000
    -0.000000000000000    -0.000000000000000    -0.245755101112618
25 5
    -0.005004075524156     0.016788582068981    -0.033471875854853
     0.016788582068972     0.014381709229515     0.019324996535076
    -0.080177530192240     0.046290518639462     0.060643166921957
25 6
    -0.005004075524156    -0.016788582068981     0.033471875854853
    -0.016788582068972     0.014381709229515     0.019324996535076
     0.080177530192240     0.046290518639462     0.060643166921957
25 7
     0.024074601606351    -0.000000000000000     0.000000000000000
    -0.000000000000000    -0.014696967900992    -0.038649993070152
     0.000000000000000    -0.092581037278923     0.060643166921957
25 8
     0.150026249479978    -0.000000000000000     0.000000000000000
    -0.000000000000000     0.150026249479978    -0.000000000000000
     0.000000000000000    -0.000000000000000     0.224479541013616
25 9
    -0.050084667787561     0.000000000000000    -0.000000000000000
    -0.000000000000000    -0.050084667787561    -0.000000000000000
    -0.000000000000000    -0.000000000000000    -0.677853459704117
25 10
    -0.094399286888126     0.000000000000000    -0.000000000000000
    -0.000000000000000    -0.286313397229138    -0.014605746451564
    -0.000000000000000     0.071726284401169    -0.023199311495652
25 11
    -0.238334869643885    -0.083101247450026     0.012648947468292
    -0.083101247449980    -0.142377814473379     0.007302873225782
    -0.062116784410463    -0.035863142200584    -0.023199311495652
25 12
    -0.238334869643885     0.083101247450026    -0.012648947468292
     0.083101247449980    -0.142377814473379     0.007302873225782
     0.062116784410463    -0.035863142200584    -0.023199311495652
25 13
     0.043364604097262    -0.000000000000000    -0.000000000000000
    -0.000000000000000     0.043364604097262    -0.000000000000000
     0.000000000000000    -0.000000000000000    -0.209584867026385
25 14
    -0.141939186018923    -0.000000000000000    -0.000000000000000
    -0.000000000000000    -0.174880589096506    -0.038482567868744
    -0.000000000000000    -0.142631647149232    -0.143775938026973
25 15
    -0.166645238327110    -0.014264045950749     0.033326881377201
    -0.014264045950741    -0.150174536788319     0.019241283934372
     0.123522629814820     0.071315823574616    -0.143775938026973
25 16
    -0.166645238327110     0.014264045950749    -0.033326881377201
     0.014264045950741    -0.150174536788319     0.019241283934372
    -0.123522629814820     0.071315823574616    -0.143775938026973
25 17
    -1.360740355513236     0.000000000000000    -0.000000000000000
    -0.000000000000000    -0.483245121104836     0.394382676143136
    -0.000000000000000     0.077374531608071    -1.408088466840463
25 18
    -0.411234794084284    -0.000000000000000    -0.000000000000000
    -0.000000000000000    -0.411234794084283    -0.000000000000000
    -0.000000000000000    -0.000000000000000    -0.437100148221128
25 19
    -0.702618929706936    -0.379966582348832     0.341545416352540
    -0.379966582348623    -1.141366546911136    -0.197191338071568
     0.067008309978493    -0.038687265804035    -1.408088466840463
25 20
    -0.702618929706936     0.379966582348832    -0.341545416352541
     0.379966582348623    -1.141366546911136    -0.197191338071568
    -0.067008309978493    -0.038687265804035    -1.408088466840463
25 21
    -0.053112177551491    -0.000000000000000    -0.000000000000000
    -0.000000000000000    -0.075470779041648    -0.078166163095532
    -0.000000000000000    -0.069615139426866    -0.022984041410473
25 22
     0.117552783087683    -0.000000000000000     0.000000000000000
    -0.000000000000000     0.117552783087683    -0.000000000000000
     0.000000000000000     0.000000000000000     0.163744218336131
25 23
    -0.069881128669109     0.009681558441787    -0.067693882957107
     0.009681558441782    -0.058701827924031     0.039083081547766
    -0.060288479231645     0.034807569713433    -0.022984041410473
25 24
    -0.069881128669109    -0.009681558441787     0.067693882957107
    -0.009681558441782    -0.058701827924031     0.039083081547766
     0.060288479231645     0.034807569713433    -0.022984041410473
25 25
    15.414242421571039    -0.000000000000000     0.000000000000001
    -0.000000000000000    15.414242421571032    -0.000000000000000
     0.000000000000000     0.000000000000000    15.364414552113095
25 26
    -5.530106040096643    -0.000000000000000    -0.000000000000000
    -0.000000000000000     0.883091735330373    -1.134166600784724
    -0.000000000000000    -1.134823377369031     1.604228313112085
25 27
    -0.720207708526381     2.776996096507583     0.982217088403684
     2.776996096506061    -3.926806596239888     0.567083300392362
     0.982785873609766     0.567411688684515     1.604228313112085
25 28
    -0.720207708526381    -2.776996096507583    -0.982217088403684
    -2.776996096506062    -3.926806596239888     0.567083300392362
    -0.982785873609766     0.567411688684515     1.604228313112085
25 29
    -0.015795791086025     0.000000000000000    -0.000000000000000
    -0.000000000000000    -0.015795791086025    -0.000000000000000
    -0.000000000000000    -0.000000000000000    -0.143808876509906
25 30
    -0.127785569237700     0.000000000000000    -0.000000000000000
    -0.000000000000000    -0.184677750795742    -0.069905755327453
    -0.000000000000000    -0.069421523285542    -0.427818335719032
25 31
    -0.170454705406232    -0.024635037252998     0.060540159984330
    -0.024635037252984    -0.142008614627210     0.034952877663726
     0.060120802734676     0.034710761642771    -0.427818335719032
25 32
    -0.170454705406232     0.024635037252998    -0.060540159984330
     0.024635037252984    -0.142008614627210     0.034952877663726
    -0.060120802734676     0.034710761642771    -0.427818335719032
25 33
     1.447949889816146     0.000000000000000    -0.000000000000000
    -0.000000000000000    -0.902369877629569     1.332253549009027
     0.000000000000000     1.220139303534854    -1.652785756673319
25 34
    -0.550524831465553    -0.000000000000000    -0.000000000000000
    -0.000000000000000    -0.550524831465553    -0.000000000000000
    -0.000000000000000    -0.000000000000000    -0.852128273026434
25 35
    -0.314789935768140     1.017718312812640     1.153765417724111
     1.017718312812083     0.860369947954716    -0.666126774504514
     1.056671633016747    -0.610069651767427    -1.652785756673319
25 36
    -0.314789935768141    -1.017718312812640    -1.153765417724111
    -1.017718312812083     0.860369947954716    -0.666126774504514
    -1.056671633016747    -0.610069651767427    -1.652785756673319
25 37
    -0.053026510820211    -0.000000000000000     0.000000000000000
    -0.000000000000000     0.042316781731119    -0.132106128896972
    -0.000000000000000    -0.150044717785072     0.058732734911849
25 38
     0.251825614297023    -0.000000000000000     0.000000000000000
    -0.000000000000000     0.251825614297023    -0.000000000000000
     0.000000000000000     0.000000000000000     0.489226647400266
25 39
     0.018480958593287    -0.041284856714963    -0.114407263620431
    -0.041284856714940    -0.029190687682378     0.066053064448486
    -0.129942537305504     0.075022358892536     0.058732734911849
25 40
     0.018480958593287     0.041284856714963     0.114407263620431
     0.041284856714940    -0.029190687682378     0.066053064448486
     0.129942537305504     0.075022358892536     0.058732734911849
25 41
     0.142640202109733    -0.068912782470491    -0.143126101324283
    -0.068912782470453     0.063066575089866     0.082633893127614
    -0.142506738514842     0.082276303842902     0.485679190787564
25 42
     0.142640202109733     0.068912782470491     0.143126101324284
     0.068912782470453     0.063066575089866     0.082633893127614
     0.142506738514842     0.082276303842902     0.485679190787564
25 43
     0.023279761579933    -0.000000000000000     0.000000000000000
    -0.000000000000000     0.182427015619666    -0.165267786255229
     0.000000000000000    -0.164552607685805     0.485679190787564
25 44
     0.506913935378854    -0.000000000000000     0.000000000000000
    -0.000000000000000     0.506913935378853    -0.000000000000000
     0.000000000000000    -0.000000000000000     0.591757665068820
25 45
    -0.144239254223637     0.996469665175958     0.985478471038010
     0.996469665175412     1.006384804633319    -0.568966260534220
     0.985083963206918    -0.568738491332053    -1.354153410959086
25 46
    -0.144239254223637    -0.996469665175958    -0.985478471038011
    -0.996469665175412     1.006384804633319    -0.568966260534220
    -0.985083963206918    -0.568738491332053    -1.354153410959086
25 47
     1.581696834061798     0.000000000000000    -0.000000000000000
    -0.000000000000000    -0.719551283652115     1.137932521068440
     0.000000000000000     1.137476982664106    -1.354153410959086
25 48
    -0.664482545997737    -0.000000000000000    -0.000000000000000
    -0.000000000000000    -0.664482545997736    -0.000000000000000
    -0.000000000000000    -0.000000000000000     0.314214768025434
33 1
    -1.974375235855208    -0.414771471341091     0.429758997236094
    -0.414771471340864    -1.495438394593426     0.248121472740855
     0.462508318040716     0.267029301923321    -1.523272001764580
33 2
    -1.974375235855208     0.414771471341091    -0.429758997236094
     0.414771471340864    -1.495438394593426     0.248121472740855
    -0.462508318040716     0.267029301923321    -1.523272001764580
33 3
    -0.682357253338692     0.000000000000000    -0.000000000000000
    -0.000000000000000    -0.682357253338691    -0.000000000000000
    -0.000000000000000     0.000000000000000    -0.187436167142096
33 4
    -1.255969973962536    -0.000000000000000    -0.000000000000000
    -0.000000000000000    -2.213843656486097    -0.496242945481709
    -0.000000000000000    -0.534058603846643    -1.523272001764580
33 5
    -0.019110677202042    -0.015824523691901     0.018201772509724
    -0.015824523691892    -0.000838091175414     0.010508798258215
     0.073315694982444     0.042328836233950     0.038618301334159
33 6
    -0.019110677202042     0.015824523691901    -0.018201772509724
     0.015824523691892    -0.000838091175414     0.010508798258215
    -0.073315694982444     0.042328836233950     0.038618301334159
33 7
     0.093114261813169     0.000000000000000     0.000000000000000
    -0.000000000000000     0.093114261813169    -0.000000000000000
     0.000000000000000    -0.000000000000000     0.225112391866032
33 8
     0.008298201837900    -0.000000000000000     0.000000000000000
     0.000000000000000    -0.028246970215356    -0.021017596516430
     0.000000000000000    -0.084657672467900     0.038618301334159
33 9
    -1.255969973962536    -0.000000000000000    -0.000000000000000
     0.000000000000000    -2.213843656486097    -0.496242945481709
    -0.000000000000000    -0.534058603846643    -1.523272001764581
33 10
    -0.682357253338692     0.000000000000000    -0.000000000000000
     0.000000000000000    -0.682357253338691    -0.000000000000000
    -0.000000000000000     0.000000000000000    -0.187436167142096
33 11
    -1.974375235855208     0.414771471341091    -0.429758997236094
     0.414771471340864    -1.495438394593426     0.248121472740855
    -0.462508318040716     0.267029301923321    -1.523272001764580
33 12
    -1.974375235855208    -0.414771471341091     0.429758997236094
    -0.414771471340864    -1.495438394593426     0.248121472740855
     0.462508318040716     0.267029301923321    -1.523272001764580
33 13
     0.008298201837900    -0.000000000000000    -0.000000000000000
    -0.000000000000000    -0.028246970215356    -0.021017596516430
     0.000000000000000    -0.084657672467900     0.038618301334159
33 14
     0.093114261813169    -0.000000000000000    -0.000000000000000
    -0.000000000000000     0.093114261813169    -0.000000000000000
     0.000000000000000    -0.000000000000000     0.225112391866032
33 15
    -0.019110677202042     0.015824523691901    -0.018201772509724
     0.015824523691892    -0.000838091175414     0.010508798258215
    -0.073315694982444     0.042328836233950     0.038618301334159
33 16
    -0.019110677202042    -0.015824523691901     0.018201772509724
    -0.015824523691892    -0.000838091175414     0.010508798258215
     0.073315694982444     0.042328836233950     0.038618301334159
33 17
    -0.024094242149494     0.000000000000000    -0.000000000000000
     0.000000000000000    -0.024094242149494    -0.000000000000000
    -0.000000000000000     0.000000000000000    -0.467595783665692
33 18
    -0.056839514951257     0.000000000000000    -0.000000000000000
    -0.000000000000000    -0.241405077218849    -0.041627715259571
    -0.000000000000000     0.013802294332202    -0.012867607349032
33 19
    -0.195263686651951    -0.079919232793769     0.036050658916303
    -0.079919232793725    -0.102980905518155     0.020813857629785
    -0.011953137522194    -0.006901147166101    -0.012867607349032
33 20
    -0.195263686651951     0.079919232793769    -0.036050658916303
     0.079919232793725    -0.102980905518155     0.020813857629785
     0.011953137522194    -0.006901147166101    -0.012867607349032
33 21
    -0.024094242149494     0.000000000000000    -0.000000000000000
    -0.000000000000000    -0.024094242149494    -0.000000000000000
    -0.000000000000000     0.000000000000000    -0.467595783665692
33 22
    -0.056839514951257     0.000000000000000    -0.000000000000000
    -0.000000000000000    -0.241405077218849    -0.041627715259571
    -0.000000000000000     0.013802294332202    -0.012867607349032
33 23
    -0.195263686651951    -0.079919232793769     0.036050658916303
    -0.079919232793725    -0.102980905518155     0.020813857629785
    -0.011953137522194    -0.006901147166101    -0.012867607349032
33 24
    -0.195263686651951     0.079919232793769    -0.036050658916303
     0.079919232793725    -0.102980905518155     0.020813857629785
     0.011953137522194    -0.006901147166101    -0.012867607349032
33 25
     1.447522191790889     0.000000000000000    -0.000000000000000
    -0.000000000000000    -0.902312058971961     1.220687204980631
     0.000000000000000     1.331820732073765    -1.653198657656095
33 26
    -0.550123613869857    -0.000000000000000    -0.000000000000000
    -0.000000000000000    -0.550123613869856    -0.000000000000000
    -0.000000000000000     0.000000000000000    -0.852470617258885
33 27
    -0.314853496281249     1.017508077921979     1.057146129588139
     1.017508077921422     0.860063629100176    -0.610343602490316
     1.153390587262353    -0.665910366036882    -1.653198657656095
33 28
    -0.314853496281249    -1.017508077921979    -1.057146129588139
    -1.017508077921422     0.860063629100176    -0.610343602490316
    -1.153390587262353    -0.665910366036882    -1.653198657656095
33 29
    -0.053244897166974    -0.000000000000000    -0.000000000000000
    -0.000000000000000     0.042402753029797    -0.150278261488110
    -0.000000000000000    -0.132151064641475     0.058357452196466
33 30
     0.252336736382630    -0.000000000000000    -0.000000000000000
     0.000000000000000     0.252336736382630    -0.000000000000000
     0.000000000000000    -0.000000000000000     0.488715830927241
33 31
     0.018490840480605    -0.041416647441357    -0.130144792085299
    -0.041416647441334    -0.029332984617781     0.075139130744055
    -0.114446179116646     0.066075532320738     0.058357452196466
33 32
     0.018490840480605     0.041416647441357     0.130144792085299
     0.041416647441334    -0.029332984617781     0.075139130744055
     0.114446179116646     0.066075532320738     0.058357452196466
33 33
    18.006831075934105     0.000000000000000     0.000000000000002
     0.000000000000001    18.006831075934095    -0.000000000000000
     0.000000000000000    -0.000000000000000    18.263420070909113
33 34
    -4.617779850425570    -0.000000000000000     0.000000000000000
    -0.000000000000000     0.526959948100346    -0.823083696081650
    -0.000000000000000    -0.823206929853455     0.975642184273505
33 35
    -0.759225001531133     2.227737680692749     0.712811390247694
     2.227737680691528    -3.331594900794089     0.411541848040825
     0.712918113824292     0.411603464926728     0.975642184273505
33 36
    -0.759225001531133    -2.227737680692749    -0.712811390247694
    -2.227737680691528    -3.331594900794089     0.411541848040825
    -0.712918113824292     0.411603464926728     0.975642184273505
33 37
    -0.050659349096249     0.000000000000000    -0.000000000000000
    -0.000000000000000    -0.050659349096249    -0.000000000000000
    -0.000000000000000     0.000000000000000    -0.046553415861917
33 38
    -0.055390045149734    -0.000000000000000    -0.000000000000000
    -0.000000000000000    -0.102457519837115    -0.043365420660481
    -0.000000000000000    -0.043127913874270    -0.334089452645383
33 39
    -0.090690651165269    -0.020380814385632     0.037555555937786
    -0.020380814385621    -0.067156913821579     0.021682710330241
     0.037349869027335     0.021563956937135    -0.334089452645383
33 40
    -0.090690651165269     0.020380814385632    -0.037555555937786
     0.020380814385621    -0.067156913821579     0.021682710330241
    -0.037349869027335     0.021563956937135    -0.334089452645383
33 41
    -0.314853496281249    -1.017508077921979    -1.057146129588139
    -1.017508077921422     0.860063629100176    -0.610343602490316
    -1.153390587262353    -0.665910366036882    -1.653198657656095
33 42
    -0.314853496281249     1.017508077921979     1.057146129588139
     1.017508077921422     0.860063629100176    -0.610343602490316
     1.153390587262353    -0.665910366036882    -1.653198657656095
33 43
    -0.550123613869856    -0.000000000000000    -0.000000000000000
    -0.000000000000000    -0.550123613869856    -0.000000000000000
    -0.000000000000000     0.000000000000000    -0.852470617258885
33 44
     1.447522191790889    -0.000000000000000    -0.000000000000000
     0.000000000000000    -0.902312058971961     1.220687204980631
     0.000000000000000     1.331820732073765    -1.653198657656095
33 45
     0.018490840480605     0.041416647441357     0.130144792085299
     0.041416647441334    -0.029332984617781     0.075139130744055
     0.114446179116646     0.066075532320738     0.058357452196466
33 46
     0.018490840480605    -0.041416647441357    -0.130144792085299
    -0.041416647441334    -0.029332984617781     0.075139130744055
    -0.114446179116646     0.066075532320738     0.058357452196466
33 47
     0.252336736382630    -0.000000000000000     0.000000000000000
     0.000000000000000     0.252336736382630    -0.000000000000000
     0.000000000000000    -0.000000000000000     0.488715830927241
33 48
    -0.053244897166974    -0.000000000000000     0.000000000000000
    -0.000000000000000     0.042402753029797    -0.150278261488110
    -0.000000000000000    -0.132151064641475     0.058357452196466
41 1
    -0.050084667787582    -0.000000000000012     0.000000000000000
    -0.000000000000012    -0.050084667787541    -0.000000000000000
     0.000000000000000    -0.000000000000000    -0.677853459704117
41 2
    -0.094399286888165    -0.000000000000022     0.000000000000000
    -0.000000000000068    -0.286313397229021    -0.014605746451564
     0.000000000000017     0.071726284401139    -0.023199311495652
41 3
    -0.238334869644002    -0.083101247450048     0.012648947468292
    -0.083101247450048    -0.142377814473340     0.007302873225782
    -0.062116784410497    -0.035863142200584    -0.023199311495652
41 4
    -0.238334869643963     0.083101247449935    -0.012648947468292
     0.083101247449981    -0.142377814473301     0.007302873225782
     0.062116784410480    -0.035863142200555    -0.023199311495652
41 5
     0.043364604097280     0.000000000000010     0.000000000000000
     0.000000000000010     0.043364604097244    -0.000000000000000
    -0.000000000000000     0.000000000000000    -0.209584867026385
41 6
    -0.141939186018981    -0.000000000000034     0.000000000000000
    -0.000000000000041    -0.174880589096435    -0.038482567868744
    -0.000000000000034    -0.142631647149174    -0.143775938026973
41 7
    -0.166645238327182    -0.014264045950783     0.033326881377201
    -0.014264045950783    -0.150174536788260     0.019241283934372
     0.123522629814887     0.071315823574616    -0.143775938026973
41 8
    -0.166645238327175     0.014264045950704    -0.033326881377201
     0.014264045950712    -0.150174536788254     0.019241283934372
    -0.123522629814853     0.071315823574558    -0.143775938026973
41 9
    -1.926565098833462     0.413044610294820    -0.660929188182383
     0.413044610295046    -1.449622264949408     0.381587644712276
    -0.821783140303316     0.474456717269226    -2.037013520069003
41 10
    -1.926565098833658    -0.413044610295732     0.660929188182383
    -0.413044610295732    -1.449622264949604     0.381587644712275
     0.821783140303541     0.474456717269616    -2.037013520069003
41 11
    -1.211150848009263    -0.000000000000286     0.000000000000000
    -0.000000000000513    -2.165036515773215    -0.763175289424551
    -0.000000000000225    -0.948913434538842    -2.037013520069003
41 12
    -0.701305846719902    -0.000000000000166     0.000000000000000
    -0.000000000000166    -0.701305846719326     0.000000000000000
     0.000000000000000    -0.000000000000000    -0.245755101112618
41 13
    -0.005004075524154     0.016788582068973    -0.033471875854853
     0.016788582068982     0.014381709229514     0.019324996535076
    -0.080177530192262     0.046290518639424     0.060643166921957
41 14
    -0.005004075524162    -0.016788582068976     0.033471875854853
    -0.016788582068976     0.014381709229506     0.019324996535076
     0.080177530192284     0.046290518639462     0.060643166921957
41 15
     0.024074601606361     0.000000000000006     0.000000000000000
    -0.000000000000003    -0.014696967900986    -0.038649993070152
    -0.000000000000022    -0.092581037278885     0.060643166921957
41 16
     0.150026249480039     0.000000000000036    -0.000000000000000
     0.000000000000036     0.150026249479916     0.000000000000000
     0.000000000000000     0.000000000000000     0.224479541013616
41 17
    -0.069881128669140    -0.009681558441799     0.067693882957106
    -0.009681558441799    -0.058701827924009     0.039083081547766
     0.060288479231678     0.034807569713433    -0.022984041410473
41 18
    -0.069881128669135     0.009681558441766    -0.067693882957106
     0.009681558441772    -0.058701827924004     0.039083081547766
    -0.060288479231662     0.034807569713405    -0.022984041410473
41 19
     0.117552783087732     0.000000000000028    -0.000000000000000
     0.000000000000028     0.117552783087635     0.000000000000000
    -0.000000000000000     0.000000000000000     0.163744218336131
41 20
    -0.053112177551513    -0.000000000000013     0.000000000000000
    -0.000000000000018    -0.075470779041617    -0.078166163095532
    -0.000000000000016    -0.069615139426838    -0.022984041410473
41 21
    -0.702618929707134     0.379966582348509    -0.341545416352540
     0.379966582348509    -1.141366546910578    -0.197191338071568
    -0.067008309978530    -0.038687265804035    -1.408088466840463
41 22
    -0.702618929707314    -0.379966582348842     0.341545416352540
    -0.379966582349050    -1.141366546910758    -0.197191338071568
     0.067008309978511    -0.038687265804004    -1.408088466840463
41 23
    -0.411234794084452    -0.000000000000097     0.000000000000000
    -0.000000000000097    -0.411234794084115    -0.000000000000000
     0.000000000000000    -0.000000000000000    -0.437100148221128
41 24
    -1.360740355513794    -0.000000000000322    -0.000000000000000
    -0.000000000000114    -0.483245121104638     0.394382676143136
     0.000000000000018     0.077374531608039    -1.408088466840463
41 25
     0.142640202109775    -0.068912782470429    -0.143126101324284
    -0.068912782470467     0.063066575089824     0.082633893127614
    -0.142506738514881     0.082276303842835     0.485679190787564
41 26
     0.142640202109807     0.068912782470496     0.143126101324284
     0.068912782470496     0.063066575089857     0.082633893127614
     0.142506738514920     0.082276303842902     0.485679190787564
41 27
     0.023279761579943     0.000000000000005    -0.000000000000000
     0.000000000000043     0.182427015619591    -0.165267786255228
    -0.000000000000039    -0.164552607685737     0.485679190787564
41 28
     0.506913935379061     0.000000000000120    -0.000000000000000
     0.000000000000120     0.506913935378645     0.000000000000000
    -0.000000000000000     0.000000000000000     0.591757665068820
41 29
    -0.144239254223460     0.996469665175514     0.985478471038010
     0.996469665176061     1.006384804633143    -0.568966260534221
     0.985083963207187    -0.568738491331586    -1.354153410959086
41 30
    -0.144239254223932    -0.996469665175583    -0.985478471038010
    -0.996469665175583     1.006384804632671    -0.568966260534220
    -0.985083963207457    -0.568738491332053    -1.354153410959086
41 31
     1.581696834062447     0.000000000000375    -0.000000000000000
    -0.000000000000171    -0.719551283651820     1.137932521068441
     0.000000000000270     1.137476982663639    -1.354153410959086
41 32
    -0.664482545998009    -0.000000000000157     0.000000000000000
    -0.000000000000157    -0.664482545997464     0.000000000000000
     0.000000000000000    -0.000000000000000     0.314214768025434
41 33
    -0.314789935768510    -1.017718312812297    -1.153765417724110
    -1.017718312812297     0.860369947954123    -0.666126774504514
    -1.056671633017325    -0.610069651767427    -1.652785756673318
41 34
    -0.314789935768029     1.017718312812147     1.153765417724110
     1.017718312812705     0.860369947954605    -0.666126774504514
     1.056671633017036    -0.610069651766926    -1.652785756673318
41 35
    -0.550524831465779    -0.000000000000130     0.000000000000000
    -0.000000000000130    -0.550524831465327    -0.000000000000000
     0.000000000000000    -0.000000000000000    -0.852128273026434
41 36
     1.447949889816739     0.000000000000343    -0.000000000000000
    -0.000000000000214    -0.902369877629199     1.332253549009028
     0.000000000000289     1.220139303534353    -1.652785756673318
41 37
     0.018480958593304     0.041284856714950     0.114407263620431
     0.041284856714950    -0.029190687682356     0.066053064448486
     0.129942537305575     0.075022358892536     0.058732734911849
41 38
     0.018480958593285    -0.041284856714942    -0.114407263620431
    -0.041284856714964    -0.029190687682376     0.066053064448486
    -0.129942537305540     0.075022358892475     0.058732734911849
41 39
     0.251825614297126     0.000000000000060    -0.000000000000000
     0.000000000000060     0.251825614296920     0.000000000000000
    -0.000000000000000     0.000000000000000     0.489226647400266
41 40
    -0.053026510820232    -0.000000000000013     0.000000000000000
     0.000000000000010     0.042316781731102    -0.132106128896972
    -0.000000000000036    -0.150044717785011     0.058732734911849
41 41
    15.414242421577361     0.000000000003650    -0.000000000000000
     0.000000000003650    15.414242421564710     0.000000000000001
    -0.000000000000000     0.000000000000000    15.364414552113091
41 42
    -5.530106040098912    -0.000000000001311     0.000000000000000
     0.000000000000210     0.883091735330010    -1.134166600784724
    -0.000000000000269    -1.134823377368565     1.604228313112085
41 43
    -0.720207708526019     2.776996096506272     0.982217088403683
     2.776996096506272    -3.926806596237620     0.567083300392362
     0.982785873610304     0.567411688684515     1.604228313112085
41 44
    -0.720207708527334    -2.776996096506612    -0.982217088403684
    -2.776996096508134    -3.926806596238935     0.567083300392362
    -0.982785873610035     0.567411688684049     1.604228313112085
41 45
    -0.015795791086032    -0.000000000000004     0.000000000000000
    -0.000000000000004    -0.015795791086019    -0.000000000000000
     0.000000000000000    -0.000000000000000    -0.143808876509906
41 46
    -0.127785569237752    -0.000000000000030     0.000000000000000
    -0.000000000000044    -0.184677750795667    -0.069905755327453
    -0.000000000000016    -0.069421523285513    -0.427818335719032
41 47
    -0.170454705406308    -0.024635037253028     0.060540159984330
    -0.024635037253028    -0.142008614627158     0.034952877663726
     0.060120802734709     0.034710761642771    -0.427818335719032
41 48
    -0.170454705406296     0.024635037252947    -0.060540159984330
     0.024635037252961    -0.142008614627146     0.034952877663727
    -0.060120802734692     0.034710761642742    -0.427818335719032