48   
6    

1    
  0.0037760058787286   0.0000000000000000   0.0092596857184144
  -0.0623976700   -0.0000125600   -0.1546019400
   0.0076167400    0.0025430900   -0.0079030400
  -0.0014585300   -0.0052389000   -0.0088025300
   0.0029471200    0.0026965900   -0.0070117300
  -0.0001797700    0.0000002400   -0.0037788400
   0.0002121500    0.0006809900   -0.0027066600
  -0.0003504500   -0.0003263100   -0.0029408200
   0.0008290400   -0.0003576000   -0.0024713300
  -0.0037307100    0.0011128700    0.0072352600
   0.0040817600    0.0034024100    0.0104763700
  -0.0018071800   -0.0045097200    0.0088561600
   0.0032844700   -0.0000056700    0.0154386300
   0.0008694600   -0.0004704900    0.0039971200
  -0.0006309500   -0.0003957000    0.0033833000
   0.0000543800    0.0008652000    0.0036910600
  -0.0005234000    0.0000039900    0.0039151300
   0.0048154200    0.0034115800    0.0067490700
  -0.0036134600    0.0014521000    0.0042180200
   0.0045320400    0.0000113100    0.0092800800
  -0.0010959600   -0.0048692600    0.0054906700
  -0.0003645000   -0.0001607500   -0.0007066900
   0.0004913500   -0.0003346500   -0.0003120300
  -0.0005742700    0.0000011100    0.0001797600
  -0.0000872400    0.0004959300   -0.0005106000
   0.0127325300   -0.0046843400    0.0432407700
   0.0012883500   -0.0019093600    0.0374650900
   0.0046075200    0.0066774500    0.0404169400
   0.0026306300   -0.0000030100    0.0240394900
   0.0003103800   -0.0002322900    0.0215070600
  -0.0002732100   -0.0001027200    0.0209233700
  -0.0000936400    0.0003385300    0.0212143900
  -0.0005661200    0.0000026600    0.0197233700
   0.0033465100   -0.0007983500    0.0124360400
   0.0120478300   -0.0042272900    0.0163305000
   0.0025840500    0.0000024600    0.0017242600
   0.0047278200    0.0049569500    0.0143323800
  -0.0000839400   -0.0000328300   -0.0006419200
   0.0002248800   -0.0001496700   -0.0000915900
  -0.0003519600    0.0000021300   -0.0020758700
  -0.0000307700    0.0001795300   -0.0003676600
   0.0001901100   -0.0000023900   -0.0154635400
   0.0003306300    0.0001480600   -0.0215840100
   0.0007780400    0.0002540100   -0.0213285400
   0.0010344000   -0.0004107000   -0.0218307000
  -0.0001616000   -0.0000021500   -0.0198192300
   0.0005479800    0.0003303700   -0.0204348200
   0.0003400200   -0.0001191800   -0.0209139700
   0.0009197000   -0.0002136600   -0.0199662200

1    
 -0.0037760058787286   0.0000000000000000  -0.0092596857184144
   0.0625562900   -0.0000268100    0.1469727600
  -0.0076345300   -0.0025572400    0.0001841300
   0.0014686000    0.0052583500    0.0010858200
  -0.0029549900   -0.0026987500   -0.0007286800
   0.0001792900    0.0000006700   -0.0039585300
  -0.0002101400   -0.0006793800   -0.0050410200
   0.0003483600    0.0003198300   -0.0047949800
  -0.0008312900    0.0003559300   -0.0052849100
   0.0037105600   -0.0011220600    0.0005017000
  -0.0040035400   -0.0033288100   -0.0025906200
   0.0017645300    0.0044548200   -0.0010449700
  -0.0031683000   -0.0000042500   -0.0076692100
  -0.0008529100    0.0004656900    0.0037301900
   0.0006049000    0.0003785700    0.0043228100
  -0.0000486400   -0.0008438400    0.0040285100
   0.0005213200    0.0000024600    0.0038688100
  -0.0049435600   -0.0035164500   -0.0069798300
   0.0036563000   -0.0014552500   -0.0042606500
  -0.0046990200    0.0000137800   -0.0092676900
   0.0011415700    0.0049636700   -0.0056137300
   0.0003761200    0.0001726200    0.0007252700
  -0.0004914000    0.0003282700    0.0002918500
   0.0005791700    0.0000000500   -0.0001763600
   0.0000772100   -0.0004994100    0.0005077800
  -0.0140522100    0.0054994400   -0.0006838500
  -0.0010103800    0.0020463700    0.0059576600
  -0.0045411300   -0.0074553300    0.0027059900
  -0.0026623200   -0.0000028000    0.0194975300
  -0.0003362200    0.0002470200    0.0220294600
   0.0002982800    0.0001215200    0.0226572600
   0.0000897300   -0.0003642100    0.0223404800
   0.0005711200    0.0000022500    0.0238808700
  -0.0036063800    0.0006657900   -0.0122845100
  -0.0108145800    0.0034948800   -0.0153773700
  -0.0025671700    0.0000031100   -0.0017541100
  -0.0047605100   -0.0042241500   -0.0138786400
   0.0001076000    0.0000400000    0.0006261600
  -0.0002570700    0.0001649300    0.0000694700
   0.0003506000    0.0000026300    0.0020949900
   0.0000334600   -0.0002082400    0.0003464500
  -0.0001914800   -0.0000022400   -0.0280234200
  -0.0003814500   -0.0001196100   -0.0220066100
  -0.0007921300   -0.0002414700   -0.0222221500
  -0.0009991700    0.0003523000   -0.0217833300
   0.0001629700   -0.0000029500   -0.0237023100
  -0.0005241100   -0.0003799500   -0.0230942400
  -0.0003068400    0.0001271600   -0.0226443400
  -0.0009565000    0.0002510900   -0.0235599200

17   
  0.0037760058787286   0.0000000000000000   0.0092596857184144
   0.0039076500    0.0029178100    0.0035113800
  -0.0026103100    0.0008539400   -0.0000595800
   0.0046922700   -0.0000078200    0.0054525600
  -0.0011387000   -0.0037644800    0.0017217100
  -0.0004628400   -0.0002240400   -0.0045447600
   0.0005807600   -0.0003775300   -0.0041970500
  -0.0005704300    0.0000004000   -0.0037086600
  -0.0000739600    0.0006020500   -0.0043699900
  -0.0000878100    0.0005748200    0.0033560900
  -0.0005870200   -0.0000005800    0.0040676700
   0.0005590700   -0.0003738600    0.0035356900
  -0.0004357300   -0.0002012300    0.0031777300
  -0.0011005100   -0.0036669800    0.0093825700
   0.0045403600    0.0000078700    0.0130979000
  -0.0025814800    0.0008506400    0.0076900300
   0.0037729200    0.0028092900    0.0110681400
  -0.0472957900    0.0000057500   -0.1315412400
   0.0078934700    0.0025936200   -0.0051409500
  -0.0008113000   -0.0050259000   -0.0060559700
   0.0036809300    0.0024319300   -0.0042254100
  -0.0005394900    0.0000000200   -0.0004119400
   0.0001453300    0.0004967600    0.0014162300
  -0.0002265000   -0.0002147000    0.0012395800
   0.0006340200   -0.0002821300    0.0015923800
   0.0051407500   -0.0033554100    0.0350416400
   0.0015461000    0.0000020400    0.0258536500
  -0.0000333900    0.0029854200    0.0349683900
   0.0056745500    0.0003064700    0.0351947100
   0.0001833200    0.0007271500    0.0220089500
  -0.0004491900   -0.0000009100    0.0202793500
   0.0008789700   -0.0004032300    0.0222319400
  -0.0003799200   -0.0003267400    0.0217834500
   0.0000839300    0.0000009300    0.0043874200
   0.0002096700    0.0003733300    0.0001073600
   0.0004168400    0.0001182600    0.0001592000
   0.0010660800   -0.0004957800    0.0000608400
   0.0000968700   -0.0000009700    0.0042757500
   0.0002192500    0.0003971300    0.0001310800
   0.0003896800    0.0000997000    0.0001697900
   0.0010752300   -0.0004928600    0.0000876400
  -0.0003280900   -0.0003115700   -0.0218110500
   0.0008882400   -0.0003871300   -0.0213465500
  -0.0004372300    0.0000008200   -0.0232921400
   0.0002146800    0.0007016000   -0.0215793900
   0.0059499400    0.0004719000   -0.0086179200
  -0.0009872300    0.0035345400   -0.0094021500
   0.0015622700   -0.0000017900   -0.0177721400
   0.0051338000   -0.0039485700   -0.0089739100

25   
  0.0037760058787286   0.0000000000000000   0.0092596857184144
   0.0156129000   -0.0063761600    0.0179814400
  -0.0003695200   -0.0028458600    0.0124411000
   0.0045644900    0.0091232700    0.0151432800
   0.0026886100    0.0000090700   -0.0016185500
   0.0007645200   -0.0005010900   -0.0043587700
  -0.0007687000   -0.0003772200   -0.0046429100
  -0.0001092700    0.0008830600   -0.0044944600
  -0.0005785900   -0.0000056900   -0.0060907500
   0.0002047700    0.0000009600    0.0102092400
   0.0003646900   -0.0006859100    0.0041391700
   0.0014961700    0.0006548500    0.0040763200
   0.0003078400    0.0000343900    0.0041943400
  -0.0001650400    0.0000012700    0.0058004200
   0.0005233700    0.0013253300    0.0052324500
  -0.0005203500   -0.0006029100    0.0051012200
   0.0017688600   -0.0007194400    0.0053607500
   0.0051067800   -0.0009269900    0.0128855100
   0.0015368400   -0.0000046900    0.0041496500
   0.0015612300    0.0020376400    0.0113638000
   0.0033036100   -0.0010502700    0.0143360000
   0.0002192600    0.0006924600    0.0002679900
  -0.0004581500   -0.0000015600   -0.0015958200
   0.0008569100   -0.0003685200    0.0005520200
  -0.0003360900   -0.0003213000   -0.0000248300
  -0.0584694000    0.0000366900   -0.1209879700
   0.0208219800    0.0103931800    0.0070391300
  -0.0062942900   -0.0156522500    0.0033726600
   0.0117091000    0.0052643700    0.0107073600
   0.0000466200   -0.0000026300    0.0231116400
   0.0005305600    0.0007423000    0.0259361300
   0.0000174400   -0.0002938900    0.0256622000
   0.0013045800   -0.0004446300    0.0261989600
  -0.0055148300   -0.0114730300    0.0154996200
   0.0021618500   -0.0000117400    0.0080516000
  -0.0086962600    0.0018401700    0.0110125100
   0.0111750600    0.0096392200    0.0199929600
   0.0002212400    0.0014140300   -0.0004602000
  -0.0009281700   -0.0000009200   -0.0044847800
   0.0011743700   -0.0005504000   -0.0000266400
  -0.0012731800   -0.0008629100   -0.0008947900
   0.0008046700   -0.0005047000   -0.0258548100
  -0.0019153300   -0.0010683900   -0.0269915100
  -0.0000671200    0.0015714000   -0.0264197100
  -0.0019479400   -0.0000018000   -0.0274958600
  -0.0085659700    0.0015186300   -0.0131666700
   0.0095615600    0.0089305000   -0.0059006400
  -0.0059211700   -0.0104623800   -0.0095309100
   0.0024895000    0.0000045200   -0.0247789000

25   
 -0.0037760058787286   0.0000000000000000  -0.0092596857184144
  -0.0141564300    0.0055308400   -0.0247362900
   0.0003009800    0.0028224100   -0.0202939400
  -0.0045821900   -0.0084472700   -0.0225765800
  -0.0026076600    0.0000087000   -0.0061697800
  -0.0007602800    0.0004798800   -0.0034870000
   0.0006805500    0.0003501200   -0.0032655800
   0.0000725100   -0.0008308100   -0.0033743400
   0.0005544100   -0.0000031400   -0.0019335300
  -0.0001734700    0.0000017700   -0.0023441800
  -0.0003482300    0.0006426400    0.0037093100
  -0.0014545000   -0.0006359800    0.0037423200
  -0.0003412900   -0.0000012500    0.0036692900
   0.0001624500    0.0000021600    0.0019190400
  -0.0005486000   -0.0013148400    0.0025691600
   0.0005093400    0.0006102700    0.0026905900
  -0.0017778000    0.0007092600    0.0024467500
  -0.0051695900    0.0005085500   -0.0131880800
  -0.0015688100   -0.0000050700   -0.0039451700
  -0.0025047300   -0.0015469800   -0.0121354200
  -0.0032427600    0.0011040600   -0.0143219300
  -0.0001817800   -0.0005969200   -0.0001588300
   0.0004296100   -0.0000014100    0.0014366200
  -0.0007875100    0.0003487600   -0.0003842700
   0.0002527800    0.0002498600    0.0000613300
   0.0579391400    0.0000266900    0.1635513300
  -0.0209416100   -0.0106219300    0.0367484000
   0.0064668600    0.0158295800    0.0404996900
  -0.0119299200   -0.0051973300    0.0329989600
  -0.0000726700    0.0000003000    0.0204483900
  -0.0004345600   -0.0005407800    0.0180095900
  -0.0001552700    0.0001634300    0.0181982800
  -0.0010971800    0.0003849200    0.0178206400
   0.0054201400    0.0111221800   -0.0151079000
  -0.0019957200   -0.0000116200   -0.0077292800
   0.0084959600   -0.0017720400   -0.0108833100
  -0.0107717900   -0.0093445700   -0.0193293600
  -0.0001792500   -0.0013642600    0.0006266300
   0.0009736200   -0.0000008300    0.0045753900
  -0.0010928200    0.0005271000    0.0001974800
   0.0012731800    0.0008381000    0.0010573400
  -0.0007564400    0.0004979300   -0.0179417100
   0.0018002500    0.0009750500   -0.0169166300
   0.0001086600   -0.0014780500   -0.0174242700
   0.0018802800   -0.0000045300   -0.0165368800
   0.0085882200   -0.0014900000   -0.0308030700
  -0.0097712700   -0.0091287500   -0.0384217300
   0.0060238700    0.0106010700   -0.0346076300
  -0.0025286800    0.0000027600   -0.0189598400

33   
  0.0037760058787286   0.0000000000000000   0.0092596857184144
   0.0032157000   -0.0008853000    0.0085741700
   0.0111651000   -0.0037194500    0.0113433700
   0.0025494100   -0.0000096900   -0.0020991700
   0.0047359800    0.0046674500    0.0100087500
  -0.0006062300   -0.0003351600   -0.0042736400
   0.0007489300   -0.0004484600   -0.0041383100
  -0.0003508300   -0.0000008800   -0.0059336700
  -0.0000267400    0.0007809100   -0.0042058200
   0.0047491500    0.0052198200    0.0181986800
   0.0026037600    0.0000095200    0.0055703700
   0.0123118500   -0.0043594100    0.0201135200
   0.0031283300   -0.0009287900    0.0163916300
  -0.0000358900    0.0007868700    0.0034904400
  -0.0003523700    0.0000011400    0.0017647300
   0.0007531300   -0.0004550200    0.0035606800
  -0.0006072200   -0.0003292400    0.0034210900
   0.0000856300   -0.0000000500    0.0042520300
   0.0002074100   -0.0001085700    0.0001242700
   0.0008354500    0.0003602000   -0.0000087800
   0.0006410900   -0.0002526300    0.0002600200
   0.0000963300    0.0000000700    0.0044075500
   0.0002218300   -0.0001470400    0.0001139200
   0.0008605400    0.0003711700   -0.0000251200
   0.0006122000   -0.0002230800    0.0002505900
  -0.0054268500   -0.0121913900    0.0368890800
   0.0020023800    0.0000151600    0.0295759900
  -0.0094262800    0.0023073100    0.0330091200
   0.0116944200    0.0098830900    0.0407540400
   0.0002048900    0.0012220200    0.0211941400
  -0.0009666300    0.0000025000    0.0172189700
   0.0009806100   -0.0004464800    0.0216919200
  -0.0011337700   -0.0007714200    0.0206961200
  -0.0679939000    0.0000050500   -0.1691135300
   0.0174368800    0.0076228400   -0.0090345600
  -0.0037345000   -0.0122231700   -0.0117255100
   0.0094680600    0.0046005300   -0.0063423500
   0.0001912900   -0.0000001900    0.0004310700
   0.0002091900    0.0003991400    0.0030936900
  -0.0000036700   -0.0001224600    0.0029516900
   0.0006885300   -0.0002764400    0.0032353100
   0.0120442500    0.0101327700   -0.0021535200
  -0.0095567800    0.0023401800   -0.0103757600
   0.0021521600   -0.0000143100   -0.0137887700
  -0.0055049100   -0.0124722800   -0.0062743600
  -0.0011259800   -0.0007644000   -0.0227600100
   0.0009997800   -0.0004639100   -0.0217901000
  -0.0009390200   -0.0000034000   -0.0262696800
   0.0001972900    0.0012248700   -0.0222743000
