48   
3    

1    
  0.0034719752318195   0.0000000000000000   0.0093779202379649
  -0.1143777700    0.0001891500   -0.3345467600
   0.0208696000    0.0000569100   -0.0242128200
   0.0037377500   -0.0098903800   -0.0243050800
   0.0039020400    0.0097963400   -0.0241212600
  -0.0000970900   -0.0000020000    0.0004623300
   0.0000824600   -0.0000031100    0.0001964300
  -0.0000043900   -0.0000481200    0.0001971100
  -0.0000056100    0.0000526200    0.0001961300
   0.0017446900   -0.0011506200   -0.0003888300
  -0.0020389000   -0.0010397800   -0.0017968700
  -0.0002432400    0.0021832700   -0.0010960700
   0.0003838200    0.0000044100    0.0040499500
  -0.0020399700    0.0010357600   -0.0018159300
   0.0017679900    0.0011562500   -0.0004121700
  -0.0002404700   -0.0021994300   -0.0011109200
   0.0003856300    0.0000046300    0.0038590300
   0.0216565000    0.0071663400    0.0488278600
   0.0118135400   -0.0014941600    0.0344124500
  -0.0016302900    0.0000144300    0.0052356000
   0.0092349500   -0.0057593800    0.0417109800
   0.0002128300    0.0000931400   -0.0016211500
  -0.0002127000    0.0001593700   -0.0017114800
  -0.0000787100   -0.0000034400   -0.0014970500
   0.0000574300   -0.0002495200   -0.0016671300
   0.0116199400    0.0012809400    0.0380562800
   0.0238151200   -0.0083355100    0.0542917900
  -0.0015163700    0.0000143900    0.0083046900
   0.0093895500    0.0069568000    0.0460762300
  -0.0002107700   -0.0001502900    0.0013796900
   0.0002093600   -0.0000854600    0.0014712700
  -0.0000759400   -0.0000030300    0.0016079400
   0.0000553200    0.0002397200    0.0014260500
  -0.0129706500   -0.0076023700    0.0165593400
   0.0135728700   -0.0077183800    0.0253216100
   0.0002208600    0.0000004100   -0.0028797400
   0.0002006500    0.0153237100    0.0209272600
   0.0000219000    0.0000377300   -0.0018792500
  -0.0000978300    0.0000315400   -0.0021348800
   0.0000391500    0.0000007300   -0.0017467500
  -0.0000434100   -0.0000689100   -0.0020047300
  -0.0001162600   -0.0000527400    0.0009497300
   0.0000392300   -0.0000360700    0.0011947100
   0.0000302100    0.0000006500    0.0013531200
  -0.0000241700    0.0000892000    0.0010698500
   0.0133764800    0.0076005000    0.0281290600
  -0.0128544200    0.0075472100    0.0195988000
   0.0002241900    0.0000011700    0.0002070800
   0.0002148900   -0.0151446000    0.0238765400

17   
  0.0034719752318195   0.0000000000000000   0.0093779202379649
   0.0392448700    0.0172409400    0.0472392100
  -0.0036065300    0.0074969000    0.0421536400
  -0.0015981300    0.0000006000    0.0067477800
   0.0093812300   -0.0246181600    0.0446199500
   0.0001119500    0.0000344300   -0.0000469300
  -0.0001121300    0.0000962900   -0.0002031100
  -0.0000742400   -0.0000008700    0.0000535400
   0.0000532800   -0.0001297000   -0.0001248300
  -0.0000319700    0.0003840400   -0.0004643600
   0.0000349800   -0.0000008100   -0.0001921200
   0.0002934500   -0.0001878300   -0.0004384500
  -0.0003709700   -0.0001960600   -0.0004882200
   0.0002350800   -0.0133486800    0.0220646800
   0.0002260800    0.0000004800   -0.0013082200
  -0.0113188200    0.0066668500    0.0172390100
   0.0117984300    0.0066720400    0.0268876300
  -0.0670035800   -0.0001480500   -0.4074138600
   0.0075763100    0.0010443800   -0.0119224900
   0.0002368400   -0.0042368500   -0.0122493700
   0.0020467200    0.0031934400   -0.0115970400
   0.0000069400   -0.0000055100   -0.0015048700
   0.0000122500   -0.0000056500   -0.0014453700
   0.0000078700    0.0000033100   -0.0014414900
   0.0000088800    0.0000078300   -0.0014406100
  -0.0019633100    0.0000000200    0.0320976600
   0.0012028200   -0.0008129900   -0.0016697700
  -0.0003834600   -0.0009116500   -0.0019493400
  -0.0017968200    0.0017364500   -0.0014009500
  -0.0001690800   -0.0000047800    0.0011816200
   0.0001785200   -0.0000974200    0.0010300300
   0.0001139100   -0.0000321300    0.0009954100
  -0.0000456400    0.0001347800    0.0010590100
   0.0001983700    0.0000018100    0.0001419100
  -0.0000390300    0.0008041300   -0.0008020900
  -0.0007817600   -0.0004319800   -0.0007495600
   0.0006044400   -0.0003750700   -0.0008426700
   0.0001887700    0.0000011200    0.0000335700
  -0.0000318600    0.0001297800   -0.0007959500
  -0.0001995000   -0.0000976200   -0.0005404100
   0.0000251000   -0.0000336400   -0.0010507700
   0.0000633400    0.0000029300    0.0018989300
  -0.0000822900    0.0000583600    0.0016469700
  -0.0000022200    0.0000436500    0.0016268300
   0.0000932300   -0.0001044400    0.0016645900
   0.0173112300    0.0000321100    0.2001584000
  -0.0012830300   -0.0006838400    0.0038503000
   0.0004164100    0.0009752700    0.0040553000
  -0.0007769300   -0.0002981700    0.0036368900

17   
 -0.0034719752318195   0.0000000000000000  -0.0093779202379649
  -0.0365948600   -0.0157882900   -0.0446443600
   0.0033279600   -0.0072529000   -0.0415646700
   0.0015442500   -0.0000053100   -0.0068008300
  -0.0092408300    0.0231574100   -0.0431727400
  -0.0001198500   -0.0000345800    0.0000504100
   0.0001197000   -0.0000966300    0.0002039000
   0.0000758500   -0.0000034400   -0.0000501900
  -0.0000540300    0.0001348200    0.0001274000
   0.0000345600   -0.0003948000    0.0004700400
  -0.0000328200   -0.0000032200    0.0001990600
  -0.0003026600    0.0001971000    0.0004404600
   0.0003780200    0.0002002200    0.0004963700
  -0.0001867600    0.0136309100   -0.0227421500
  -0.0002121700    0.0000042700    0.0013679800
   0.0114784300   -0.0067429000   -0.0177946400
  -0.0121264200   -0.0069014600   -0.0276874000
   0.0639548100   -0.0001435500    0.4197995200
  -0.0076798200   -0.0010829800    0.0087003200
  -0.0002544700    0.0042934300    0.0090309100
  -0.0021198000   -0.0032044000    0.0083471000
  -0.0000183700    0.0000125100   -0.0016134500
  -0.0000007800    0.0000069400   -0.0016797600
  -0.0000036700   -0.0000143100   -0.0016732300
  -0.0000130000   -0.0000053500   -0.0016879800
   0.0019118000   -0.0000033400   -0.0283171600
  -0.0011792900    0.0008622700    0.0048734800
   0.0002993900    0.0008622600    0.0051456300
   0.0017956700   -0.0017110400    0.0045967300
   0.0001594600    0.0000093600    0.0019227800
  -0.0001685300    0.0001182600    0.0021231000
  -0.0001277700    0.0000145100    0.0021642600
   0.0000598800   -0.0001407200    0.0021104100
  -0.0001802300    0.0000132100   -0.0030866700
   0.0000209400   -0.0007923900   -0.0023797800
   0.0007790300    0.0004232400   -0.0024067900
  -0.0006189200    0.0003550300   -0.0023359000
  -0.0002039200   -0.0000089100   -0.0032019200
   0.0000438700   -0.0001320100   -0.0023600800
   0.0001884400    0.0000922300   -0.0026291400
  -0.0000241300    0.0000490800   -0.0021265400
  -0.0000402200    0.0000089000    0.0012316200
   0.0000589500   -0.0000454700    0.0014872300
   0.0000022800   -0.0000411000    0.0014819400
  -0.0000931500    0.0000770100    0.0014776800
  -0.0161983500    0.0000265700   -0.2156523600
   0.0012180900    0.0007190800   -0.0007553400
  -0.0004503300   -0.0009643800   -0.0009752900
   0.0007937300    0.0002448700   -0.0005099600
