   6   48
1 1
    32.943141112230791    -0.000000000000009    -0.000000000000004
    -0.000000000000002    32.943141112230791     0.000000000000004
     0.000000000000000    -0.000000000000000    35.673875604704435
1 2
    -6.010823854521643    -0.000000000000000    -0.000000000000000
    -0.000000000000001     0.536631577510581     0.000000000000000
    -0.000000000000000    -0.000000000000000     2.581921440887389
1 3
    -1.100232280497476     2.835131367143876    -0.000000000000000
     2.835131367142449    -4.373959996513586     0.000000000000000
    -0.000000000000000     0.000000000000000     2.581921440887389
1 4
    -1.100232280497473    -2.835131367143874    -0.000000000000000
    -2.835131367142448    -4.373959996513587     0.000000000000000
     0.000000000000000    -0.000000000000000     2.581921440887389
1 5
     0.027963909163350    -0.000000000000000     0.000000000000000
    -0.000000000000000     0.027963909163350    -0.000000000000000
     0.000000000000000    -0.000000000000000    -0.049299843490707
1 6
    -0.023729374268193    -0.000000000000000     0.000000000000000
    -0.000000000000000     0.009816064569451    -0.000000000000000
     0.000000000000000    -0.000000000000000    -0.020959515721934
1 7
     0.001429704860040     0.014525601107252     0.000000000000000
     0.014525601107245    -0.015343014558782    -0.000000000000000
    -0.000000000000000     0.000000000000000    -0.020959515721934
1 8
     0.001429704860040    -0.014525601107252     0.000000000000000
    -0.014525601107245    -0.015343014558782    -0.000000000000000
    -0.000000000000000    -0.000000000000000    -0.020959515721934
1 9
     0.040775236714758     0.016668474628792    -0.202464001919627
     0.016668474628783     0.060022333342580     0.116892646009476
    -0.202369518740528     0.116838096120648     0.117666281222228
1 10
     0.040775236714758    -0.016668474628792     0.202464001919627
    -0.016668474628783     0.060022333342580     0.116892646009476
     0.202369518740528     0.116838096120649     0.117666281222228
1 11
     0.069645881656491    -0.000000000000000     0.000000000000000
     0.000000000000000     0.031151688400847    -0.233785292018952
     0.000000000000000    -0.233676192241297     0.117666281222228
1 12
    -0.110808682180139     0.000000000000000     0.000000000000000
     0.000000000000000    -0.110808682180139    -0.000000000000000
    -0.000000000000000    -0.000000000000000    -0.421680916413740
1 13
     0.040775236714758     0.016668474628792     0.202464001919627
     0.016668474628783     0.060022333342580    -0.116892646009476
     0.202369518740528    -0.116838096120649     0.117666281222228
1 14
     0.040775236714758    -0.016668474628792    -0.202464001919627
    -0.016668474628783     0.060022333342580    -0.116892646009476
    -0.202369518740528    -0.116838096120649     0.117666281222228
1 15
     0.069645881656491    -0.000000000000000    -0.000000000000000
     0.000000000000000     0.031151688400847     0.233785292018952
    -0.000000000000000     0.233676192241297     0.117666281222228
1 16
    -0.110808682180139     0.000000000000000     0.000000000000000
     0.000000000000000    -0.110808682180139    -0.000000000000000
    -0.000000000000000    -0.000000000000000    -0.421680916413740
1 17
    -4.961526201502787    -1.316023495843829    -2.207023232704433
    -1.316023495843167    -3.441913162332557    -1.274225457509344
    -0.587407859528971    -0.339140085823238    -4.680774687010190
1 18
    -4.961526201502789     1.316023495843831     2.207023232704436
     1.316023495843167    -3.441913162332556    -1.274225457509343
     0.587407859528971    -0.339140085823238    -4.680774687010190
1 19
     0.453151274116518    -0.000000000000000     0.000000000000000
    -0.000000000000000     0.453151274116518    -0.000000000000000
     0.000000000000000    -0.000000000000000    -0.721923926436507
1 20
    -2.682106642747440     0.000000000000001    -0.000000000000000
     0.000000000000001    -5.721332721087904     2.548450915018686
    -0.000000000000000     0.678280171646477    -4.680774687010190
1 21
     0.000094837692191     0.009432364740314    -0.013098451735258
     0.009432364740309    -0.010796718951636    -0.007562394635317
    -0.022559409374416    -0.013024681075081     0.012844887808459
1 22
     0.000094837692191    -0.009432364740314     0.013098451735258
    -0.009432364740309    -0.010796718951636    -0.007562394635317
     0.022559409374416    -0.013024681075081     0.012844887808459
1 23
     0.022271184221403    -0.000000000000000    -0.000000000000000
    -0.000000000000000     0.022271184221403     0.000000000000000
     0.000000000000000    -0.000000000000000    -0.005912291701473
1 24
    -0.016242497273550    -0.000000000000000    -0.000000000000000
    -0.000000000000000     0.005540616014105     0.015124789270634
    -0.000000000000000     0.026049362150163     0.012844887808459
1 25
    -4.961526201502787    -1.316023495843829     2.207023232704434
    -1.316023495843167    -3.441913162332557     1.274225457509343
     0.587407859528970     0.339140085823238    -4.680774687010189
1 26
    -4.961526201502789     1.316023495843831    -2.207023232704434
     1.316023495843167    -3.441913162332556     1.274225457509342
    -0.587407859528971     0.339140085823238    -4.680774687010190
1 27
     0.453151274116518    -0.000000000000000     0.000000000000000
    -0.000000000000000     0.453151274116518    -0.000000000000000
     0.000000000000000    -0.000000000000000    -0.721923926436507
1 28
    -2.682106642747440     0.000000000000001     0.000000000000002
     0.000000000000001    -5.721332721087904    -2.548450915018686
     0.000000000000000    -0.678280171646477    -4.680774687010189
1 29
     0.000094837692191     0.009432364740314     0.013098451735258
     0.009432364740309    -0.010796718951636     0.007562394635317
     0.022559409374416     0.013024681075081     0.012844887808459
1 30
     0.000094837692191    -0.009432364740314    -0.013098451735258
    -0.009432364740309    -0.010796718951636     0.007562394635317
    -0.022559409374416     0.013024681075081     0.012844887808459
1 31
     0.022271184221403    -0.000000000000000     0.000000000000000
    -0.000000000000000     0.022271184221403    -0.000000000000000
    -0.000000000000000    -0.000000000000000    -0.005912291701473
1 32
    -0.016242497273550    -0.000000000000000     0.000000000000000
    -0.000000000000000     0.005540616014105    -0.015124789270634
     0.000000000000000    -0.026049362150163     0.012844887808459
1 33
    -0.080954352965750    -0.012189714655201     1.245150731600827
    -0.012189714655195    -0.066878882890703     0.718888110071216
     1.406857342366760     0.812249465327055    -2.388813414724472
1 34
    -0.080954352965749     0.012189714655201    -1.245150731600827
     0.012189714655194    -0.066878882890703     0.718888110071215
    -1.406857342366760     0.812249465327055    -2.388813414724472
1 35
    -0.064091759054221     0.000000000000000    -0.000000000000000
     0.000000000000000    -0.064091759054221    -0.000000000000000
    -0.000000000000000     0.000000000000000     0.142497479834612
1 36
    -0.059841147853180     0.000000000000000     0.000000000000001
     0.000000000000000    -0.087992088003273    -1.437776220142432
     0.000000000000000    -1.624498930654110    -2.388813414724472
1 37
     0.011018126464550     0.000747299210308    -0.036046484103060
     0.000747299210308     0.010155219664077    -0.020811447300236
    -0.007318483452944    -0.004225328391618     0.049843496369379
1 38
     0.011018126464550    -0.000747299210308     0.036046484103060
    -0.000747299210308     0.010155219664077    -0.020811447300236
     0.007318483452944    -0.004225328391618     0.049843496369379
1 39
    -0.009988550517921     0.000000000000000    -0.000000000000000
     0.000000000000000    -0.009988550517921     0.000000000000000
    -0.000000000000000     0.000000000000000     0.020987062696826
1 40
     0.009723766263841    -0.000000000000000    -0.000000000000000
    -0.000000000000000     0.011449579864786     0.041622894600472
    -0.000000000000000     0.008450656783236     0.049843496369379
1 41
     0.011018126464550     0.000747299210308     0.036046484103060
     0.000747299210308     0.010155219664077     0.020811447300236
     0.007318483452944     0.004225328391618     0.049843496369379
1 42
     0.011018126464550    -0.000747299210308    -0.036046484103060
    -0.000747299210308     0.010155219664077     0.020811447300236
    -0.007318483452944     0.004225328391618     0.049843496369379
1 43
    -0.009988550517921     0.000000000000000     0.000000000000000
     0.000000000000000    -0.009988550517921    -0.000000000000000
    -0.000000000000000    -0.000000000000000     0.020987062696826
1 44
     0.009723766263841    -0.000000000000000    -0.000000000000000
    -0.000000000000000     0.011449579864786    -0.041622894600472
     0.000000000000000    -0.008450656783236     0.049843496369379
1 45
    -0.080954352965749    -0.012189714655201    -1.245150731600826
    -0.012189714655195    -0.066878882890703    -0.718888110071217
    -1.406857342366760    -0.812249465327055    -2.388813414724472
1 46
    -0.080954352965749     0.012189714655201     1.245150731600827
     0.012189714655195    -0.066878882890703    -0.718888110071216
     1.406857342366760    -0.812249465327055    -2.388813414724472
1 47
    -0.064091759054221     0.000000000000000     0.000000000000000
     0.000000000000000    -0.064091759054221     0.000000000000000
    -0.000000000000000    -0.000000000000000     0.142497479834612
1 48
    -0.059841147853180    -0.000000000000000    -0.000000000000000
     0.000000000000000    -0.087992088003273     1.437776220142432
    -0.000000000000000     1.624498930654110    -2.388813414724472
9 1
     0.040775236714770     0.016668474628777    -0.202464001919627
     0.016668474628777     0.060022333342553     0.116892646009476
    -0.202369518740630     0.116838096120648     0.117666281222228
9 2
     0.040775236714777    -0.016668474628794     0.202464001919627
    -0.016668474628803     0.060022333342561     0.116892646009476
     0.202369518740579     0.116838096120560     0.117666281222228
9 3
     0.069645881656517    -0.000000000000015     0.000000000000000
    -0.000000000000007     0.031151688400835    -0.233785292018952
     0.000000000000051    -0.233676192241209     0.117666281222228
9 4
    -0.110808682180180     0.000000000000024    -0.000000000000000
     0.000000000000024    -0.110808682180097    -0.000000000000000
     0.000000000000000     0.000000000000000    -0.421680916413740
9 5
     0.040775236714770     0.016668474628776     0.202464001919627
     0.016668474628777     0.060022333342553    -0.116892646009476
     0.202369518740630    -0.116838096120648     0.117666281222228
9 6
     0.040775236714777    -0.016668474628794    -0.202464001919627
    -0.016668474628803     0.060022333342561    -0.116892646009476
    -0.202369518740579    -0.116838096120560     0.117666281222228
9 7
     0.069645881656517    -0.000000000000015     0.000000000000000
    -0.000000000000007     0.031151688400835     0.233785292018952
    -0.000000000000051     0.233676192241209     0.117666281222228
9 8
    -0.110808682180180     0.000000000000024    -0.000000000000000
     0.000000000000024    -0.110808682180097    -0.000000000000000
     0.000000000000000     0.000000000000000    -0.421680916413740
9 9
    32.943141112243239    -0.000000000007169     0.000000000000005
    -0.000000000007162    32.943141112218349     0.000000000000001
    -0.000000000000000    -0.000000000000000    35.673875604704428
9 10
    -6.010823854523914     0.000000000001308     0.000000000000000
    -0.000000000000120     0.536631577510379     0.000000000000000
     0.000000000000000    -0.000000000000000     2.581921440887388
9 11
    -1.100232280498508     2.835131367143045     0.000000000000000
     2.835131367144471    -4.373959996512551     0.000000000000000
    -0.000000000000000    -0.000000000000000     2.581921440887388
9 12
    -1.100232280497273    -2.835131367142565     0.000000000000000
    -2.835131367142567    -4.373959996511320     0.000000000000000
     0.000000000000000     0.000000000000000     2.581921440887388
9 13
     0.027963909163360    -0.000000000000006    -0.000000000000000
    -0.000000000000006     0.027963909163339    -0.000000000000000
    -0.000000000000000    -0.000000000000000    -0.049299843490707
9 14
    -0.023729374268202     0.000000000000005    -0.000000000000000
    -0.000000000000002     0.009816064569447    -0.000000000000000
     0.000000000000000    -0.000000000000000    -0.020959515721934
9 15
     0.001429704860037     0.014525601107246    -0.000000000000000
     0.014525601107253    -0.015343014558779    -0.000000000000000
     0.000000000000000     0.000000000000000    -0.020959515721934
9 16
     0.001429704860044    -0.014525601107247    -0.000000000000000
    -0.014525601107247    -0.015343014558773    -0.000000000000000
    -0.000000000000000    -0.000000000000000    -0.020959515721934
9 17
     0.009723766263844    -0.000000000000002     0.000000000000000
    -0.000000000000002     0.011449579864782    -0.041622894600472
     0.000000000000002    -0.008450656783233     0.049843496369379
9 18
    -0.009988550517925     0.000000000000002    -0.000000000000000
     0.000000000000002    -0.009988550517917    -0.000000000000000
     0.000000000000000     0.000000000000000     0.020987062696826
9 19
     0.011018126464554    -0.000747299210310    -0.036046484103060
    -0.000747299210310     0.010155219664073     0.020811447300236
    -0.007318483452947     0.004225328391618     0.049843496369379
9 20
     0.011018126464554     0.000747299210305     0.036046484103060
     0.000747299210306     0.010155219664073     0.020811447300236
     0.007318483452945     0.004225328391615     0.049843496369379
9 21
    -0.059841147853202     0.000000000000013    -0.000000000000001
     0.000000000000019    -0.087992088003239     1.437776220142431
    -0.000000000000354     1.624498930653496    -2.388813414724472
9 22
    -0.064091759054246     0.000000000000014     0.000000000000000
     0.000000000000014    -0.064091759054197    -0.000000000000000
     0.000000000000000     0.000000000000000     0.142497479834612
9 23
    -0.080954352965783     0.012189714655214     1.245150731600827
     0.012189714655214    -0.066878882890681    -0.718888110071215
     1.406857342367468    -0.812249465327054    -2.388813414724472
9 24
    -0.080954352965778    -0.012189714655179    -1.245150731600827
    -0.012189714655185    -0.066878882890675    -0.718888110071216
    -1.406857342367114    -0.812249465326442    -2.388813414724472
9 25
    -0.059841147853202     0.000000000000013    -0.000000000000000
     0.000000000000019    -0.087992088003240    -1.437776220142432
     0.000000000000354    -1.624498930653496    -2.388813414724472
9 26
    -0.064091759054246     0.000000000000014     0.000000000000000
     0.000000000000014    -0.064091759054197     0.000000000000000
     0.000000000000000     0.000000000000000     0.142497479834612
9 27
    -0.080954352965783     0.012189714655214    -1.245150731600827
     0.012189714655214    -0.066878882890680     0.718888110071215
    -1.406857342367468     0.812249465327054    -2.388813414724472
9 28
    -0.080954352965777    -0.012189714655179     1.245150731600826
    -0.012189714655185    -0.066878882890675     0.718888110071216
     1.406857342367114     0.812249465326442    -2.388813414724472
9 29
     0.009723766263844    -0.000000000000002     0.000000000000000
    -0.000000000000002     0.011449579864782     0.041622894600472
    -0.000000000000002     0.008450656783233     0.049843496369379
9 30
    -0.009988550517925     0.000000000000002     0.000000000000000
     0.000000000000002    -0.009988550517917     0.000000000000000
     0.000000000000000    -0.000000000000000     0.020987062696826
9 31
     0.011018126464554    -0.000747299210310     0.036046484103060
    -0.000747299210310     0.010155219664073    -0.020811447300236
     0.007318483452947    -0.004225328391618     0.049843496369379
9 32
     0.011018126464554     0.000747299210305    -0.036046484103060
     0.000747299210306     0.010155219664073    -0.020811447300236
    -0.007318483452945    -0.004225328391615     0.049843496369379
9 33
    -2.682106642748454     0.000000000000584     0.000000000000000
     0.000000000001246    -5.721332721085743    -2.548450915018684
     0.000000000000148    -0.678280171646220    -4.680774687010188
9 34
     0.453151274116689    -0.000000000000099    -0.000000000000000
    -0.000000000000099     0.453151274116347    -0.000000000000000
    -0.000000000000000    -0.000000000000000    -0.721923926436507
9 35
    -4.961526201504950     1.316023495844412    -2.207023232704436
     1.316023495844412    -3.441913162331542     1.274225457509341
    -0.587407859529266     0.339140085823238    -4.680774687010188
9 36
    -4.961526201504377    -1.316023495842253     2.207023232704434
    -1.316023495842917    -3.441913162330970     1.274225457509343
     0.587407859529119     0.339140085822982    -4.680774687010189
9 37
    -0.016242497273556     0.000000000000004    -0.000000000000000
    -0.000000000000001     0.005540616014102    -0.015124789270634
     0.000000000000006    -0.026049362150153     0.012844887808459
9 38
     0.022271184221411    -0.000000000000005    -0.000000000000000
    -0.000000000000005     0.022271184221394     0.000000000000000
     0.000000000000000     0.000000000000000    -0.005912291701473
9 39
     0.000094837692193    -0.009432364740310    -0.013098451735258
    -0.009432364740310    -0.010796718951630     0.007562394635317
    -0.022559409374428     0.013024681075081     0.012844887808459
9 40
     0.000094837692189     0.009432364740310     0.013098451735258
     0.009432364740315    -0.010796718951634     0.007562394635317
     0.022559409374422     0.013024681075072     0.012844887808459
9 41
    -2.682106642748454     0.000000000000584    -0.000000000000001
     0.000000000001246    -5.721332721085743     2.548450915018685
    -0.000000000000148     0.678280171646221    -4.680774687010189
9 42
     0.453151274116689    -0.000000000000099    -0.000000000000000
    -0.000000000000099     0.453151274116347     0.000000000000000
    -0.000000000000000     0.000000000000000    -0.721923926436507
9 43
    -4.961526201504950     1.316023495844412     2.207023232704435
     1.316023495844412    -3.441913162331542    -1.274225457509342
     0.587407859529266    -0.339140085823238    -4.680774687010189
9 44
    -4.961526201504377    -1.316023495842253    -2.207023232704436
    -1.316023495842917    -3.441913162330970    -1.274225457509344
    -0.587407859529118    -0.339140085822982    -4.680774687010189
9 45
    -0.016242497273556     0.000000000000004     0.000000000000000
    -0.000000000000001     0.005540616014102     0.015124789270634
    -0.000000000000006     0.026049362150153     0.012844887808459
9 46
     0.022271184221411    -0.000000000000005     0.000000000000000
    -0.000000000000005     0.022271184221394     0.000000000000000
    -0.000000000000000    -0.000000000000000    -0.005912291701473
9 47
     0.000094837692193    -0.009432364740310     0.013098451735258
    -0.009432364740310    -0.010796718951630    -0.007562394635317
     0.022559409374428    -0.013024681075081     0.012844887808459
9 48
     0.000094837692189     0.009432364740310    -0.013098451735258
     0.009432364740315    -0.010796718951634    -0.007562394635317
    -0.022559409374422    -0.013024681075072     0.012844887808459
17 1
    -4.961527587433406    -1.316217128358184    -0.587940542113325
    -1.316217128357524    -3.441690960694601    -0.339447630256539
    -2.206325177014872    -1.273822434869706    -4.681112004160802
17 2
    -4.961527587433409     1.316217128358186     0.587940542113327
     1.316217128357522    -3.441690960694601    -0.339447630256538
     2.206325177014872    -1.273822434869706    -4.681112004160802
17 3
     0.452534910272563    -0.000000000000000     0.000000000000000
    -0.000000000000000     0.452534910272563    -0.000000000000000
    -0.000000000000000    -0.000000000000000    -0.722367521593476
17 4
    -2.681772647325198     0.000000000000001     0.000000000000000
     0.000000000000001    -5.721445900802808     0.678895260513076
    -0.000000000000000     2.547644869739412    -4.681112004160800
17 5
     0.000001781113486     0.008922811178570    -0.022297826116527
     0.008922811178566    -0.010301393758263    -0.012873655910717
    -0.012266802220912    -0.007082241564341     0.013446122750776
17 6
     0.000001781113486    -0.008922811178570     0.022297826116527
    -0.008922811178566    -0.010301393758263    -0.012873655910717
     0.012266802220912    -0.007082241564341     0.013446122750776
17 7
     0.021614497509152    -0.000000000000000     0.000000000000000
     0.000000000000000     0.021614497509152    -0.000000000000000
    -0.000000000000000    -0.000000000000000    -0.005530543946198
17 8
    -0.015452981194137    -0.000000000000000    -0.000000000000000
    -0.000000000000000     0.005153368549360     0.025747311821434
    -0.000000000000000     0.014164483128682     0.013446122750776
17 9
     0.009584871162921    -0.000000000000000    -0.000000000000000
    -0.000000000000000     0.011479987248624    -0.008786695234570
     0.000000000000000    -0.041486379911482     0.049724955516135
17 10
    -0.009763894537414     0.000000000000000    -0.000000000000000
    -0.000000000000000    -0.009763894537414     0.000000000000000
     0.000000000000000     0.000000000000000     0.020856436719113
17 11
     0.011006208227198    -0.000820609336670    -0.007609501288451
    -0.000820609336669     0.010058650184346     0.004393347617285
    -0.035928258914387     0.020743189955741     0.049724955516135
17 12
     0.011006208227198     0.000820609336670     0.007609501288451
     0.000820609336669     0.010058650184346     0.004393347617285
     0.035928258914387     0.020743189955741     0.049724955516135
17 13
    -0.060756402125746    -0.000000000000000    -0.000000000000000
     0.000000000000000    -0.088000419428346     1.624755398589269
    -0.000000000000000     1.438374011587359    -2.388864954225884
17 14
    -0.063112489395602     0.000000000000000    -0.000000000000000
     0.000000000000000    -0.063112489395602     0.000000000000000
     0.000000000000000     0.000000000000000     0.142686221043226
17 15
    -0.081189415102696     0.011797005542601     1.407079450114574
     0.011797005542594    -0.067567406451396    -0.812377699294635
     1.245668434177672    -0.719187005793680    -2.388864954225883
17 16
    -0.081189415102696    -0.011797005542600    -1.407079450114573
    -0.011797005542595    -0.067567406451396    -0.812377699294635
    -1.245668434177672    -0.719187005793680    -2.388864954225883
17 17
    18.859349686571758    -0.000000000000005    -0.000000000000004
    -0.000000000000000    18.859349686571754     0.000000000000001
    -0.000000000000000    -0.000000000000001    44.104308791792072
17 18
    -2.197082980857640    -0.000000000000000    -0.000000000000000
    -0.000000000000001     0.285206822919725    -0.111092495937906
     0.000000000000000    -0.113323015879179     1.099163930285632
17 19
    -0.335365628024616     1.074863014813415     0.096208923652070
     1.074863014812873    -1.576510529913298     0.055546247968953
     0.098140610584811     0.056661507939589     1.099163930285632
17 20
    -0.335365628024615    -1.074863014813414    -0.096208923652070
    -1.074863014812873    -1.576510529913299     0.055546247968953
    -0.098140610584811     0.056661507939589     1.099163930285632
17 21
    -0.003644899273480     0.000000000000000    -0.000000000000000
    -0.000000000000000    -0.003644899273480     0.000000000000000
     0.000000000000000     0.000000000000000    -0.005789130065344
17 22
    -0.001868525580217     0.000000000000000    -0.000000000000000
     0.000000000000000    -0.002590991639674    -0.001299546238799
    -0.000000000000000     0.000338299908044    -0.012680494571201
17 23
    -0.002410375124810    -0.000312836980431     0.001125440056193
    -0.000312836980431    -0.002049142095081     0.000649773119400
    -0.000292976314464    -0.000169149954022    -0.012680494571201
17 24
    -0.002410375124810     0.000312836980431    -0.001125440056193
     0.000312836980431    -0.002049142095081     0.000649773119400
     0.000292976314464    -0.000169149954022    -0.012680494571201
17 25
     0.558055536296155    -0.000000000000000     0.000000000000000
    -0.000000000000000     0.558055536296155    -0.000000000000000
    -0.000000000000000    -0.000000000000000    -3.221120379944211
17 26
    -0.343148331330539    -0.000000000000000     0.000000000000000
    -0.000000000000000     0.524911340721579    -0.091233467202317
    -0.000000000000000     0.089427648991534     0.348973964051351
17 27
     0.307896422708549     0.375880863999056     0.079010500272561
     0.375880863998867    -0.126133413317509     0.045616733601159
    -0.077446615827367    -0.044713824495767     0.348973964051351
17 28
     0.307896422708550    -0.375880863999056    -0.079010500272561
    -0.375880863998866    -0.126133413317509     0.045616733601159
     0.077446615827367    -0.044713824495767     0.348973964051351
17 29
     0.047313125535724    -0.000000000000000     0.000000000000000
    -0.000000000000000     0.047313125535724    -0.000000000000000
    -0.000000000000000    -0.000000000000000     0.039516224343621
17 30
    -0.049979303521194    -0.000000000000000     0.000000000000000
    -0.000000000000000     0.003587843546524    -0.009765304270441
    -0.000000000000000     0.011210623894347     0.058885124418571
17 31
    -0.009803943220406     0.023195255084456     0.008457001573889
     0.023195255084445    -0.036587516754264     0.004882652135220
    -0.009708685084775    -0.005605311947173     0.058885124418571
17 32
    -0.009803943220405    -0.023195255084456    -0.008457001573889
    -0.023195255084445    -0.036587516754265     0.004882652135220
     0.009708685084775    -0.005605311947173     0.058885124418571
17 33
    -0.054522278346092     0.000000000000000    -0.000000000000000
     0.000000000000000    -0.054522278346092    -0.000000000000000
     0.000000000000000     0.000000000000000    -0.172137313928607
17 34
     0.008654914923075    -0.000000000000000    -0.000000000000000
    -0.000000000000000     0.029498199031384     0.013635673906789
     0.000000000000000    -0.085312530321911    -0.084029825377467
17 35
     0.024287378004307     0.009025406768048    -0.011808840001002
     0.009025406768044     0.013865735950152    -0.006817836953394
     0.073882818519886     0.042656265160955    -0.084029825377467
17 36
     0.024287378004307    -0.009025406768049     0.011808840001002
    -0.009025406768044     0.013865735950152    -0.006817836953394
    -0.073882818519886     0.042656265160955    -0.084029825377467
17 37
    -0.056551382682850     0.000000000000000    -0.000000000000000
     0.000000000000000    -0.056551382682850    -0.000000000000000
     0.000000000000000     0.000000000000000    -0.172505732502484
17 38
     0.010946588193886    -0.000000000000000    -0.000000000000000
    -0.000000000000000     0.028842482131443     0.084221903906223
     0.000000000000000    -0.013803261740777    -0.084038356053562
17 39
     0.024368508647054     0.007749149386680    -0.072938308337899
     0.007749149386676     0.015420561678275    -0.042110951953111
     0.011953975322595     0.006901630870388    -0.084038356053562
17 40
     0.024368508647054    -0.007749149386680     0.072938308337899
    -0.007749149386676     0.015420561678275    -0.042110951953111
    -0.011953975322595     0.006901630870388    -0.084038356053562
17 41
    -0.014913700859803     0.000000000000000     0.000000000000000
     0.000000000000000    -0.014913700859803    -0.000000000000000
     0.000000000000000     0.000000000000000    -0.035578784158267
17 42
     0.020261087436107     0.000000000000000     0.000000000000000
     0.000000000000000    -0.024162804977902    -0.003493725716849
     0.000000000000000    -0.005642454492719    -0.008735767766683
17 43
    -0.013056831874400    -0.019236109682764     0.003025655224647
    -0.019236109682754     0.009155114332605     0.001746862858425
     0.004886508930391     0.002821227246360    -0.008735767766683
17 44
    -0.013056831874400     0.019236109682764    -0.003025655224647
     0.019236109682754     0.009155114332605     0.001746862858425
    -0.004886508930391     0.002821227246360    -0.008735767766683
17 45
    -4.825722789277963     0.000000000000001     0.000000000000004
     0.000000000000000    -4.825722789277961    -0.000000000000002
     0.000000000000000     0.000000000000000   -22.169668191283051
17 46
     0.360230709642688    -0.000000000000000     0.000000000000000
     0.000000000000000    -0.052524981538517     0.073477990599911
    -0.000000000000000     0.074858021329236    -0.244956231414750
17 47
     0.050663941256784    -0.178728457059809    -0.063633806478573
    -0.178728457059719     0.257041786847387    -0.036738995299955
    -0.064828948148140    -0.037429010664618    -0.244956231414750
17 48
     0.050663941256784     0.178728457059809     0.063633806478573
     0.178728457059719     0.257041786847387    -0.036738995299955
     0.064828948148140    -0.037429010664618    -0.244956231414750
25 1
    -4.961527587435565    -1.316217128358770     0.587940542113326
    -1.316217128358770    -3.441690960693590     0.339447630256538
     2.206325177015983     1.273822434869706    -4.681112004160799
25 2
    -4.961527587434992     1.316217128356607    -0.587940542113327
     1.316217128357267    -3.441690960693014     0.339447630256537
    -2.206325177015426     1.273822434868744    -4.681112004160801
25 3
     0.452534910272734     0.000000000000099    -0.000000000000000
     0.000000000000099     0.452534910272393    -0.000000000000000
    -0.000000000000000    -0.000000000000000    -0.722367521593476
25 4
    -2.681772647326210    -0.000000000000584     0.000000000000000
    -0.000000000001248    -5.721445900800653    -0.678895260513077
    -0.000000000000556    -2.547644869738449    -4.681112004160801
25 5
     0.000001781113488     0.008922811178567     0.022297826116527
     0.008922811178567    -0.010301393758257     0.012873655910717
     0.012266802220918     0.007082241564341     0.013446122750776
25 6
     0.000001781113484    -0.008922811178567    -0.022297826116527
    -0.008922811178571    -0.010301393758261     0.012873655910717
    -0.012266802220915     0.007082241564336     0.013446122750776
25 7
     0.021614497509160     0.000000000000005    -0.000000000000000
     0.000000000000005     0.021614497509144    -0.000000000000000
    -0.000000000000000     0.000000000000000    -0.005530543946198
25 8
    -0.015452981194143    -0.000000000000003     0.000000000000000
     0.000000000000001     0.005153368549359    -0.025747311821434
    -0.000000000000003    -0.014164483128677     0.013446122750776
25 9
    -0.060756402125769    -0.000000000000013     0.000000000000000
    -0.000000000000020    -0.088000419428313    -1.624755398589270
    -0.000000000000314    -1.438374011586816    -2.388864954225883
25 10
    -0.063112489395625    -0.000000000000014     0.000000000000000
    -0.000000000000014    -0.063112489395578     0.000000000000000
     0.000000000000000     0.000000000000000     0.142686221043226
25 11
    -0.081189415102724     0.011797005542578    -1.407079450114573
     0.011797005542584    -0.067567406451367     0.812377699294634
    -1.245668434177985     0.719187005793137    -2.388864954225883
25 12
    -0.081189415102729    -0.011797005542614     1.407079450114572
    -0.011797005542614    -0.067567406451373     0.812377699294635
     1.245668434178299     0.719187005793680    -2.388864954225884
25 13
     0.009584871162924     0.000000000000002     0.000000000000000
     0.000000000000003     0.011479987248619     0.008786695234570
     0.000000000000009     0.041486379911467     0.049724955516135
25 14
    -0.009763894537418    -0.000000000000002    -0.000000000000000
    -0.000000000000002    -0.009763894537411     0.000000000000000
     0.000000000000000     0.000000000000000     0.020856436719113
25 15
     0.011006208227202    -0.000820609336667     0.007609501288451
    -0.000820609336668     0.010058650184342    -0.004393347617285
     0.035928258914396    -0.020743189955725     0.049724955516135
25 16
     0.011006208227202     0.000820609336672    -0.007609501288451
     0.000820609336672     0.010058650184343    -0.004393347617285
    -0.035928258914405    -0.020743189955741     0.049724955516135
25 17
     0.558055536296366     0.000000000000122    -0.000000000000000
     0.000000000000122     0.558055536295945    -0.000000000000001
    -0.000000000000000     0.000000000000000    -3.221120379944210
25 18
    -0.343148331330668    -0.000000000000075    -0.000000000000000
     0.000000000000114     0.524911340721381     0.091233467202317
    -0.000000000000019    -0.089427648991501     0.348973964051351
25 19
     0.307896422708747     0.375880863998981    -0.079010500272561
     0.375880863998981    -0.126133413317380    -0.045616733601159
     0.077446615827406     0.044713824495767     0.348973964051351
25 20
     0.307896422708584    -0.375880863998847     0.079010500272561
    -0.375880863999036    -0.126133413317544    -0.045616733601159
    -0.077446615827387     0.044713824495733     0.348973964051351
25 21
     0.047313125535742     0.000000000000010    -0.000000000000000
     0.000000000000010     0.047313125535706    -0.000000000000000
    -0.000000000000000    -0.000000000000000     0.039516224343621
25 22
    -0.049979303521213    -0.000000000000011     0.000000000000000
     0.000000000000001     0.003587843546523     0.009765304270441
    -0.000000000000002    -0.011210623894342     0.058885124418571
25 23
    -0.009803943220404     0.023195255084445    -0.008457001573889
     0.023195255084445    -0.036587516754246    -0.004882652135220
     0.009708685084779     0.005605311947173     0.058885124418571
25 24
    -0.009803943220414    -0.023195255084450     0.008457001573889
    -0.023195255084461    -0.036587516754256    -0.004882652135220
    -0.009708685084777     0.005605311947169     0.058885124418571
25 25
    18.859349686578870     0.000000000004112    -0.000000000000001
     0.000000000004118    18.859349686564642     0.000000000000004
    -0.000000000000001    -0.000000000000000    44.104308791792064
25 26
    -2.197082980858469    -0.000000000000479    -0.000000000000000
     0.000000000000062     0.285206822919618     0.111092495937906
     0.000000000000025     0.113323015879136     1.099163930285632
25 27
    -0.335365628024508     1.074863014812936    -0.096208923652070
     1.074863014812935    -1.576510529912470    -0.055546247968953
    -0.098140610584861    -0.056661507939589     1.099163930285632
25 28
    -0.335365628024977    -1.074863014813082     0.096208923652070
    -1.074863014813623    -1.576510529912939    -0.055546247968953
     0.098140610584836    -0.056661507939547     1.099163930285632
25 29
    -0.003644899273482    -0.000000000000001     0.000000000000000
    -0.000000000000001    -0.003644899273479     0.000000000000000
     0.000000000000000    -0.000000000000000    -0.005789130065344
25 30
    -0.001868525580217    -0.000000000000000    -0.000000000000000
    -0.000000000000001    -0.002590991639673     0.001299546238799
    -0.000000000000000    -0.000338299908044    -0.012680494571201
25 31
    -0.002410375124811    -0.000312836980432    -0.001125440056193
    -0.000312836980432    -0.002049142095080    -0.000649773119400
     0.000292976314464     0.000169149954022    -0.012680494571201
25 32
    -0.002410375124811     0.000312836980431     0.001125440056193
     0.000312836980431    -0.002049142095080    -0.000649773119400
    -0.000292976314464     0.000169149954022    -0.012680494571201
25 33
    -4.825722789279782    -0.000000000001052    -0.000000000000000
    -0.000000000001053    -4.825722789276142    -0.000000000000004
     0.000000000000000     0.000000000000000   -22.169668191283048
25 34
     0.360230709642824     0.000000000000079    -0.000000000000000
    -0.000000000000011    -0.052524981538497    -0.073477990599911
    -0.000000000000016    -0.074858021329208    -0.244956231414750
25 35
     0.050663941256764    -0.178728457059731     0.063633806478573
    -0.178728457059730     0.257041786847251     0.036738995299955
     0.064828948148172     0.037429010664618    -0.244956231414750
25 36
     0.050663941256842     0.178728457059753    -0.063633806478573
     0.178728457059843     0.257041786847329     0.036738995299955
    -0.064828948148156     0.037429010664590    -0.244956231414750
25 37
    -0.014913700859808    -0.000000000000003    -0.000000000000000
    -0.000000000000003    -0.014913700859797    -0.000000000000000
     0.000000000000000     0.000000000000000    -0.035578784158267
25 38
     0.020261087436115     0.000000000000004    -0.000000000000000
    -0.000000000000005    -0.024162804977893     0.003493725716849
     0.000000000000001     0.005642454492717    -0.008735767766683
25 39
    -0.013056831874409    -0.019236109682760    -0.003025655224647
    -0.019236109682760     0.009155114332597    -0.001746862858425
    -0.004886508930394    -0.002821227246360    -0.008735767766683
25 40
    -0.013056831874400     0.019236109682754     0.003025655224647
     0.019236109682764     0.009155114332606    -0.001746862858425
     0.004886508930393    -0.002821227246358    -0.008735767766683
25 41
    -0.056551382682871    -0.000000000000012    -0.000000000000000
    -0.000000000000012    -0.056551382682828    -0.000000000000000
     0.000000000000000     0.000000000000000    -0.172505732502484
25 42
     0.010946588193890     0.000000000000002     0.000000000000000
     0.000000000000006     0.028842482131432    -0.084221903906223
     0.000000000000003     0.013803261740771    -0.084038356053562
25 43
     0.024368508647065     0.007749149386683     0.072938308337899
     0.007749149386683     0.015420561678271     0.042110951953111
    -0.011953975322601    -0.006901630870388    -0.084038356053562
25 44
     0.024368508647061    -0.007749149386672    -0.072938308337899
    -0.007749149386676     0.015420561678268     0.042110951953111
     0.011953975322598    -0.006901630870383    -0.084038356053562
25 45
    -0.054522278346113    -0.000000000000012    -0.000000000000000
    -0.000000000000012    -0.054522278346071    -0.000000000000000
     0.000000000000000     0.000000000000000    -0.172137313928607
25 46
     0.008654914923078     0.000000000000002    -0.000000000000000
     0.000000000000006     0.029498199031373    -0.013635673906789
     0.000000000000019     0.085312530321879    -0.084029825377467
25 47
     0.024287378004318     0.009025406768050     0.011808840001002
     0.009025406768050     0.013865735950149     0.006817836953394
    -0.073882818519924    -0.042656265160955    -0.084029825377467
25 48
     0.024287378004314    -0.009025406768040    -0.011808840001002
    -0.009025406768044     0.013865735950145     0.006817836953394
     0.073882818519905    -0.042656265160923    -0.084029825377467
33 1
    -0.081189415102729    -0.011797005542614     1.407079450114572
    -0.011797005542614    -0.067567406451373     0.812377699294635
     1.245668434178299     0.719187005793680    -2.388864954225884
33 2
    -0.081189415102724     0.011797005542578    -1.407079450114573
     0.011797005542584    -0.067567406451367     0.812377699294634
    -1.245668434177985     0.719187005793137    -2.388864954225883
33 3
    -0.063112489395625    -0.000000000000014     0.000000000000000
    -0.000000000000014    -0.063112489395578     0.000000000000000
     0.000000000000000     0.000000000000000     0.142686221043226
33 4
    -0.060756402125769    -0.000000000000013     0.000000000000000
    -0.000000000000020    -0.088000419428313    -1.624755398589270
    -0.000000000000314    -1.438374011586816    -2.388864954225883
33 5
     0.011006208227202     0.000820609336672    -0.007609501288451
     0.000820609336672     0.010058650184343    -0.004393347617285
    -0.035928258914405    -0.020743189955741     0.049724955516135
33 6
     0.011006208227202    -0.000820609336667     0.007609501288451
    -0.000820609336668     0.010058650184342    -0.004393347617285
     0.035928258914396    -0.020743189955725     0.049724955516135
33 7
    -0.009763894537418    -0.000000000000002    -0.000000000000000
    -0.000000000000002    -0.009763894537411     0.000000000000000
     0.000000000000000     0.000000000000000     0.020856436719113
33 8
     0.009584871162924     0.000000000000002     0.000000000000000
     0.000000000000003     0.011479987248619     0.008786695234570
     0.000000000000009     0.041486379911467     0.049724955516135
33 9
    -2.681772647326210    -0.000000000000584     0.000000000000000
    -0.000000000001248    -5.721445900800653    -0.678895260513077
    -0.000000000000556    -2.547644869738449    -4.681112004160801
33 10
     0.452534910272734     0.000000000000099    -0.000000000000000
     0.000000000000099     0.452534910272393    -0.000000000000000
    -0.000000000000000    -0.000000000000000    -0.722367521593476
33 11
    -4.961527587434992     1.316217128356607    -0.587940542113327
     1.316217128357267    -3.441690960693014     0.339447630256537
    -2.206325177015426     1.273822434868744    -4.681112004160801
33 12
    -4.961527587435565    -1.316217128358770     0.587940542113326
    -1.316217128358770    -3.441690960693590     0.339447630256538
     2.206325177015983     1.273822434869706    -4.681112004160799
33 13
    -0.015452981194143    -0.000000000000003     0.000000000000000
     0.000000000000001     0.005153368549359    -0.025747311821434
    -0.000000000000003    -0.014164483128677     0.013446122750776
33 14
     0.021614497509160     0.000000000000005    -0.000000000000000
     0.000000000000005     0.021614497509144    -0.000000000000000
    -0.000000000000000     0.000000000000000    -0.005530543946198
33 15
     0.000001781113484    -0.008922811178567    -0.022297826116527
    -0.008922811178571    -0.010301393758261     0.012873655910717
    -0.012266802220915     0.007082241564336     0.013446122750776
33 16
     0.000001781113488     0.008922811178567     0.022297826116527
     0.008922811178567    -0.010301393758257     0.012873655910717
     0.012266802220918     0.007082241564341     0.013446122750776
33 17
    -0.056551382682871    -0.000000000000012    -0.000000000000000
    -0.000000000000012    -0.056551382682828    -0.000000000000000
     0.000000000000000     0.000000000000000    -0.172505732502484
33 18
     0.010946588193890     0.000000000000002     0.000000000000000
     0.000000000000006     0.028842482131432    -0.084221903906223
     0.000000000000003     0.013803261740771    -0.084038356053562
33 19
     0.024368508647065     0.007749149386683     0.072938308337899
     0.007749149386683     0.015420561678271     0.042110951953111
    -0.011953975322601    -0.006901630870388    -0.084038356053562
33 20
     0.024368508647061    -0.007749149386672    -0.072938308337899
    -0.007749149386676     0.015420561678268     0.042110951953111
     0.011953975322598    -0.006901630870383    -0.084038356053562
33 21
    -0.054522278346113    -0.000000000000012    -0.000000000000000
    -0.000000000000012    -0.054522278346071    -0.000000000000000
     0.000000000000000     0.000000000000000    -0.172137313928607
33 22
     0.008654914923078     0.000000000000002    -0.000000000000000
     0.000000000000006     0.029498199031373    -0.013635673906789
     0.000000000000019     0.085312530321879    -0.084029825377467
33 23
     0.024287378004318     0.009025406768050     0.011808840001002
     0.009025406768050     0.013865735950149     0.006817836953394
    -0.073882818519924    -0.042656265160955    -0.084029825377467
33 24
     0.024287378004314    -0.009025406768040    -0.011808840001002
    -0.009025406768044     0.013865735950145     0.006817836953394
     0.073882818519905    -0.042656265160923    -0.084029825377467
33 25
    -4.825722789279782    -0.000000000001052    -0.000000000000000
    -0.000000000001053    -4.825722789276142    -0.000000000000004
     0.000000000000000     0.000000000000000   -22.169668191283048
33 26
     0.360230709642824     0.000000000000079    -0.000000000000000
    -0.000000000000011    -0.052524981538497    -0.073477990599911
    -0.000000000000016    -0.074858021329208    -0.244956231414750
33 27
     0.050663941256764    -0.178728457059731     0.063633806478573
    -0.178728457059730     0.257041786847251     0.036738995299955
     0.064828948148172     0.037429010664618    -0.244956231414750
33 28
     0.050663941256842     0.178728457059753    -0.063633806478573
     0.178728457059843     0.257041786847329     0.036738995299955
    -0.064828948148156     0.037429010664590    -0.244956231414750
33 29
    -0.014913700859808    -0.000000000000003    -0.000000000000000
    -0.000000000000003    -0.014913700859797    -0.000000000000000
     0.000000000000000     0.000000000000000    -0.035578784158267
33 30
     0.020261087436115     0.000000000000004    -0.000000000000000
    -0.000000000000005    -0.024162804977893     0.003493725716849
     0.000000000000001     0.005642454492717    -0.008735767766683
33 31
    -0.013056831874409    -0.019236109682760    -0.003025655224647
    -0.019236109682760     0.009155114332597    -0.001746862858425
    -0.004886508930394    -0.002821227246360    -0.008735767766683
33 32
    -0.013056831874400     0.019236109682754     0.003025655224647
     0.019236109682764     0.009155114332606    -0.001746862858425
     0.004886508930393    -0.002821227246358    -0.008735767766683
33 33
    18.859349686578870     0.000000000004112    -0.000000000000001
     0.000000000004118    18.859349686564642     0.000000000000004
    -0.000000000000001    -0.000000000000000    44.104308791792064
33 34
    -2.197082980858469    -0.000000000000479    -0.000000000000000
     0.000000000000062     0.285206822919618     0.111092495937906
     0.000000000000025     0.113323015879136     1.099163930285632
33 35
    -0.335365628024508     1.074863014812936    -0.096208923652070
     1.074863014812935    -1.576510529912470    -0.055546247968953
    -0.098140610584861    -0.056661507939589     1.099163930285632
33 36
    -0.335365628024977    -1.074863014813082     0.096208923652070
    -1.074863014813623    -1.576510529912939    -0.055546247968953
     0.098140610584836    -0.056661507939547     1.099163930285632
33 37
    -0.003644899273482    -0.000000000000001     0.000000000000000
    -0.000000000000001    -0.003644899273479     0.000000000000000
     0.000000000000000    -0.000000000000000    -0.005789130065344
33 38
    -0.001868525580217    -0.000000000000000    -0.000000000000000
    -0.000000000000001    -0.002590991639673     0.001299546238799
    -0.000000000000000    -0.000338299908044    -0.012680494571201
33 39
    -0.002410375124811    -0.000312836980432    -0.001125440056193
    -0.000312836980432    -0.002049142095080    -0.000649773119400
     0.000292976314464     0.000169149954022    -0.012680494571201
33 40
    -0.002410375124811     0.000312836980431     0.001125440056193
     0.000312836980431    -0.002049142095080    -0.000649773119400
    -0.000292976314464     0.000169149954022    -0.012680494571201
33 41
     0.558055536296366     0.000000000000122    -0.000000000000000
     0.000000000000122     0.558055536295945    -0.000000000000001
    -0.000000000000000     0.000000000000000    -3.221120379944210
33 42
    -0.343148331330668    -0.000000000000075    -0.000000000000000
     0.000000000000114     0.524911340721381     0.091233467202317
    -0.000000000000019    -0.089427648991501     0.348973964051351
33 43
     0.307896422708747     0.375880863998981    -0.079010500272561
     0.375880863998981    -0.126133413317380    -0.045616733601159
     0.077446615827406     0.044713824495767     0.348973964051351
33 44
     0.307896422708584    -0.375880863998847     0.079010500272561
    -0.375880863999036    -0.126133413317544    -0.045616733601159
    -0.077446615827387     0.044713824495733     0.348973964051351
33 45
     0.047313125535742     0.000000000000010    -0.000000000000000
     0.000000000000010     0.047313125535706    -0.000000000000000
    -0.000000000000000    -0.000000000000000     0.039516224343621
33 46
    -0.049979303521213    -0.000000000000011     0.000000000000000
     0.000000000000001     0.003587843546523     0.009765304270441
    -0.000000000000002    -0.011210623894342     0.058885124418571
33 47
    -0.009803943220404     0.023195255084445    -0.008457001573889
     0.023195255084445    -0.036587516754246    -0.004882652135220
     0.009708685084779     0.005605311947173     0.058885124418571
33 48
    -0.009803943220414    -0.023195255084450     0.008457001573889
    -0.023195255084461    -0.036587516754256    -0.004882652135220
    -0.009708685084777     0.005605311947169     0.058885124418571
41 1
     0.011006208227198     0.000820609336670     0.007609501288451
     0.000820609336669     0.010058650184346     0.004393347617285
     0.035928258914387     0.020743189955741     0.049724955516135
41 2
     0.011006208227198    -0.000820609336670    -0.007609501288451
    -0.000820609336669     0.010058650184346     0.004393347617285
    -0.035928258914387     0.020743189955741     0.049724955516135
41 3
    -0.009763894537414     0.000000000000000    -0.000000000000000
    -0.000000000000000    -0.009763894537414     0.000000000000000
     0.000000000000000     0.000000000000000     0.020856436719113
41 4
     0.009584871162921     0.000000000000000    -0.000000000000000
    -0.000000000000000     0.011479987248624    -0.008786695234570
     0.000000000000000    -0.041486379911482     0.049724955516135
41 5
    -0.081189415102696    -0.011797005542600    -1.407079450114572
    -0.011797005542595    -0.067567406451396    -0.812377699294635
    -1.245668434177672    -0.719187005793680    -2.388864954225883
41 6
    -0.081189415102696     0.011797005542601     1.407079450114573
     0.011797005542594    -0.067567406451396    -0.812377699294634
     1.245668434177672    -0.719187005793680    -2.388864954225883
41 7
    -0.063112489395602     0.000000000000000    -0.000000000000000
     0.000000000000000    -0.063112489395602     0.000000000000000
     0.000000000000000     0.000000000000000     0.142686221043226
41 8
    -0.060756402125746     0.000000000000000     0.000000000000000
     0.000000000000000    -0.088000419428346     1.624755398589269
    -0.000000000000000     1.438374011587359    -2.388864954225884
41 9
    -2.681772647325198     0.000000000000001     0.000000000000000
     0.000000000000001    -5.721445900802808     0.678895260513076
    -0.000000000000000     2.547644869739412    -4.681112004160799
41 10
     0.452534910272563    -0.000000000000000     0.000000000000000
    -0.000000000000000     0.452534910272563    -0.000000000000000
    -0.000000000000000    -0.000000000000000    -0.722367521593476
41 11
    -4.961527587433409     1.316217128358186     0.587940542113327
     1.316217128357522    -3.441690960694601    -0.339447630256538
     2.206325177014872    -1.273822434869705    -4.681112004160801
41 12
    -4.961527587433406    -1.316217128358184    -0.587940542113325
    -1.316217128357524    -3.441690960694601    -0.339447630256539
    -2.206325177014871    -1.273822434869705    -4.681112004160801
41 13
    -0.015452981194137    -0.000000000000000    -0.000000000000000
    -0.000000000000000     0.005153368549360     0.025747311821434
    -0.000000000000000     0.014164483128682     0.013446122750776
41 14
     0.021614497509152    -0.000000000000000     0.000000000000000
     0.000000000000000     0.021614497509152    -0.000000000000000
    -0.000000000000000    -0.000000000000000    -0.005530543946198
41 15
     0.000001781113486    -0.008922811178570     0.022297826116527
    -0.008922811178566    -0.010301393758263    -0.012873655910717
     0.012266802220912    -0.007082241564341     0.013446122750776
41 16
     0.000001781113486     0.008922811178570    -0.022297826116527
     0.008922811178566    -0.010301393758263    -0.012873655910717
    -0.012266802220912    -0.007082241564341     0.013446122750776
41 17
    -0.014913700859803     0.000000000000000     0.000000000000000
     0.000000000000000    -0.014913700859803    -0.000000000000000
     0.000000000000000     0.000000000000000    -0.035578784158267
41 18
     0.020261087436107     0.000000000000000     0.000000000000000
     0.000000000000000    -0.024162804977902    -0.003493725716849
     0.000000000000000    -0.005642454492719    -0.008735767766683
41 19
    -0.013056831874400    -0.019236109682764     0.003025655224647
    -0.019236109682754     0.009155114332605     0.001746862858425
     0.004886508930391     0.002821227246360    -0.008735767766683
41 20
    -0.013056831874400     0.019236109682764    -0.003025655224647
     0.019236109682754     0.009155114332605     0.001746862858425
    -0.004886508930391     0.002821227246360    -0.008735767766683
41 21
    -4.825722789277963     0.000000000000001     0.000000000000004
     0.000000000000000    -4.825722789277961    -0.000000000000002
     0.000000000000000     0.000000000000000   -22.169668191283048
41 22
     0.360230709642688     0.000000000000000     0.000000000000000
     0.000000000000000    -0.052524981538517     0.073477990599911
    -0.000000000000000     0.074858021329236    -0.244956231414750
41 23
     0.050663941256784    -0.178728457059809    -0.063633806478573
    -0.178728457059719     0.257041786847387    -0.036738995299955
    -0.064828948148140    -0.037429010664618    -0.244956231414750
41 24
     0.050663941256784     0.178728457059809     0.063633806478573
     0.178728457059719     0.257041786847387    -0.036738995299955
     0.064828948148140    -0.037429010664618    -0.244956231414750
41 25
    -0.054522278346092     0.000000000000000     0.000000000000000
     0.000000000000000    -0.054522278346092    -0.000000000000000
     0.000000000000000     0.000000000000000    -0.172137313928607
41 26
     0.008654914923075     0.000000000000000    -0.000000000000000
    -0.000000000000000     0.029498199031384     0.013635673906789
     0.000000000000000    -0.085312530321911    -0.084029825377467
41 27
     0.024287378004307     0.009025406768048    -0.011808840001002
     0.009025406768044     0.013865735950152    -0.006817836953394
     0.073882818519886     0.042656265160955    -0.084029825377467
41 28
     0.024287378004307    -0.009025406768049     0.011808840001002
    -0.009025406768044     0.013865735950152    -0.006817836953394
    -0.073882818519886     0.042656265160955    -0.084029825377467
41 29
    -0.056551382682850     0.000000000000000     0.000000000000000
     0.000000000000000    -0.056551382682850    -0.000000000000000
     0.000000000000000     0.000000000000000    -0.172505732502484
41 30
     0.010946588193886    -0.000000000000000    -0.000000000000000
    -0.000000000000000     0.028842482131443     0.084221903906223
     0.000000000000000    -0.013803261740777    -0.084038356053562
41 31
     0.024368508647054     0.007749149386680    -0.072938308337899
     0.007749149386676     0.015420561678275    -0.042110951953111
     0.011953975322595     0.006901630870388    -0.084038356053562
41 32
     0.024368508647054    -0.007749149386680     0.072938308337899
    -0.007749149386676     0.015420561678275    -0.042110951953111
    -0.011953975322595     0.006901630870388    -0.084038356053562
41 33
     0.558055536296155    -0.000000000000000     0.000000000000000
    -0.000000000000000     0.558055536296155    -0.000000000000000
    -0.000000000000000    -0.000000000000000    -3.221120379944210
41 34
    -0.343148331330539    -0.000000000000000     0.000000000000000
    -0.000000000000000     0.524911340721579    -0.091233467202317
    -0.000000000000000     0.089427648991534     0.348973964051351
41 35
     0.307896422708549     0.375880863999056     0.079010500272561
     0.375880863998867    -0.126133413317509     0.045616733601159
    -0.077446615827367    -0.044713824495767     0.348973964051351
41 36
     0.307896422708550    -0.375880863999056    -0.079010500272561
    -0.375880863998866    -0.126133413317509     0.045616733601159
     0.077446615827367    -0.044713824495767     0.348973964051351
41 37
     0.047313125535724    -0.000000000000000     0.000000000000000
    -0.000000000000000     0.047313125535724    -0.000000000000000
    -0.000000000000000    -0.000000000000000     0.039516224343621
41 38
    -0.049979303521194    -0.000000000000000     0.000000000000000
    -0.000000000000000     0.003587843546524    -0.009765304270441
    -0.000000000000000     0.011210623894347     0.058885124418571
41 39
    -0.009803943220406     0.023195255084456     0.008457001573889
     0.023195255084445    -0.036587516754264     0.004882652135220
    -0.009708685084775    -0.005605311947173     0.058885124418571
41 40
    -0.009803943220405    -0.023195255084456    -0.008457001573889
    -0.023195255084445    -0.036587516754265     0.004882652135220
     0.009708685084775    -0.005605311947173     0.058885124418571
41 41
    18.859349686571758    -0.000000000000005    -0.000000000000004
    -0.000000000000000    18.859349686571754     0.000000000000001
    -0.000000000000000    -0.000000000000001    44.104308791792064
41 42
    -2.197082980857640    -0.000000000000000    -0.000000000000000
    -0.000000000000001     0.285206822919725    -0.111092495937905
     0.000000000000000    -0.113323015879179     1.099163930285632
41 43
    -0.335365628024616     1.074863014813415     0.096208923652070
     1.074863014812873    -1.576510529913298     0.055546247968953
     0.098140610584811     0.056661507939589     1.099163930285632
41 44
    -0.335365628024615    -1.074863014813414    -0.096208923652070
    -1.074863014812873    -1.576510529913299     0.055546247968953
    -0.098140610584811     0.056661507939589     1.099163930285632
41 45
    -0.003644899273480     0.000000000000000    -0.000000000000000
    -0.000000000000000    -0.003644899273480     0.000000000000000
     0.000000000000000     0.000000000000000    -0.005789130065344
41 46
    -0.001868525580217     0.000000000000000    -0.000000000000000
     0.000000000000000    -0.002590991639674    -0.001299546238799
    -0.000000000000000     0.000338299908044    -0.012680494571201
41 47
    -0.002410375124810    -0.000312836980431     0.001125440056193
    -0.000312836980431    -0.002049142095081     0.000649773119400
    -0.000292976314464    -0.000169149954022    -0.012680494571201
41 48
    -0.002410375124810     0.000312836980431    -0.001125440056193
     0.000312836980431    -0.002049142095081     0.000649773119400
     0.000292976314464    -0.000169149954022    -0.012680494571201