# Tetrahedron method
      -22.9685009965        0.0000000000        0.0000000000        0.0000000000        0.0000000000        0.0000000000        0.0000000000        0.0000000000        0.0000000000        0.0000000000        0.0000000000        0.0000000000        0.0000000000        0.0000000000        0.0000000000        0.0000000000
      -22.5847322420        0.0000000000        0.0000000000        0.0000000000        0.0000000000        0.0000000000        0.0000000000        0.0000000000        0.0000000000        0.0000000000        0.0000000000        0.0000000000        0.0000000000        0.0000000000        0.0000000000        0.0000000000
      -22.2009634875        0.0000000000        0.0000000000        0.0000000000        0.0000000000        0.0000000000        0.0000000000        0.0000000000        0.0000000000        0.0000000000        0.0000000000        0.0000000000        0.0000000000        0.0000000000        0.0000000000        0.0000000000
      -21.8171947330        0.0000000000        0.0000000000        0.0000000000        0.0000000000        0.0000000000        0.0000000000        0.0000000000        0.0000000000        0.0000000000        0.0000000000        0.0000000000        0.0000000000        0.0000000000        0.0000000000        0.0000000000
      -21.4334259785        0.0000000000        0.0000000000        0.0000000000        0.0000000000        0.0000000000        0.0000000000        0.0000000000        0.0000000000        0.0000000000        0.0000000000        0.0000000000        0.0000000000        0.0000000000        0.0000000000        0.0000000000
      -21.0496572240        0.0000000000        0.0000000000        0.0000000000        0.0000000000        0.0000000000        0.0000000000        0.0000000000        0.0000000000        0.0000000000        0.0000000000        0.0000000000        0.0000000000        0.0000000000        0.0000000000        0.0000000000
      -20.6658884695        0.0000000000        0.0000000000        0.0000000000        0.0000000000        0.0000000000        0.0000000000        0.0000000000        0.0000000000        0.0000000000        0.0000000000        0.0000000000        0.0000000000        0.0000000000        0.0000000000        0.0000000000
      -20.2821197150        0.0000000000        0.0000000000        0.0000000000        0.0000000000        0.0000000000        0.0000000000        0.0000000000        0.0000000000        0.0000000000        0.0000000000        0.0000000000        0.0000000000        0.0000000000        0.0000000000        0.0000000000
      -19.8983509605        0.0000000000        0.0000000000        0.0000000000        0.0000000000        0.0000000000        0.0000000000        0.0000000000        0.0000000000        0.0000000000        0.0000000000        0.0000000000        0.0000000000        0.0000000000        0.0000000000        0.0000000000
      -19.5145822061        0.0000000000        0.0000000000        0.0000000000        0.0000000000        0.0000000000        0.0000000000        0.0000000000        0.0000000000        0.0000000000        0.0000000000        0.0000000000        0.0000000000        0.0000000000        0.0000000000        0.0000000000
      -19.1308134516        0.0000000000        0.0000000000        0.0000000000        0.0000000000        0.0000000000        0.0000000000        0.0000000000        0.0000000000        0.0000000000        0.0000000000        0.0000000000        0.0000000000        0.0000000000        0.0000000000        0.0000000000
      -18.7470446971        0.0000000000        0.0000000000        0.0000000000        0.0000000000        0.0000000000        0.0000000000        0.0000000000        0.0000000000        0.0000000000        0.0000000000        0.0000000000        0.0000000000        0.0000000000        0.0000000000        0.0000000000
      -18.3632759426        0.0000000000        0.0000000000        0.0000000000        0.0000000000        0.0000000000        0.0000000000        0.0000000000        0.0000000000        0.0000000000        0.0000000000        0.0000000000        0.0000000000        0.0000000000        0.0000000000        0.0000000000
      -17.9795071881        0.0000000000        0.0000000000        0.0000000000        0.0000000000        0.0000000000        0.0000000000        0.0000000000        0.0000000000        0.0000000000        0.0000000000        0.0000000000        0.0000000000        0.0000000000        0.0000000000        0.0000000000
      -17.5957384336        0.0000000000        0.0000000000        0.0000000000        0.0000000000        0.0000000000        0.0000000000        0.0000000000        0.0000000000        0.0000000000        0.0000000000        0.0000000000        0.0000000000        0.0000000000        0.0000000000        0.0000000000
      -17.2119696791        0.0000000000        0.0000000000        0.0000000000        0.0000000000        0.0000000000        0.0000000000        0.0000000000        0.0000000000        0.0000000000        0.0000000000        0.0000000000        0.0000000000        0.0000000000        0.0000000000        0.0000000000
      -16.8282009246        0.0000000000        0.0000000000        0.0000000000        0.0000000000        0.0000000000        0.0000000000        0.0000000000        0.0000000000        0.0000000000        0.0000000000        0.0000000000        0.0000000000        0.0000000000        0.0000000000        0.0000000000
      -16.4444321701        0.0000000002        0.0000000002        0.0000000004        0.0000000004        0.0000000009        0.0000000004        0.0000000011        0.0000000007        0.0000000008        0.0000000004        0.0000000003        0.0000000005        0.0000000005        0.0000000003        0.0000000001
      -16.0606634156        0.0000000090        0.0000000077        0.0000000069        0.0000000077        0.0000000179        0.0000000116        0.0000000234        0.0000000144        0.0000000149        0.0000000104        0.0000000083        0.0000000077        0.0000000097        0.0000000076        0.0000000027
      -15.6768946612        0.0000000726        0.0000000853        0.0000000678        0.0000000694        0.0000001497        0.0000001407        0.0000000958        0.0000000918        0.0000001592        0.0000001243        0.0000000986        0.0000000582        0.0000000812        0.0000000603        0.0000000263
      -15.2931259067        0.0000002277        0.0000002861        0.0000002339        0.0000002255        0.0000004624        0.0000004569        0.0000002211        0.0000002891        0.0000005128        0.0000004129        0.0000003148        0.0000001849        0.0000002467        0.0000001901        0.0000001073
      -14.9093571522        0.0000005250        0.0000007138        0.0000006161        0.0000005339        0.0000011106        0.0000010227        0.0000004149        0.0000006972        0.0000011020        0.0000009378        0.0000007332        0.0000004523        0.0000005170        0.0000004521        0.0000003271
      -14.5255883977        0.0000010592        0.0000014812        0.0000013517        0.0000010973        0.0000023743        0.0000020088        0.0000009323        0.0000014874        0.0000020418        0.0000018136        0.0000014582        0.0000009521        0.0000009658        0.0000008950        0.0000008504
      -14.1418196432        0.0000018481        0.0000025333        0.0000024202        0.0000019552        0.0000041798        0.0000033892        0.0000022288        0.0000026193        0.0000033512        0.0000030854        0.0000024509        0.0000016743        0.0000016416        0.0000015409        0.0000017259
      -13.7580508887        0.0000031631        0.0000042623        0.0000040346        0.0000034226        0.0000066786        0.0000055188        0.0000046856        0.0000043971        0.0000055323        0.0000051597        0.0000039602        0.0000028232        0.0000027655        0.0000026489        0.0000033592
      -13.3742821342        0.0000058643        0.0000078549        0.0000068519        0.0000063258        0.0000105663        0.0000096044        0.0000092988        0.0000080163        0.0000098819        0.0000091593        0.0000071767        0.0000052787        0.0000050332        0.0000048985        0.0000067407
      -12.9905133797        0.0000104651        0.0000141867        0.0000115524        0.0000118114        0.0000165555        0.0000163800        0.0000165516        0.0000142418        0.0000166871        0.0000152664        0.0000135534        0.0000093744        0.0000090322        0.0000089136        0.0000125802
      -12.6067446252        0.0000186594        0.0000245486        0.0000193242        0.0000210618        0.0000265773        0.0000274292        0.0000277529        0.0000251573        0.0000272254        0.0000251514        0.0000238029        0.0000157734        0.0000158575        0.0000164187        0.0000228020
      -12.2229758707        0.0000322789        0.0000405099        0.0000323547        0.0000353088        0.0000436570        0.0000454592        0.0000420278        0.0000437336        0.0000437721        0.0000411584        0.0000373929        0.0000266616        0.0000264362        0.0000278797        0.0000379739
      -11.8392071163        0.0000526977        0.0000660643        0.0000527914        0.0000570593        0.0000703084        0.0000739677        0.0000612892        0.0000730114        0.0000696552        0.0000666465        0.0000583102        0.0000438643        0.0000433031        0.0000453584        0.0000613423
      -11.4554383618        0.0000793700        0.0001021362        0.0000800097        0.0000860526        0.0001043183        0.0001160510        0.0000906657        0.0001130065        0.0001035228        0.0001018629        0.0000870565        0.0000676877        0.0000658961        0.0000731455        0.0000950782
      -11.0716696073        0.0001137320        0.0001484563        0.0001159949        0.0001243997        0.0001479513        0.0001740193        0.0001243890        0.0001647414        0.0001465390        0.0001490667        0.0001253843        0.0000998734        0.0000962998        0.0001046853        0.0001330183
      -10.6879008528        0.0001683661        0.0002157780        0.0001711396        0.0001853838        0.0002130700        0.0002621872        0.0001819284        0.0002473933        0.0002114275        0.0002179303        0.0001843165        0.0001501133        0.0001453416        0.0001570379        0.0001974823
      -10.3041320983        0.0002344126        0.0002959037        0.0002377131        0.0002569724        0.0002905606        0.0003652532        0.0002399158        0.0003419380        0.0002843497        0.0002967278        0.0002571223        0.0002077579        0.0002006852        0.0002128069        0.0002629041
       -9.9203633438        0.0003073350        0.0004029871        0.0003218125        0.0003467471        0.0003909201        0.0004902198        0.0003013469        0.0004579792        0.0003753373        0.0003987511        0.0003518806        0.0002834168        0.0002671888        0.0002782885        0.0003400882
       -9.5365945893        0.0004016586        0.0005455323        0.0004314843        0.0004612656        0.0005216029        0.0006527563        0.0003779327        0.0006096954        0.0004953450        0.0005323017        0.0004745936        0.0003831657        0.0003531228        0.0003620931        0.0004406938
       -9.1528258348        0.0005280816        0.0007281274        0.0005705936        0.0006099564        0.0006913539        0.0008716260        0.0004672035        0.0008106128        0.0006583551        0.0007036554        0.0006402591        0.0005114790        0.0004637278        0.0004739668        0.0005727856
       -8.7690570803        0.0006474946        0.0009091031        0.0007282343        0.0007661043        0.0008520331        0.0010794572        0.0005618030        0.0010002659        0.0008097648        0.0008831356        0.0008137060        0.0006352673        0.0005793855        0.0005876135        0.0007028607
       -8.3852883258        0.0007822855        0.0011023420        0.0008924208        0.0009339754        0.0010287498        0.0013037981        0.0006561695        0.0012188159        0.0009827719        0.0010701058        0.0010012737        0.0007794304        0.0007056222        0.0006956031        0.0008361956
       -8.0015195714        0.0009187050        0.0013055295        0.0010611038        0.0011096862        0.0012241993        0.0015432899        0.0007584201        0.0014531095        0.0011641366        0.0012786950        0.0011982714        0.0009353434        0.0008365630        0.0008102598        0.0009768498
       -7.6177508169        0.0010703821        0.0015197174        0.0012384315        0.0013019265        0.0014337929        0.0017987022        0.0008699414        0.0017000639        0.0013600014        0.0014940455        0.0014122948        0.0010993943        0.0009795195        0.0009433501        0.0011356734
       -7.2339820624        0.0012277766        0.0017442541        0.0014232912        0.0014924107        0.0016403173        0.0020642276        0.0009865177        0.0019473961        0.0015562698        0.0017177011        0.0016278880        0.0012668291        0.0011240363        0.0010807484        0.0013018739
       -6.8502133079        0.0013876539        0.0019653265        0.0016095293        0.0016821598        0.0018595832        0.0023337262        0.0011102852        0.0021991245        0.0017567734        0.0019497281        0.0018507013        0.0014421308        0.0012714495        0.0012242418        0.0014746465
       -6.4664445534        0.0015344775        0.0021750591        0.0017882485        0.0018610801        0.0020655862        0.0025842787        0.0012303437        0.0024364904        0.0019461381        0.0021637962        0.0020507018        0.0016084180        0.0014143170        0.0013548809        0.0016346518
       -6.0826757989        0.0016680504        0.0023767274        0.0019516876        0.0020270228        0.0022579373        0.0028124601        0.0013413718        0.0026478911        0.0021147145        0.0023573980        0.0022328212        0.0017652597        0.0015467324        0.0014743767        0.0017785522
       -5.6989070444        0.0018050544        0.0025556221        0.0021079618        0.0021899382        0.0024452288        0.0030251255        0.0014585797        0.0028506854        0.0022731938        0.0025429617        0.0024082592        0.0019075924        0.0016742733        0.0015919715        0.0019269630
       -5.3151382899        0.0019115466        0.0026912614        0.0022336828        0.0023139727        0.0025927142        0.0032034747        0.0015714836        0.0030159591        0.0024005018        0.0026939833        0.0025492143        0.0020238159        0.0017743911        0.0016850998        0.0020451825
       -4.9313695354        0.0020097327        0.0028059480        0.0023452135        0.0024292236        0.0027151487        0.0033459572        0.0016843302        0.0031514857        0.0025121460        0.0028178547        0.0026791543        0.0021222929        0.0018688995        0.0017657951        0.0021476368
       -4.5476007809        0.0020961972        0.0029027121        0.0024325441        0.0025340488        0.0028180124        0.0034628344        0.0017984444        0.0032657174        0.0026023289        0.0029232474        0.0027929457        0.0022079369        0.0019494970        0.0018374822        0.0022352496
       -4.1638320264        0.0021764356        0.0029895335        0.0025129846        0.0026270109        0.0029135138        0.0035734210        0.0019149209        0.0033699149        0.0026890985        0.0030256073        0.0028972198        0.0022893447        0.0020203058        0.0019089038        0.0023183519
       -3.7800632720        0.0022471628        0.0030722885        0.0025811296        0.0027114144        0.0029988034        0.0036739800        0.0020398182        0.0034610986        0.0027706986        0.0031142034        0.0029944568        0.0023621125        0.0020857727        0.0019783118        0.0023977478
       -3.3962945175        0.0023212695        0.0031670152        0.0026587469        0.0028003859        0.0030890096        0.0037879627        0.0021814747        0.0035572756        0.0028612112        0.0032112105        0.0030969690        0.0024416386        0.0021570706        0.0020538141        0.0024858326
       -3.0125257630        0.0023914992        0.0032590672        0.0027412478        0.0028892633        0.0031786648        0.0039011969        0.0023413264        0.0036552245        0.0029496408        0.0033075634        0.0031990919        0.0025220865        0.0022305400        0.0021325456        0.0025769353
       -2.6287570085        0.0024652656        0.0033520380        0.0028242025        0.0029799568        0.0032705090        0.0040117519        0.0025184699        0.0037522630        0.0030395851        0.0034049067        0.0033035670        0.0026054632        0.0023049618        0.0022152109        0.0026718788
       -2.2449882540        0.0025447043        0.0034484266        0.0029102155        0.0030725930        0.0033667256        0.0041225350        0.0027112968        0.0038524660        0.0031339754        0.0035044107        0.0034116072        0.0026893531        0.0023833582        0.0023018056        0.0027705174
       -1.8612194995        0.0026267706        0.0035449121        0.0029970831        0.0031667465        0.0034631828        0.0042348101        0.0029222900        0.0039530772        0.0032292144        0.0036046351        0.0035209476        0.0027731024        0.0024620569        0.0023893867        0.0028720469
       -1.4774507450        0.0027091122        0.0036419333        0.0030832246        0.0032598216        0.0035599527        0.0043455731        0.0031516922        0.0040527405        0.0033233907        0.0037044011        0.0036282808        0.0028576256        0.0025410740        0.0024791063        0.0029775250
       -1.0936819905        0.0027936286        0.0037416537        0.0031726445        0.0033550419        0.0036603735        0.0044586740        0.0034026282        0.0041543209        0.0034193302        0.0038073949        0.0037370010        0.0029447545        0.0026229992        0.0025736271        0.0030889793
       -0.7099132360        0.0028801428        0.0038420380        0.0032645227        0.0034516596        0.0037625541        0.0045719148        0.0036740916        0.0042569765        0.0035160493        0.0039117233        0.0038474399        0.0030338980        0.0027071740        0.0026721112        0.0032049703
       -0.3261444815        0.0029666325        0.0039413823        0.0033575938        0.0035487421        0.0038645984        0.0046830809        0.0039658373        0.0043589106        0.0036119794        0.0040157578        0.0039576578        0.0031239929        0.0027926181        0.0027728619        0.0033240073
        0.0576242729        0.0030534047        0.0040395707        0.0034516241        0.0036461479        0.0039663577        0.0047920506        0.0042797871        0.0044598648        0.0037073941        0.0041192368        0.0040676164        0.0032150746        0.0028795695        0.0028768821        0.0034468437
        0.4413930274        0.0031560662        0.0041523197        0.0035622572        0.0037593897        0.0040833283        0.0049145253        0.0046334748        0.0045750444        0.0038182436        0.0042374826        0.0041930256        0.0033227265        0.0029839768        0.0030020881        0.0035944484
        0.8251617819        0.0033592507        0.0043640544        0.0037737410        0.0039727748        0.0042993567        0.0051357138        0.0051151469        0.0047887147        0.0040285208        0.0044551456        0.0044187069        0.0035316696        0.0031905214        0.0032423928        0.0038773585
        1.2089305364        0.0036720085        0.0046846636        0.0040953247        0.0042953876        0.0046255182        0.0054655565        0.0057376844        0.0051116242        0.0043482621        0.0047821057        0.0047539181        0.0038503969        0.0035078986        0.0036077025        0.0043094526
        1.5926992909        0.0040948167        0.0051154852        0.0045294860        0.0047278745        0.0050634488        0.0059050074        0.0065125324        0.0055448313        0.0047786989        0.0052217396        0.0052003606        0.0042792790        0.0039350236        0.0041026527        0.0048899298
        1.9764680454        0.0046045515        0.0056338644        0.0050542953        0.0052499864        0.0055918723        0.0064361256        0.0074200024        0.0060664751        0.0052979495        0.0057500499        0.0057385551        0.0047959258        0.0044514720        0.0047016000        0.0055931737
        2.3602367999        0.0051582626        0.0062031818        0.0056273607        0.0058213307        0.0061670554        0.0070182320        0.0084430196        0.0066340049        0.0058642792        0.0063275650        0.0063243558        0.0053625780        0.0050153776        0.0053618472        0.0063684172
        2.7440055544        0.0058070910        0.0068720706        0.0062937221        0.0064902179        0.0068482463        0.0077008852        0.0096417067        0.0073169272        0.0065397232        0.0070011150        0.0070080462        0.0060226592        0.0056702534        0.0061431054        0.0072787814
        3.1277743089        0.0065102924        0.0076325882        0.0070245352        0.0072341518        0.0076372494        0.0084801631        0.0110155871        0.0080952385        0.0072810921        0.0077620012        0.0077741065        0.0067480588        0.0063753955        0.0070051621        0.0082923455
        3.5115430634        0.0072705780        0.0084322047        0.0078137883        0.0080194654        0.0084296759        0.0092971471        0.0126233477        0.0088575778        0.0080874282        0.0085860569        0.0085957221        0.0075137528        0.0071454286        0.0079187663        0.0094154805
        3.8953118178        0.0083389888        0.0095295010        0.0089188477        0.0091167620        0.0095438940        0.0104068531        0.0148489633        0.0099591288        0.0091653104        0.0096961598        0.0097284985        0.0085847811        0.0082254938        0.0092273764        0.0109768580
        4.2790805723        0.0093683645        0.0106442625        0.0100284849        0.0102034045        0.0106878889        0.0115554821        0.0173519021        0.0111264397        0.0102634887        0.0107930202        0.0108536688        0.0096190320        0.0092589195        0.0105304862        0.0125541310
        4.6628493268        0.0106901919        0.0120896877        0.0114107921        0.0116075984        0.0121070870        0.0130147115        0.0208085021        0.0125816807        0.0116664247        0.0122245252        0.0122873669        0.0109623382        0.0105760438        0.0122554219        0.0146212632
        5.0466180813        0.0120401595        0.0134345109        0.0127825495        0.0130185596        0.0134627315        0.0143992320        0.0253068804        0.0139658845        0.0130546452        0.0136529903        0.0136928675        0.0122735589        0.0119154920        0.0140073102        0.0167907161
        5.4303868358        0.0136752026        0.0152134171        0.0145040119        0.0147835421        0.0152910197        0.0162232758        0.0316214410        0.0157334755        0.0148261624        0.0154814869        0.0154289049        0.0139398433        0.0135394651        0.0163137002        0.0195922028
        5.8141555903        0.0158981619        0.0176279200        0.0168785511        0.0171153729        0.0176976313        0.0185599824        0.0419167458        0.0180662658        0.0172347916        0.0178731420        0.0178135842        0.0161553762        0.0157146628        0.0195098787        0.0235218849
        6.1979243448        0.0182699435        0.0200545246        0.0194019564        0.0196272366        0.0202878596        0.0211075077        0.0573535665        0.0205389608        0.0197639593        0.0203941191        0.0204116756        0.0185923129        0.0180250917        0.0229955742        0.0278926126
        6.5816930993        0.0212779563        0.0232940406        0.0226238139        0.0228759214        0.0235898139        0.0243846942        0.0853452362        0.0235890857        0.0231280567        0.0237781227        0.0236867023        0.0216175811        0.0210444626        0.0275114771        0.0335125453
        6.9654618538        0.0291782875        0.0311883424        0.0293823734        0.0293603248        0.0306470029        0.0324225785        0.2182195511        0.0309713088        0.0296379303        0.0306879931        0.0309736473        0.0289068833        0.0284160186        0.0342474620        0.0417345372
        7.3492306083        0.0356088826        0.0382624953        0.0385792240        0.0391750525        0.0411590259        0.0394532182        0.5710451462        0.0388535908        0.0393289649        0.0412046065        0.0410174042        0.0365254762        0.0357342160        0.0447748064        0.0571268662
        7.7329993627        0.0463026539        0.0486206394        0.0577306716        0.0576713165        0.0608380045        0.0504392892        1.2064054568        0.0512196571        0.0582089614        0.0606234406        0.0606661771        0.0482783773        0.0482713567        0.0650962402        0.0881415132
        8.1167681172        0.0427023316        0.0460422965        0.0454467217        0.0462150621        0.0466589778        0.0473275145        0.6175181122        0.0440256052        0.0460144020        0.0478054861        0.0473376004        0.0416307971        0.0403927981        0.0717207512        0.0904167373
        8.5005368717        0.0441714792        0.0467666099        0.0436539134        0.0440133659        0.0442860604        0.0489058595        0.5764816206        0.0447141805        0.0436757073        0.0446337620        0.0444481177        0.0417412911        0.0409220447        0.0657199658        0.0805711071
        8.8843056262        0.0520667169        0.0553408096        0.0501326706        0.0514235567        0.0509087449        0.0573750364        0.5698940233        0.0519335910        0.0506932168        0.0511213446        0.0507959156        0.0492212677        0.0479922613        0.0878059816        0.1080294464
        9.2680743807        0.0501893241        0.0539033582        0.0477365315        0.0484653348        0.0484895505        0.0559729598        0.3308868008        0.0504844688        0.0484874027        0.0488600670        0.0484689891        0.0469211045        0.0458349573        0.0738178038        0.0893448261
        9.6518431352        0.0487820970        0.0525815073        0.0461628639        0.0465383488        0.0473359110        0.0549588738        0.2224380312        0.0492041826        0.0462886201        0.0481463014        0.0476149073        0.0455066587        0.0442726236        0.0655452384        0.0763599403
       10.0356118897        0.0473748581        0.0524695427        0.0409420962        0.0421088642        0.0433084495        0.0543708619        0.1229015448        0.0482139017        0.0411990562        0.0445277318        0.0439073497        0.0446617667        0.0429615619        0.0500974859        0.0576308389
       10.4193806442        0.0487274057        0.0549758923        0.0411109455        0.0425652243        0.0426179575        0.0567991979        0.0996404385        0.0511785279        0.0401113835        0.0459562765        0.0449615474        0.0476146931        0.0456216119        0.0469778266        0.0561949264
       10.8031493987        0.0583853901        0.0652801182        0.0485596204        0.0502281044        0.0511180520        0.0679113479        0.1082754356        0.0627214899        0.0476262288        0.0537534567        0.0534651790        0.0590063190        0.0563159368        0.0588088808        0.0751614116
       11.1869181532        0.0751412105        0.0819565159        0.0612078571        0.0635469652        0.0649087233        0.0843780291        0.1150685196        0.0787851512        0.0594913866        0.0684374852        0.0672252413        0.0755790600        0.0723672508        0.0685852592        0.0881635188
       11.5706869076        0.1015648676        0.1093184819        0.0878278368        0.0908558832        0.0929266518        0.1075484459        0.0998817423        0.0996445482        0.0851758801        0.0977110460        0.0956821702        0.1000397680        0.0966670049        0.0749890203        0.0995153232
       11.9544556621        0.0918338942        0.1003780843        0.0820603136        0.0845677837        0.0862101502        0.0939906345        0.0715962352        0.0897422542        0.0838766709        0.0944897028        0.0917207536        0.0883074655        0.0867814487        0.0716821003        0.0975977470
       12.3382244166        0.0824087395        0.0904762969        0.0719962648        0.0740183970        0.0794650178        0.0877831408        0.0565191518        0.0824688847        0.0731664169        0.0823839497        0.0814613161        0.0800596827        0.0770412223        0.0668433064        0.0876525346
       12.7219931711        0.0915376390        0.0963912116        0.0750424764        0.0780659961        0.0861618105        0.0961518579        0.0586592987        0.0887994243        0.0757843327        0.0854388241        0.0862752348        0.0907174568        0.0883919332        0.0737395953        0.0951325957
       13.1057619256        0.1019724494        0.1084525779        0.0802525626        0.0839571396        0.0930879770        0.1085923642        0.0663650491        0.1047038449        0.0802562369        0.0951329576        0.0961868558        0.1041095322        0.1004546192        0.0778122596        0.0955970519
       13.4895306801        0.0758613271        0.0842326710        0.0634249897        0.0676557254        0.0758250482        0.0835460691        0.0489800237        0.0865071176        0.0645828522        0.0796980798        0.0785267955        0.0866154147        0.0826842658        0.0641251709        0.0776659146
       13.8732994346        0.0702082061        0.0801121135        0.0612785618        0.0646239198        0.0707982036        0.0817228200        0.0362158779        0.0816568464        0.0600357563        0.0762256596        0.0757613574        0.0811737835        0.0759209669        0.0615642053        0.0764335621
       14.2570681891        0.0626008261        0.0752196935        0.0569563959        0.0617423515        0.0666124294        0.0787264209        0.0297919735        0.0760932598        0.0560750582        0.0730655121        0.0699701229        0.0738864794        0.0674368125        0.0617412778        0.0776066656
       14.6408369436        0.0598310820        0.0734265188        0.0547218622        0.0598452871        0.0669336155        0.0780371114        0.0279169510        0.0741452251        0.0566419463        0.0725016666        0.0682972857        0.0705222347        0.0650026345        0.0687371256        0.0874425302
       15.0246056981        0.0509138360        0.0633217653        0.0474875760        0.0511264010        0.0599815755        0.0651319583        0.0249794197        0.0618361218        0.0491435264        0.0636297359        0.0614921403        0.0598922235        0.0548708160        0.0666926385        0.0856437173
       15.4083744526        0.0571941052        0.0644526419        0.0609590284        0.0603327141        0.0753815431        0.0690836528        0.0271417016        0.0619244174        0.0618020133        0.0731062336        0.0791679188        0.0582765784        0.0566815416        0.0944424675        0.1216760877
       15.7921432070        0.0699241705        0.0788954669        0.0966128637        0.0919409236        0.1029355652        0.0822815104        0.0327023281        0.0709348364        0.0926270416        0.1005084994        0.1061935375        0.0698149244        0.0651950408        0.1770798367        0.2527936838
       16.1759119615        0.0765397565        0.0842291021        0.1027196341        0.0915864793        0.0971512031        0.0883527693        0.0286243290        0.0749103569        0.0895987011        0.0939390065        0.1008129729        0.0756849121        0.0717718872        0.1564923152        0.2472446149
       16.5596807160        0.0839812697        0.0853962221        0.0848535215        0.0783076962        0.0847051380        0.0922502156        0.0187848179        0.0809442407        0.0747536430        0.0872722745        0.0867368749        0.0798643672        0.0846810217        0.1060261144        0.1660369163
       16.9434494705        0.1199376244        0.1102031138        0.0954459593        0.0870922747        0.1056227588        0.1255090420        0.0169131927        0.1142404139        0.0909145949        0.1071463559        0.1081548202        0.1045555089        0.1211438056        0.1093092592        0.1349872861
       17.3272182250        0.1457715306        0.1228204843        0.0939586372        0.0830277047        0.1009384587        0.1235172701        0.0150027996        0.1130927251        0.0885553415        0.1045570162        0.1156447300        0.1149974394        0.1383660055        0.0931045681        0.0943737395
       17.7109869795        0.1985310461        0.1497485387        0.1373828675        0.1062470646        0.1244106701        0.1524886220        0.0177051401        0.1511356795        0.1205446990        0.1127759026        0.1281632262        0.1487391878        0.1717180228        0.0927920572        0.1009955021
       18.0947557340        0.1750638601        0.1316725912        0.1361052547        0.1131023458        0.1241997238        0.1411510907        0.0183955948        0.1328756081        0.1142065857        0.1104462845        0.1176690492        0.1312787346        0.1487587624        0.0858088328        0.1062628778
       18.4785244885        0.1389754842        0.1225984703        0.1140332725        0.0979681052        0.1100319208        0.1196845282        0.0144495301        0.1097446465        0.1045340633        0.0992576343        0.1111724236        0.1210108911        0.1285164126        0.0748263656        0.0839770739
       18.8622932430        0.1749707007        0.1533783856        0.1218788721        0.1085616677        0.1332521007        0.1543013314        0.0159832267        0.1403111104        0.1319150450        0.1176995082        0.1211046296        0.1459394429        0.1554698216        0.0870067463        0.1021296114
       19.2460619975        0.1637059187        0.1553155299        0.0922588121        0.1012755623        0.1172909870        0.1443663592        0.0110516412        0.1253631194        0.1056744671        0.1190941966        0.1065755217        0.1512432074        0.1429015538        0.0725229699        0.0976913700
       19.6298307519        0.1617892567        0.1604141543        0.0858322730        0.0949546911        0.1033939192        0.1306714832        0.0086602194        0.1178768456        0.0960179305        0.1092620326        0.1035186910        0.1532356231        0.1446827752        0.0730682454        0.0971009785
       20.0135995064        0.1501314589        0.1554482438        0.0955120308        0.1025159629        0.1068913329        0.1458179603        0.0088743863        0.1257855935        0.0933263713        0.1155713515        0.1076696543        0.1583441519        0.1464484313        0.0739262774        0.1099935395
       20.3973682609        0.1109955613        0.1158557691        0.0839197033        0.0846229910        0.0891196189        0.1204773307        0.0075314257        0.1060440582        0.0750656364        0.0947802590        0.0887138814        0.1224855181        0.1114995439        0.0598828319        0.0974145100
       20.7811370154        0.1169263167        0.1256712478        0.0948227299        0.0918513001        0.0985886453        0.1376322476        0.0079238510        0.1162804976        0.0852030284        0.1003316571        0.1002432640        0.1293942074        0.1156836611        0.0575229460        0.1102409731
       21.1649057699        0.1746094556        0.1708924475        0.1129171697        0.1069490889        0.1202892875        0.1729160156        0.0094301512        0.1560403271        0.1095337524        0.1140548483        0.1184595184        0.1693581657        0.1564139243        0.0653257883        0.1301932161
       21.5486745244        0.2153127956        0.1820266577        0.1004429608        0.1026683851        0.1373930181        0.1737849001        0.0081807077        0.1494046824        0.1084988731        0.1116850158        0.1070242971        0.1764829359        0.1955659401        0.0530894999        0.1069937604
       21.9324432789        0.2227849627        0.1628334885        0.0972067407        0.1180367481        0.1447435303        0.1623674700        0.0088709532        0.1326382640        0.1039188478        0.1111788581        0.1130349211        0.1617430343        0.1954071767        0.0508594975        0.1022426216
       22.3162120334        0.2018426304        0.1628346075        0.1200059218        0.1281705933        0.1365221460        0.1760523321        0.0098762668        0.1658773769        0.1144215954        0.1219853928        0.1283772762        0.1741040370        0.1832917247        0.0608800110        0.1045348033
       22.6999807879        0.3484235548        0.2917650225        0.1641193871        0.1768994851        0.1839222537        0.2560679899        0.0113717709        0.3178193564        0.1705342374        0.1644529663        0.1863634836        0.2420381376        0.2536283245        0.0793548289        0.1228951149
       23.0837495424        0.3433172037        0.3271861218        0.1742371688        0.1705196497        0.1859880696        0.3001231970        0.0106658303        0.3026923554        0.1474421588        0.1955918981        0.2249131826        0.3320189844        0.3185109419        0.0577104541        0.1036465337
       23.4675182968        0.1356621532        0.1280833644        0.0918986293        0.0863735453        0.0875007950        0.1074826117        0.0051881037        0.1186309596        0.0938630217        0.0961600168        0.1032690598        0.1558332323        0.1374623006        0.0368872451        0.0601049158
       23.8512870513        0.1620977961        0.1458069569        0.1149173217        0.1130164404        0.0973929579        0.1042735449        0.0050316929        0.1303966762        0.1493621140        0.0874337490        0.0884787231        0.1722620694        0.1993826302        0.0457786681        0.0618200082
       24.2350558058        0.1715808670        0.1648678343        0.1619025112        0.1626134154        0.1015188682        0.1251056136        0.0060296713        0.1765263619        0.1929651448        0.1075403010        0.0883666902        0.1690611764        0.1880961184        0.0785413128        0.0747711263
       24.6188245603        0.1422376739        0.1496789125        0.1796590348        0.1880141789        0.1168920341        0.1542203501        0.0073378309        0.2011274431        0.1838177494        0.1329786565        0.1180528881        0.1897185307        0.1869862496        0.1285501000        0.1001813976
       25.0025933148        0.1163133823        0.1267217863        0.1550352418        0.1624649761        0.0951439665        0.1360065770        0.0061011001        0.1714489015        0.1489884108        0.0943110222        0.0943277939        0.1738922247        0.1619063578        0.1022869671        0.0878347500
       25.3863620693        0.1189643561        0.1350861137        0.1817056116        0.1837259208        0.1112429244        0.1405897624        0.0064025320        0.1755299965        0.1961199230        0.1039663596        0.1044351186        0.1718180220        0.1702219613        0.1107066095        0.0852823840
       25.7701308238        0.1329619299        0.1474415415        0.1968801580        0.2068683965        0.1379384855        0.1464456974        0.0063164764        0.1654975168        0.2132449382        0.1389496942        0.1382172490        0.1646266733        0.1632337827        0.0785964526        0.0719694545
       26.1538995783        0.1412551538        0.1511075957        0.2294416847        0.2284316901        0.1809569138        0.1604124645        0.0073321081        0.1711638029        0.2218882159        0.1685675242        0.1655949178        0.1646109748        0.1611031288        0.0568243130        0.0595959501
       26.5376683328        0.1577187231        0.1625683890        0.3661924683        0.3215056229        0.2732307317        0.1779839734        0.0124954713        0.1889683741        0.3132801225        0.2790517753        0.2479907222        0.1724902202        0.1563126245        0.0509769236        0.0544527694
       26.9214370873        0.0350341442        0.0493713387        0.1079608340        0.1178320336        0.0841195284        0.0563062291        0.0030353666        0.0570882687        0.1128742996        0.0894002595        0.0929362366        0.0454708621        0.0430153237        0.0258496199        0.0347138827
       27.3052058417        0.0381073688        0.0565607557        0.1449865546        0.1567510154        0.0764303277        0.0656382519        0.0034589759        0.0675156007        0.1493447592        0.0804216039        0.0822743391        0.0540466180        0.0485960486        0.0379805459        0.0773585119
       27.6889745962        0.0360403445        0.0510583080        0.6144631631        0.6161228954        0.1180824082        0.0577852887        0.0029950221        0.0820487586        0.6082225666        0.1209312701        0.1201380779        0.0706779539        0.0661519916        0.1141222624        0.3973375873
       28.0727433507        0.0270831594        0.0401364385        0.1208386652        0.1228621373        0.0504630802        0.0447721882        0.0022706013        0.0444546242        0.1204041985        0.0529629785        0.0517904090        0.0342171089        0.0296342507        0.0270249920        0.0704844385
       28.4565121052        0.0938174465        0.1046718428        0.5800806633        0.6012784372        0.2220047800        0.1114491912        0.0024178191        0.0732556975        0.5882523508        0.2222925377        0.2277826416        0.0614134021        0.0585318005        0.0398612045        0.3092955707
       28.8402808597        0.0759590907        0.0883307908        0.3309532115        0.3272747485        0.1765341119        0.0921963945        0.0039237142        0.0785152470        0.3111651485        0.1759671147        0.1745036065        0.0666203800        0.0631289246        0.5496230780        0.6018548281
       29.2240496142        0.1071896053        0.1197618918        0.5604548280        0.5668250858        0.2424223177        0.1236313681        0.0034156976        0.0721104095        0.5619893106        0.2445597643        0.2441772579        0.0611646881        0.0579380058        0.1441259440        0.3220428896
       29.6078183687        0.0279158441        0.0407854478        0.0705061472        0.0729676279        0.0437080484        0.0449745470        0.0023531007        0.0401815614        0.0707656370        0.0495939839        0.0478648160        0.0274308078        0.0247172244        0.0245117713        0.0394134338
       29.9915871232        0.0192489907        0.0307345379        0.0377031974        0.0389388333        0.0281169968        0.0326591100        0.0018519335        0.0305562203        0.0379583970        0.0327424693        0.0313129618        0.0203603243        0.0179957527        0.0150676902        0.0200863270
       30.3753558777        0.0132843198        0.0222224186        0.0223134762        0.0228851425        0.0195372108        0.0225687638        0.0013017797        0.0217246700        0.0223148030        0.0228201650        0.0217178063        0.0144553636        0.0128414181        0.0102732584        0.0115491535
       30.7591246322        0.0084696701        0.0139374620        0.0120025561        0.0124033077        0.0140521927        0.0135233912        0.0007966975        0.0134270074        0.0120074267        0.0158313941        0.0149581660        0.0092808424        0.0081961128        0.0073109331        0.0066124718
       31.1428933867        0.0121751407        0.0145439186        0.0161437759        0.0164064237        0.0767229956        0.0143059405        0.0016869991        0.0171753579        0.0165625143        0.0777664526        0.0774051241        0.0154718133        0.0154994840        0.0392313587        0.0152469242
       31.5266621411        0.2426133983        0.2453593513        0.0835388859        0.0841847440        0.4075223881        0.2470112915        0.0044611991        0.3396734887        0.0843259390        0.4086649316        0.4078614696        0.3368573713        0.3348864787        0.1712121846        0.0957617043
       31.9104308956        0.1687513243        0.1686719545        0.0517654199        0.0535315464        0.1283774948        0.1681938357        0.0017492791        0.1549773831        0.0539887063        0.1293983817        0.1296587319        0.1536833555        0.1544875742        0.1134515656        0.0845093937
       32.2941996501        0.0996054949        0.1008260247        0.0139709048        0.0141699319        0.0236425205        0.1008297288        0.0009739571        0.1069708603        0.0141964739        0.0239666560        0.0237763607        0.1063080385        0.1058008908        0.0480583343        0.0372311542
       32.6779684046        0.0342154077        0.0345530430        0.0058212748        0.0058869862        0.0080771293        0.0345547707        0.0002864177        0.0370935604        0.0058869759        0.0082726158        0.0082193819        0.0369518548        0.0367894035        0.0238765091        0.0195609202
       33.0617371591        0.0001368586        0.0001535849        0.0000893909        0.0001013697        0.0002166583        0.0001932391        0.0000059887        0.0001833342        0.0001063427        0.0003367931        0.0002563358        0.0001436389        0.0001632243        0.0003761355        0.0000962099
       33.4455059136        0.0222811024        0.0223918151        0.0765316635        0.0765667331        0.7446662792        0.0223339279        0.0003205169        0.0323481285        0.0765534178        0.7448624211        0.7449348060        0.0321391175        0.0320656987        1.2456927114        0.0203387056
       33.8292746681        0.0000174603        0.0000660369        0.0000332827        0.0000351121        0.0000889749        0.0000463296        0.0000025285        0.0000484237        0.0000351309        0.0000866935        0.0000882878        0.0000500362        0.0000122925        0.0001149133        0.0000148374
       34.2130434226        0.0000048662        0.0000249787        0.0000070833        0.0000088272        0.0000239930        0.0000187111        0.0000014198        0.0000148994        0.0000096889        0.0000251162        0.0000245312        0.0000202784        0.0000037849        0.0000340512        0.0000034573
       34.5968121771        0.0000033580        0.0000152826        0.0000032803        0.0000046268        0.0000117943        0.0000103240        0.0000009975        0.0000087852        0.0000047634        0.0000124119        0.0000115214        0.0000125120        0.0000024111        0.0000164373        0.0000011094
       34.9805809316        0.0000022900        0.0000085786        0.0000019556        0.0000029333        0.0000057888        0.0000055338        0.0000006632        0.0000056150        0.0000028757        0.0000062286        0.0000056222        0.0000070885        0.0000013469        0.0000079002        0.0000006399
       35.3643496860        0.0000013127        0.0000029908        0.0000010341        0.0000016782        0.0000028284        0.0000017190        0.0000003587        0.0000027719        0.0000015404        0.0000030579        0.0000027813        0.0000024412        0.0000004374        0.0000038861        0.0000002549
       35.7481184405        0.0000009243        0.0000017880        0.0000007069        0.0000011966        0.0000016643        0.0000009335        0.0000002581        0.0000018755        0.0000010805        0.0000018156        0.0000016018        0.0000013939        0.0000002406        0.0000022396        0.0000001667
       36.1318871950        0.0000006448        0.0000012197        0.0000004682        0.0000008132        0.0000009099        0.0000006190        0.0000001840        0.0000013122        0.0000007305        0.0000010011        0.0000008423        0.0000009564        0.0000001587        0.0000011751        0.0000001142
       36.5156559495        0.0000003837        0.0000007127        0.0000002666        0.0000004736        0.0000004209        0.0000003529        0.0000001115        0.0000007828        0.0000004236        0.0000004682        0.0000003690        0.0000005616        0.0000000901        0.0000005132        0.0000000670
       36.8994247040        0.0000001704        0.0000003117        0.0000001140        0.0000002066        0.0000001427        0.0000001511        0.0000000502        0.0000003483        0.0000001841        0.0000001612        0.0000001155        0.0000002466        0.0000000384        0.0000001598        0.0000000294
       37.2831934585        0.0000000341        0.0000000616        0.0000000221        0.0000000407        0.0000000212        0.0000000293        0.0000000102        0.0000000699        0.0000000362        0.0000000244        0.0000000150        0.0000000489        0.0000000074        0.0000000205        0.0000000058
       37.6669622130        0.0000000000        0.0000000000        0.0000000000        0.0000000000        0.0000000000        0.0000000000        0.0000000000        0.0000000000        0.0000000000        0.0000000000        0.0000000000        0.0000000000        0.0000000000        0.0000000000        0.0000000000
       38.0507309675        0.0000000000        0.0000000000        0.0000000000        0.0000000000        0.0000000000        0.0000000000        0.0000000000        0.0000000000        0.0000000000        0.0000000000        0.0000000000        0.0000000000        0.0000000000        0.0000000000        0.0000000000
       38.4344997220        0.0000000000        0.0000000000        0.0000000000        0.0000000000        0.0000000000        0.0000000000        0.0000000000        0.0000000000        0.0000000000        0.0000000000        0.0000000000        0.0000000000        0.0000000000        0.0000000000        0.0000000000
       38.8182684765        0.0000000000        0.0000000000        0.0000000000        0.0000000000        0.0000000000        0.0000000000        0.0000000000        0.0000000000        0.0000000000        0.0000000000        0.0000000000        0.0000000000        0.0000000000        0.0000000000        0.0000000000
       39.2020372309        0.0000000000        0.0000000000        0.0000000000        0.0000000000        0.0000000000        0.0000000000        0.0000000000        0.0000000000        0.0000000000        0.0000000000        0.0000000000        0.0000000000        0.0000000000        0.0000000000        0.0000000000
       39.5858059854        0.0000000000        0.0000000000        0.0000000000        0.0000000000        0.0000000000        0.0000000000        0.0000000000        0.0000000000        0.0000000000        0.0000000000        0.0000000000        0.0000000000        0.0000000000        0.0000000000        0.0000000000
       39.9695747399        0.0000000000        0.0000000000        0.0000000000        0.0000000000        0.0000000000        0.0000000000        0.0000000000        0.0000000000        0.0000000000        0.0000000000        0.0000000000        0.0000000000        0.0000000000        0.0000000000        0.0000000000
       40.3533434944        0.0000000000        0.0000000000        0.0000000000        0.0000000000        0.0000000000        0.0000000000        0.0000000000        0.0000000000        0.0000000000        0.0000000000        0.0000000000        0.0000000000        0.0000000000        0.0000000000        0.0000000000
       40.7371122489        0.0000000000        0.0000000000        0.0000000000        0.0000000000        0.0000000000        0.0000000000        0.0000000000        0.0000000000        0.0000000000        0.0000000000        0.0000000000        0.0000000000        0.0000000000        0.0000000000        0.0000000000
       41.1208810034        0.0000000000        0.0000000000        0.0000000000        0.0000000000        0.0000000000        0.0000000000        0.0000000000        0.0000000000        0.0000000000        0.0000000000        0.0000000000        0.0000000000        0.0000000000        0.0000000000        0.0000000000
       41.5046497579        0.0000000000        0.0000000000        0.0000000000        0.0000000000        0.0000000000        0.0000000000        0.0000000000        0.0000000000        0.0000000000        0.0000000000        0.0000000000        0.0000000000        0.0000000000        0.0000000000        0.0000000000
       41.8884185124        0.0000000000        0.0000000000        0.0000000000        0.0000000000        0.0000000000        0.0000000000        0.0000000000        0.0000000000        0.0000000000        0.0000000000        0.0000000000        0.0000000000        0.0000000000        0.0000000000        0.0000000000
       42.2721872669        0.0000000000        0.0000000000        0.0000000000        0.0000000000        0.0000000000        0.0000000000        0.0000000000        0.0000000000        0.0000000000        0.0000000000        0.0000000000        0.0000000000        0.0000000000        0.0000000000        0.0000000000
       42.6559560214        0.0000000000        0.0000000000        0.0000000000        0.0000000000        0.0000000000        0.0000000000        0.0000000000        0.0000000000        0.0000000000        0.0000000000        0.0000000000        0.0000000000        0.0000000000        0.0000000000        0.0000000000
       43.0397247758        0.0000000000        0.0000000000        0.0000000000        0.0000000000        0.0000000000        0.0000000000        0.0000000000        0.0000000000        0.0000000000        0.0000000000        0.0000000000        0.0000000000        0.0000000000        0.0000000000        0.0000000000
       43.4234935303        0.0000000000        0.0000000000        0.0000000000        0.0000000000        0.0000000000        0.0000000000        0.0000000000        0.0000000000        0.0000000000        0.0000000000        0.0000000000        0.0000000000        0.0000000000        0.0000000000        0.0000000000
       43.8072622848        0.0000000000        0.0000000000        0.0000000000        0.0000000000        0.0000000000        0.0000000000        0.0000000000        0.0000000000        0.0000000000        0.0000000000        0.0000000000        0.0000000000        0.0000000000        0.0000000000        0.0000000000
       44.1910310393        0.0000000000        0.0000000000        0.0000000000        0.0000000000        0.0000000000        0.0000000000        0.0000000000        0.0000000000        0.0000000000        0.0000000000        0.0000000000        0.0000000000        0.0000000000        0.0000000000        0.0000000000
       44.5747997938        0.0000000000        0.0000000000        0.0000000000        0.0000000000        0.0000000000        0.0000000000        0.0000000000        0.0000000000        0.0000000000        0.0000000000        0.0000000000        0.0000000000        0.0000000000        0.0000000000        0.0000000000
       44.9585685483        0.0000000000        0.0000000000        0.0000000000        0.0000000000        0.0000000000        0.0000000000        0.0000000000        0.0000000000        0.0000000000        0.0000000000        0.0000000000        0.0000000000        0.0000000000        0.0000000000        0.0000000000
       45.3423373028        0.0000000000        0.0000000000        0.0000000000        0.0000000000        0.0000000000        0.0000000000        0.0000000000        0.0000000000        0.0000000000        0.0000000000        0.0000000000        0.0000000000        0.0000000000        0.0000000000        0.0000000000
       45.7261060573        0.0000000000        0.0000000000        0.0000000000        0.0000000000        0.0000000000        0.0000000000        0.0000000000        0.0000000000        0.0000000000        0.0000000000        0.0000000000        0.0000000000        0.0000000000        0.0000000000        0.0000000000
       46.1098748118        0.0000000000        0.0000000000        0.0000000000        0.0000000000        0.0000000000        0.0000000000        0.0000000000        0.0000000000        0.0000000000        0.0000000000        0.0000000000        0.0000000000        0.0000000000        0.0000000000        0.0000000000
       46.4936435663        0.0000000000        0.0000000000        0.0000000000        0.0000000000        0.0000000000        0.0000000000        0.0000000000        0.0000000000        0.0000000000        0.0000000000        0.0000000000        0.0000000000        0.0000000000        0.0000000000        0.0000000000
       46.8774123207        0.0007130613        0.0007130613        0.0171521665        0.0171521665        0.0045939199        0.0007130613        5.3682857635        0.0008121635        0.0171521665        0.0045939199        0.0045939199        0.0008121635        0.0008121635        1.4706047085        1.1532506261
       47.2611810752        0.0000361114        0.0000361114        0.0004802366        0.0004802366        0.0000920056        0.0000361114        0.2156018161        0.0000323410        0.0004802366        0.0000920056        0.0000920056        0.0000323410        0.0000323410        0.0572873871        0.0449934825
       47.6449498297        0.0000000000        0.0000000000        0.0000000000        0.0000000000        0.0000000000        0.0000000000        0.0000000000        0.0000000000        0.0000000000        0.0000000000        0.0000000000        0.0000000000        0.0000000000        0.0000000000        0.0000000000
       48.0287185842        0.0000000000        0.0000000000        0.0000000000        0.0000000000        0.0000000000        0.0000000000        0.0000000000        0.0000000000        0.0000000000        0.0000000000        0.0000000000        0.0000000000        0.0000000000        0.0000000000        0.0000000000
       48.4124873387        0.0000000000        0.0000000000        0.0000000000        0.0000000000        0.0000000000        0.0000000000        0.0000000000        0.0000000000        0.0000000000        0.0000000000        0.0000000000        0.0000000000        0.0000000000        0.0000000000        0.0000000000
       48.7962560932        0.0000000000        0.0000000000        0.0000000000        0.0000000000        0.0000000000        0.0000000000        0.0000000000        0.0000000000        0.0000000000        0.0000000000        0.0000000000        0.0000000000        0.0000000000        0.0000000000        0.0000000000
       49.1800248477        0.0000000000        0.0000000000        0.0000000000        0.0000000000        0.0000000000        0.0000000000        0.0000000000        0.0000000000        0.0000000000        0.0000000000        0.0000000000        0.0000000000        0.0000000000        0.0000000000        0.0000000000
       49.5637936022        0.0000000000        0.0000000000        0.0000000000        0.0000000000        0.0000000000        0.0000000000        0.0000000000        0.0000000000        0.0000000000        0.0000000000        0.0000000000        0.0000000000        0.0000000000        0.0000000000        0.0000000000
       49.9475623567        0.0000000000        0.0000000000        0.0000000000        0.0000000000        0.0000000000        0.0000000000        0.0000000000        0.0000000000        0.0000000000        0.0000000000        0.0000000000        0.0000000000        0.0000000000        0.0000000000        0.0000000000
       50.3313311112        0.0000000000        0.0000000000        0.0000000000        0.0000000000        0.0000000000        0.0000000000        0.0000000000        0.0000000000        0.0000000000        0.0000000000        0.0000000000        0.0000000000        0.0000000000        0.0000000000        0.0000000000
       50.7150998657        0.0000000000        0.0000000000        0.0000000000        0.0000000000        0.0000000000        0.0000000000        0.0000000000        0.0000000000        0.0000000000        0.0000000000        0.0000000000        0.0000000000        0.0000000000        0.0000000000        0.0000000000
       51.0988686201        0.0000000000        0.0000000000        0.0000000000        0.0000000000        0.0000000000        0.0000000000        0.0000000000        0.0000000000        0.0000000000        0.0000000000        0.0000000000        0.0000000000        0.0000000000        0.0000000000        0.0000000000
       51.4826373746        0.0000000000        0.0000000000        0.0000000000        0.0000000000        0.0000000000        0.0000000000        0.0000000000        0.0000000000        0.0000000000        0.0000000000        0.0000000000        0.0000000000        0.0000000000        0.0000000000        0.0000000000
       51.8664061291        0.0000000000        0.0000000000        0.0000000000        0.0000000000        0.0000000000        0.0000000000        0.0000000000        0.0000000000        0.0000000000        0.0000000000        0.0000000000        0.0000000000        0.0000000000        0.0000000000        0.0000000000
       52.2501748836        0.0000000000        0.0000000000        0.0000000000        0.0000000000        0.0000000000        0.0000000000        0.0000000000        0.0000000000        0.0000000000        0.0000000000        0.0000000000        0.0000000000        0.0000000000        0.0000000000        0.0000000000
       52.6339436381        0.0000000000        0.0000000000        0.0000000000        0.0000000000        0.0000000000        0.0000000000        0.0000000000        0.0000000000        0.0000000000        0.0000000000        0.0000000000        0.0000000000        0.0000000000        0.0000000000        0.0000000000
       53.0177123926        0.0000000000        0.0000000000        0.0000000000        0.0000000000        0.0000000000        0.0000000000        0.0000000000        0.0000000000        0.0000000000        0.0000000000        0.0000000000        0.0000000000        0.0000000000        0.0000000000        0.0000000000
       53.4014811471        0.0000000000        0.0000000000        0.0000000000        0.0000000000        0.0000000000        0.0000000000        0.0000000000        0.0000000000        0.0000000000        0.0000000000        0.0000000000        0.0000000000        0.0000000000        0.0000000000        0.0000000000
       53.7852499016        0.0000000000        0.0000000000        0.0000000000        0.0000000000        0.0000000000        0.0000000000        0.0000000000        0.0000000000        0.0000000000        0.0000000000        0.0000000000        0.0000000000        0.0000000000        0.0000000000        0.0000000000
