# Tetrahedron method
       -6.3687064185        0.0000000000        0.0000000000        0.0000000000        0.0000000000        0.0000000000        0.0000000000        0.0000000000        0.0000000000        0.0000000000        0.0000000000        0.0000000000        0.0000000000        0.0000000000        0.0000000000        0.0000000000
       -6.1423017342        0.0000000000        0.0000000000        0.0000000000        0.0000000000        0.0000000000        0.0000000000        0.0000000000        0.0000000000        0.0000000000        0.0000000000        0.0000000000        0.0000000000        0.0000000000        0.0000000000        0.0000000000
       -5.9158970498        0.0000000000        0.0000000000        0.0000000000        0.0000000000        0.0000000000        0.0000000000        0.0000000000        0.0000000000        0.0000000000        0.0000000000        0.0000000000        0.0000000000        0.0000000000        0.0000000000        0.0000000000
       -5.6894923655        0.0000000000        0.0000000000        0.0000000000        0.0000000000        0.0000000000        0.0000000000        0.0000000000        0.0000000000        0.0000000000        0.0000000000        0.0000000000        0.0000000000        0.0000000000        0.0000000000        0.0000000000
       -5.4630876812        0.0000000000        0.0000000000        0.0000000000        0.0000000000        0.0000000000        0.0000000000        0.0000000000        0.0000000000        0.0000000000        0.0000000000        0.0000000000        0.0000000000        0.0000000000        0.0000000000        0.0000000000
       -5.2366829968        0.0000000000        0.0000000000        0.0000000000        0.0000000000        0.0000000000        0.0000000000        0.0000000000        0.0000000000        0.0000000000        0.0000000000        0.0000000000        0.0000000000        0.0000000000        0.0000000000        0.0000000000
       -5.0102783125        0.0000000000        0.0000000000        0.0000000000        0.0000000000        0.0000000000        0.0000000000        0.0000000000        0.0000000000        0.0000000000        0.0000000000        0.0000000000        0.0000000000        0.0000000000        0.0000000000        0.0000000000
       -4.7838736282        0.0000000000        0.0000000000        0.0000000000        0.0000000000        0.0000000000        0.0000000000        0.0000000000        0.0000000000        0.0000000000        0.0000000000        0.0000000000        0.0000000000        0.0000000000        0.0000000000        0.0000000000
       -4.5574689438        0.0000000000        0.0000000000        0.0000000000        0.0000000000        0.0000000000        0.0000000000        0.0000000000        0.0000000000        0.0000000000        0.0000000000        0.0000000000        0.0000000000        0.0000000000        0.0000000000        0.0000000000
       -4.3310642595        0.0000000000        0.0000000000        0.0000000000        0.0000000000        0.0000000000        0.0000000000        0.0000000000        0.0000000000        0.0000000000        0.0000000000        0.0000000000        0.0000000000        0.0000000000        0.0000000000        0.0000000000
       -4.1046595752        0.0000000000        0.0000000000        0.0000000000        0.0000000000        0.0000000000        0.0000000000        0.0000000000        0.0000000000        0.0000000000        0.0000000000        0.0000000000        0.0000000000        0.0000000000        0.0000000000        0.0000000000
       -3.8782548909        0.0000000000        0.0000000000        0.0000000000        0.0000000000        0.0000000000        0.0000000000        0.0000000000        0.0000000000        0.0000000000        0.0000000000        0.0000000000        0.0000000000        0.0000000000        0.0000000000        0.0000000000
       -3.6518502065        0.0000000000        0.0000000000        0.0000000000        0.0000000000        0.0000000000        0.0000000000        0.0000000000        0.0000000000        0.0000000000        0.0000000000        0.0000000000        0.0000000000        0.0000000000        0.0000000000        0.0000000000
       -3.4254455222        0.0000000000        0.0000000000        0.0000000000        0.0000000000        0.0000000000        0.0000000000        0.0000000000        0.0000000000        0.0000000000        0.0000000000        0.0000000000        0.0000000000        0.0000000000        0.0000000000        0.0000000000
       -3.1990408379        0.0000000000        0.0000000000        0.0000000000        0.0000000000        0.0000000000        0.0000000000        0.0000000000        0.0000000000        0.0000000000        0.0000000000        0.0000000000        0.0000000000        0.0000000000        0.0000000000        0.0000000000
       -2.9726361535        0.0000000000        0.0000000000        0.0000000000        0.0000000000        0.0000000000        0.0000000000        0.0000000000        0.0000000000        0.0000000000        0.0000000000        0.0000000000        0.0000000000        0.0000000000        0.0000000000        0.0000000000
       -2.7462314692        0.0000000000        0.0000000000        0.0000000000        0.0000000000        0.0000000000        0.0000000000        0.0000000000        0.0000000000        0.0000000000        0.0000000000        0.0000000000        0.0000000000        0.0000000000        0.0000000000        0.0000000000
       -2.5198267849        0.0001364743        0.0001337300        0.0001981060        0.0001947549        0.0000051146        0.0000280624        0.0000074174        0.0000640812        0.0002157376        0.0002073095        0.0000905244        0.0000930380        0.0159968210        0.0000175624        0.0001671553
       -2.2934221005        0.0002679148        0.0002610793        0.0003911698        0.0003847678        0.0000211442        0.0000583085        0.0000233995        0.0001282916        0.0004149599        0.0003964060        0.0001847279        0.0001892814        0.0308615332        0.0000464069        0.0003272984
       -2.0670174162        0.0003395510        0.0003304781        0.0004989761        0.0004899698        0.0000413880        0.0000791567        0.0000414288        0.0001657260        0.0005160386        0.0004902870        0.0002442665        0.0002493550        0.0383607048        0.0000737714        0.0004139360
       -1.8406127319        0.0003821778        0.0003721131        0.0005650852        0.0005539645        0.0000631721        0.0000964230        0.0000603100        0.0001904780        0.0005711018        0.0005397868        0.0002865496        0.0002913295        0.0422645203        0.0001000077        0.0004653325
       -1.6142080475        0.0004086148        0.0003982203        0.0006039352        0.0005921946        0.0000853978        0.0001123239        0.0000797514        0.0002086243        0.0005994055        0.0005641017        0.0003182573        0.0003220543        0.0438785762        0.0001256366        0.0004968699
       -1.3878033632        0.0004155578        0.0004061210        0.0006127299        0.0005998164        0.0001052713        0.0001248161        0.0000968974        0.0002168908        0.0005990033        0.0005623167        0.0003361032        0.0003387327        0.0431136459        0.0001458847        0.0005027581
       -1.1613986789        0.0003950365        0.0003872703        0.0005752697        0.0005631144        0.0001181243        0.0001309599        0.0001088268        0.0002125760        0.0005571785        0.0005228859        0.0003303076        0.0003316796        0.0389480254        0.0001577020        0.0004769108
       -0.9349939945        0.0003529147        0.0003471269        0.0005057432        0.0004955635        0.0001119458        0.0001201684        0.0001028976        0.0001869424        0.0004924795        0.0004625594        0.0003031504        0.0003035091        0.0336347576        0.0001405143        0.0004123378
       -0.7085893102        0.0002841336        0.0002795466        0.0004086775        0.0004009287        0.0001053415        0.0001096337        0.0000972156        0.0001611776        0.0003911260        0.0003667199        0.0002486329        0.0002481354        0.0260327989        0.0001350681        0.0003413486
       -0.4821846259        0.0002476039        0.0002436004        0.0003579237        0.0003510359        0.0000984087        0.0001003619        0.0000902044        0.0001435393        0.0003383678        0.0003177551        0.0002191463        0.0002185918        0.0224332057        0.0001252355        0.0002974906
       -0.2557799415        0.0002418685        0.0002382449        0.0003516816        0.0003442782        0.0001009555        0.0001015789        0.0000921867        0.0001424575        0.0003292114        0.0003094064        0.0002164936        0.0002159070        0.0217549255        0.0001275437        0.0002916998
       -0.0293752572        0.0002503869        0.0002468632        0.0003640070        0.0003562661        0.0001105102        0.0001099572        0.0001009266        0.0001505446        0.0003384297        0.0003182877        0.0002267671        0.0002259188        0.0220749252        0.0001389690        0.0003029816
        0.1970294271        0.0002691942        0.0002657480        0.0003888577        0.0003806379        0.0001279280        0.0001260428        0.0001172432        0.0001669993        0.0003595635        0.0003387466        0.0002471378        0.0002459925        0.0228234689        0.0001602985        0.0003270449
        0.4234341115        0.0003358184        0.0003326204        0.0004658201        0.0004565304        0.0001888468        0.0001852539        0.0001765074        0.0002276172        0.0004313734        0.0004091934        0.0003152314        0.0003136118        0.0243725344        0.0002375202        0.0004120837
        0.6498387958        0.0004442318        0.0004411956        0.0005952969        0.0005830733        0.0002801934        0.0002747754        0.0002653494        0.0003214530        0.0005516866        0.0005267822        0.0004233787        0.0004214106        0.0278690688        0.0003537460        0.0005498705
        0.8762434801        0.0005970155        0.0005930824        0.0007908888        0.0007741550        0.0003962560        0.0003877925        0.0003762792        0.0004435772        0.0007308324        0.0007001220        0.0005744603        0.0005718258        0.0351326867        0.0004994125        0.0007421266
        1.1026481645        0.0008399722        0.0008345368        0.0011125024        0.0010876571        0.0005763909        0.0005610654        0.0005458327        0.0006330206        0.0010188879        0.0009767050        0.0008156467        0.0008097488        0.0481741088        0.0007266502        0.0010507678
        1.3290528488        0.0011090711        0.0011024147        0.0014841640        0.0014461354        0.0007869606        0.0007594119        0.0007402364        0.0008440828        0.0013367551        0.0012818166        0.0010896953        0.0010826913        0.0633584811        0.0009880348        0.0013929935
        1.5554575331        0.0013630340        0.0013544011        0.0018627965        0.0018048193        0.0009948538        0.0009509971        0.0009269221        0.0010415761        0.0016397464        0.0015729284        0.0013547505        0.0013505231        0.0796738503        0.0012393864        0.0017152755
        1.7818622175        0.0016364142        0.0016269700        0.0022874159        0.0021910818        0.0012436366        0.0011775792        0.0011461348        0.0012639369        0.0019566588        0.0018771769        0.0016461629        0.0016521776        0.0964802011        0.0015395840        0.0020708951
        2.0082669018        0.0019132422        0.0019073555        0.0027759125        0.0026006947        0.0015182343        0.0014190143        0.0013761009        0.0014855150        0.0022780874        0.0021779663        0.0019501832        0.0019867072        0.1164854429        0.0018603997        0.0024277340
        2.2346715861        0.0021579488        0.0021512100        0.0032409953        0.0030176989        0.0017825504        0.0016382311        0.0015850458        0.0016771010        0.0025716703        0.0024416108        0.0022485581        0.0022978722        0.1375003888        0.0021585509        0.0027427136
        2.4610762705        0.0024337734        0.0024232317        0.0037653475        0.0035076089        0.0020993470        0.0018951810        0.0018331465        0.0018996417        0.0028909971        0.0027353481        0.0026034571        0.0026565576        0.1613728147        0.0025145152        0.0031023594
        2.6874809548        0.0028043744        0.0027838023        0.0044736053        0.0042029179        0.0025330735        0.0022369347        0.0021839805        0.0021980243        0.0032845359        0.0031078567        0.0031054666        0.0031506764        0.1954767371        0.0029945019        0.0035470090
        2.9138856391        0.0031933487        0.0031639361        0.0052512674        0.0049648644        0.0030365416        0.0026321618        0.0025602399        0.0025352536        0.0037304439        0.0035324812        0.0036493017        0.0036879941        0.2328120234        0.0035394273        0.0040887031
        3.1402903235        0.0036946872        0.0036531890        0.0063626630        0.0060394668        0.0037568886        0.0031653247        0.0030537399        0.0029696810        0.0043054009        0.0040777625        0.0044089073        0.0044481367        0.2929728285        0.0042796996        0.0048242211
        3.3666950078        0.0042329786        0.0041868227        0.0075963596        0.0072002962        0.0044352136        0.0037667252        0.0036006959        0.0034714911        0.0049843215        0.0047093441        0.0051192796        0.0051718925        0.3450564292        0.0050389269        0.0056306833
        3.5930996921        0.0048249984        0.0047382021        0.0086048883        0.0084102605        0.0048442895        0.0043973204        0.0041597181        0.0040665460        0.0058178066        0.0055132964        0.0056093145        0.0056150466        0.3790680984        0.0055912719        0.0065039350
        3.8195043765        0.0053368532        0.0052480537        0.0089627842        0.0088629593        0.0052184386        0.0049472202        0.0046833391        0.0045506257        0.0062333479        0.0059162045        0.0059318359        0.0059213227        0.3739745538        0.0061534032        0.0072629772
        4.0459090608        0.0059292214        0.0058453070        0.0094955937        0.0094518258        0.0057371072        0.0055731667        0.0052824715        0.0050858825        0.0066838462        0.0063572099        0.0063729423        0.0063618863        0.3799747087        0.0068361513        0.0081267179
        4.2723137451        0.0065202410        0.0064377353        0.0097064484        0.0097502165        0.0062504740        0.0061909242        0.0058443544        0.0056417387        0.0069228730        0.0066188450        0.0066896536        0.0066821454        0.3704710258        0.0075310467        0.0089927033
        4.4987184295        0.0063697163        0.0062862601        0.0078506134        0.0080819926        0.0060659785        0.0061189150        0.0058267388        0.0059176473        0.0062380848        0.0061237309        0.0061391309        0.0061304770        0.2157015238        0.0079562388        0.0087790238
        4.7251231138        0.0060473556        0.0060558187        0.0060640963        0.0069171036        0.0059978777        0.0059286082        0.0058956241        0.0059512674        0.0059683423        0.0059645841        0.0060405976        0.0059186686        0.0621455663        0.0082989420        0.0085077960
        4.9515277981        0.0064346302        0.0064261564        0.0065088154        0.0065744581        0.0065267873        0.0063471422        0.0064531882        0.0064034189        0.0064290627        0.0064996594        0.0065359432        0.0065106837        0.0118928964        0.0091224393        0.0092158155
        5.1779324825        0.0072296642        0.0072193123        0.0072932153        0.0073653885        0.0073222610        0.0071238845        0.0072455883        0.0071917022        0.0072391168        0.0073185877        0.0073289370        0.0073022655        0.0126688056        0.0103490499        0.0105157129
        5.4043371668        0.0081027999        0.0080902998        0.0081554191        0.0082325064        0.0081960786        0.0079738555        0.0081130357        0.0080574290        0.0081335398        0.0082244291        0.0081959211        0.0081682246        0.0135605211        0.0117275837        0.0119921488
        5.6307418511        0.0090200891        0.0090049914        0.0090549105        0.0091371019        0.0091076479        0.0088636573        0.0090212005        0.0089633519        0.0090782632        0.0091807983        0.0091023629        0.0090734842        0.0145796609        0.0132122514        0.0136109228
        5.8571465355        0.0100699037        0.0100513311        0.0100832768        0.0101692248        0.0101483836        0.0098769869        0.0100554346        0.0099989229        0.0101642549        0.0102791504        0.0101338287        0.0101052166        0.0158375771        0.0149480069        0.0155239392
        6.0835512198        0.0111736238        0.0111518715        0.0111577829        0.0112470566        0.0112342328        0.0109391745        0.0111391235        0.0110844532        0.0113171558        0.0114453960        0.0112107201        0.0111818414        0.0173143032        0.0168352762        0.0176550257
        6.3099559041        0.0124123452        0.0123864034        0.0123604962        0.0124515165        0.0124486062        0.0121239234        0.0123476106        0.0122997995        0.0126200898        0.0127623087        0.0124116706        0.0123839742        0.0191467874        0.0190200485        0.0201642447
        6.5363605885        0.0137641206        0.0137333362        0.0136608128        0.0137532823        0.0137549430        0.0134057562        0.0136536978        0.0136154975        0.0140564821        0.0142150158        0.0137083157        0.0136812591        0.0214065626        0.0214856071        0.0230852568
        6.7627652728        0.0152936306        0.0152574104        0.0151266272        0.0152169152        0.0152232712        0.0148470659        0.0151238221        0.0151037236        0.0157028460        0.0158781767        0.0151601901        0.0151363577        0.0243092471        0.0243852799        0.0266094441
        6.9891699571        0.0170195733        0.0169764742        0.0167569908        0.0168450720        0.0168415783        0.0164510205        0.0167562536        0.0167602693        0.0175863125        0.0177819633        0.0167718660        0.0167506882        0.0280968296        0.0277913444        0.0309269174
        7.2155746415        0.0189891127        0.0189406200        0.0186002172        0.0186772094        0.0186560290        0.0182517188        0.0185927068        0.0186408329        0.0197852646        0.0200030132        0.0185733624        0.0185571638        0.0331863158        0.0318648943        0.0363392456
        7.4419793258        0.0214035941        0.0213386006        0.0208005849        0.0208641129        0.0207910814        0.0204046564        0.0207873802        0.0208974218        0.0225221427        0.0227769921        0.0207140772        0.0207077620        0.0405354633        0.0370650338        0.0436502400
        7.6683840101        0.0244875693        0.0244066185        0.0235293470        0.0235669869        0.0233686060        0.0230298422        0.0234849026        0.0236888867        0.0261501539        0.0264377862        0.0233297463        0.0233383208        0.0519765695        0.0440031948        0.0542457627
        7.8947886945        0.0299143127        0.0298080952        0.0279814715        0.0279400838        0.0275145209        0.0271217087        0.0278585720        0.0280802546        0.0327337003        0.0330918813        0.0275888640        0.0276207078        0.0764362742        0.0564598887        0.0761027290
        8.1211933788        0.0345896903        0.0344189752        0.0322309235        0.0320186870        0.0305412787        0.0310719582        0.0313928822        0.0325544426        0.0389912124        0.0393117122        0.0308567533        0.0310808575        0.1049456742        0.0684083365        0.0964260775
        8.3475980631        0.0394062503        0.0390344645        0.0345792019        0.0343868743        0.0322715303        0.0363851078        0.0367178827        0.0379771071        0.0443824938        0.0452369341        0.0339185557        0.0341588621        0.1465079611        0.0767472084        0.1152003991
        8.5740027475        0.0462989640        0.0455087938        0.0354530165        0.0354389191        0.0312206847        0.0428640190        0.0470159519        0.0493614371        0.0570334355        0.0589582206        0.0363123575        0.0363528301        0.2590144634        0.0730185464        0.1442067355
        8.8004074318        0.0356945659        0.0354494919        0.0277704726        0.0284616852        0.0278002123        0.0350604451        0.0381175031        0.0418501468        0.0395838720        0.0406202747        0.0317889145        0.0312069843        0.2046469093        0.0619681532        0.0895861742
        9.0268121161        0.0322362801        0.0321996564        0.0256826876        0.0258934372        0.0304104739        0.0306205601        0.0376076035        0.0446085741        0.0364065090        0.0367550440        0.0307816351        0.0306946644        0.1610311747        0.0561463148        0.0671125248
        9.2532168005        0.0359658679        0.0359692589        0.0305751876        0.0306362542        0.0351518326        0.0344009200        0.0387564842        0.0454348329        0.0379532568        0.0379820424        0.0339984966        0.0339710205        0.1476037849        0.0579215663        0.0614071015
        9.4796214848        0.0443837397        0.0444107350        0.0372506182        0.0372575696        0.0439628773        0.0437897170        0.0445409332        0.0510301074        0.0433235927        0.0434558384        0.0408734391        0.0408114615        0.2147851169        0.0772182203        0.0852036217
        9.7060261691        0.0407137299        0.0405033576        0.0347248150        0.0348262378        0.0480140618        0.0437155881        0.0468897383        0.0542610405        0.0407775189        0.0412458581        0.0403038969        0.0401752851        0.2449810501        0.0884426100        0.0884367266
        9.9324308535        0.0317390157        0.0315809802        0.0288032102        0.0290427795        0.0385376874        0.0346125271        0.0383461546        0.0468490006        0.0323782433        0.0319681990        0.0314599051        0.0317992678        0.2165833768        0.0775245900        0.0642180496
       10.1588355378        0.0364292460        0.0367958302        0.0374214287        0.0366353203        0.0511376087        0.0447098393        0.0460120012        0.0587731324        0.0366972604        0.0374084198        0.0397896687        0.0396669946        0.3814504847        0.1152721820        0.0778109191
       10.3852402221        0.0445205187        0.0450366863        0.0398027265        0.0396068061        0.0465265394        0.0484855087        0.0476639390        0.0542366231        0.0406284834        0.0397700064        0.0454329712        0.0455753094        0.4060776831        0.0934279046        0.0881967725
       10.6116449065        0.0480730771        0.0494726947        0.0431826284        0.0422961223        0.0485778153        0.0545224896        0.0551651936        0.0529649360        0.0407723747        0.0401217970        0.0536351369        0.0534259505        0.2281501068        0.0909056592        0.0811919293
       10.8380495908        0.0505478789        0.0510364627        0.0388167412        0.0382408699        0.0424105849        0.0468259309        0.0551535692        0.0468838077        0.0371283896        0.0370210488        0.0580509626        0.0581331709        0.1947545008        0.0767040668        0.0659537376
       11.0644542751        0.0409895156        0.0409261367        0.0290388498        0.0293983157        0.0322388415        0.0393874232        0.0413267908        0.0313462495        0.0270048191        0.0264207179        0.0446827539        0.0447979304        0.1068192487        0.0499677260        0.0468675306
       11.2908589595        0.0504577480        0.0501170605        0.0346344630        0.0347215564        0.0365564408        0.0514158034        0.0501881931        0.0372171164        0.0325952165        0.0324548419        0.0512483143        0.0516778106        0.0738050656        0.0468516219        0.0411106718
       11.5172636438        0.0779728299        0.0780906264        0.0523052067        0.0526423289        0.0518443699        0.0746910530        0.0739140028        0.0582901789        0.0500316859        0.0499765639        0.0811928600        0.0811319381        0.0945197707        0.0819916295        0.0632876613
       11.7436683281        0.0758145399        0.0754626446        0.0524448070        0.0525709638        0.0501577391        0.0754994253        0.0803922166        0.0599756075        0.0525125068        0.0526200700        0.0743601305        0.0748250242        0.1001921936        0.0916618703        0.0657047175
       11.9700730125        0.0795351655        0.0790825335        0.0582681234        0.0580903438        0.0610113040        0.0749651283        0.0725320319        0.0676402289        0.0579096120        0.0580103410        0.0727497451        0.0736680700        0.0960512617        0.0994414143        0.0746282811
       12.1964776968        0.1051851632        0.1058956819        0.0879938321        0.0876371422        0.0919883439        0.1036491146        0.0940617104        0.1007786789        0.0870737230        0.0874352662        0.0966621607        0.0964304557        0.1246671810        0.1370184913        0.1072132427
       12.4228823811        0.0965515897        0.0959843363        0.0835274869        0.0832633838        0.0884857287        0.0993543462        0.0801685704        0.0890982185        0.0792650218        0.0794538457        0.0884044384        0.0890003076        0.0932144794        0.1192638113        0.0904868409
       12.6492870655        0.0783538823        0.0782013422        0.0756523364        0.0760302511        0.0848649283        0.0849760045        0.0692382865        0.0678605551        0.0654550183        0.0656308303        0.0845367276        0.0846224104        0.0802034956        0.0933942438        0.0738819013
       12.8756917498        0.0646685101        0.0654378286        0.0638580475        0.0640953148        0.0705162937        0.0771543108        0.0621480829        0.0541764112        0.0539464194        0.0540269025        0.0733934811        0.0729110220        0.0662254658        0.0787297585        0.0622416460
       13.1020964341        0.0790179571        0.0791671787        0.0702019221        0.0702821684        0.0764288053        0.0881760323        0.0705160087        0.0619667189        0.0621789773        0.0618492454        0.0836417514        0.0839666144        0.0701740751        0.0900110718        0.0748410357
       13.3285011184        0.0942925488        0.0946034501        0.0780871349        0.0780258167        0.0778007486        0.0984792889        0.0754149172        0.0666344599        0.0696803787        0.0692823190        0.0903248412        0.0906153488        0.0835595634        0.1012744710        0.0828228006
       13.5549058028        0.1141446831        0.1142179897        0.0903929367        0.0908524060        0.0831387588        0.1123394546        0.0994242086        0.0762202313        0.0867685159        0.0863127770        0.1117211755        0.1121000497        0.1095284404        0.1086309021        0.0883802208
       13.7813104871        0.1046800521        0.1047472645        0.0852276402        0.0854342787        0.0749754864        0.0942067124        0.0866619664        0.0654148262        0.0819305021        0.0820702312        0.1022208281        0.1025630670        0.1216441381        0.0947440384        0.0787557295
       14.0077151714        0.0758200804        0.0761041177        0.0572962276        0.0574544304        0.0572154955        0.0724018833        0.0646135070        0.0476247785        0.0551465162        0.0553127343        0.0736960136        0.0737115172        0.0730628259        0.0666561263        0.0591904785
       14.2341198558        0.0582377124        0.0585064210        0.0464324917        0.0464005733        0.0503208532        0.0579298251        0.0542324196        0.0415118876        0.0455794290        0.0456857315        0.0612644870        0.0614277972        0.0555621203        0.0605992121        0.0542238519
       14.4605245401        0.0495476308        0.0496684266        0.0418028562        0.0416995116        0.0477033095        0.0510738186        0.0486000308        0.0375253622        0.0405118875        0.0406542185        0.0550470848        0.0553165680        0.0446846247        0.0585742908        0.0532425303
       14.6869292244        0.0419063031        0.0419631319        0.0374436827        0.0373356035        0.0417760215        0.0454380602        0.0403110026        0.0343506910        0.0356618352        0.0358073509        0.0459883057        0.0462412039        0.0340926030        0.0558864785        0.0512158702
       14.9133339088        0.0366407045        0.0366353807        0.0349014665        0.0348120303        0.0384099180        0.0404947125        0.0344201661        0.0330860987        0.0330790546        0.0331798115        0.0397364329        0.0399991243        0.0273894441        0.0568077297        0.0521442542
       15.1397385931        0.0314252171        0.0314726797        0.0296682857        0.0295080956        0.0314658557        0.0367941179        0.0281797181        0.0306800239        0.0288371986        0.0288948980        0.0346706565        0.0348441015        0.0226909286        0.0521573596        0.0482079436
       15.3661432774        0.0421350740        0.0420822375        0.0448395100        0.0448953598        0.0409725036        0.0500665328        0.0339997162        0.0489447318        0.0458983021        0.0459533838        0.0458543913        0.0458307298        0.0215177077        0.0771743589        0.0744257681
       15.5925479618        0.0369460898        0.0369180543        0.0499906080        0.0503949013        0.0386737210        0.0395207652        0.0332217705        0.0467181902        0.0509415259        0.0507124458        0.0375873092        0.0374051314        0.0176977091        0.0944194423        0.0910944960
       15.8189526461        0.0568224323        0.0571571077        0.0962434280        0.0972306391        0.0725130156        0.0506020245        0.0508864773        0.0784488066        0.1067021420        0.1055340366        0.0524009961        0.0518879719        0.0283705553        0.2043236635        0.2059351677
       16.0453573304        0.0832288481        0.0827240004        0.1192695870        0.1207533275        0.1084153488        0.0859604616        0.0882834953        0.1170391610        0.1395551647        0.1378537110        0.0695272918        0.0694097177        0.0298691932        0.2466990117        0.2521770344
       16.2717620148        0.0515106268        0.0516502917        0.0601962923        0.0601317928        0.0664322803        0.0483476301        0.0557424352        0.0665831128        0.0677897958        0.0678815835        0.0479045372        0.0478564714        0.0171704099        0.1312949896        0.1231113047
       16.4981666991        0.0581273914        0.0572863307        0.0554745323        0.0540549618        0.0826843389        0.0578391224        0.0750490388        0.0685647764        0.0465991172        0.0473133759        0.0570462022        0.0574972231        0.0174433991        0.1242428654        0.1104232367
       16.7245713834        0.1129163947        0.1123384140        0.0955855871        0.0946150015        0.1241354179        0.0814710374        0.0934918384        0.0894163159        0.0822612459        0.0822482348        0.1127134016        0.1124009860        0.0225042282        0.1403354449        0.1405957983
       16.9509760678        0.1859982351        0.1857826364        0.1493300811        0.1478509066        0.1512929479        0.1840087259        0.1916073788        0.1494877683        0.1361738462        0.1359870554        0.1861312127        0.1867395571        0.0302251736        0.1774386927        0.1686692651
       17.1773807521        0.1833455583        0.1823471609        0.1337363513        0.1343379290        0.1492336353        0.1880184822        0.2122525773        0.1460140737        0.1412627511        0.1409891955        0.1621728216        0.1628416195        0.0362172578        0.1618626234        0.1541440212
       17.4037854364        0.1881900733        0.1863327298        0.1449625844        0.1455516419        0.1488328303        0.1879156797        0.1997908412        0.1718684316        0.1449057792        0.1433331467        0.1773620813        0.1790269461        0.0343676600        0.1583888716        0.1410939143
       17.6301901208        0.1788047137        0.1781731673        0.1486467307        0.1478069312        0.1351642992        0.1827936708        0.1812806642        0.1718430258        0.1440518437        0.1447751748        0.1807837880        0.1816373299        0.0398317238        0.1415745317        0.1137174208
       17.8565948051        0.1800278253        0.1800380970        0.1501568876        0.1503078942        0.1453198399        0.2008204665        0.1913193294        0.1733536247        0.1696546282        0.1701548226        0.1781331152        0.1782171477        0.0397020078        0.1215491118        0.1112801198
       18.0829994894        0.1760175167        0.1763462623        0.1558407291        0.1560224831        0.1415193136        0.1739308473        0.1587992538        0.1727613219        0.1539482389        0.1544010660        0.1700251854        0.1707057862        0.0385276646        0.1193930353        0.1055001786
       18.3094041738        0.2065947467        0.2072990604        0.2257830268        0.2271116220        0.2096882338        0.2225495033        0.1837457300        0.2103810352        0.2469223203        0.2481535974        0.2148909108        0.2156949846        0.0407784025        0.1354676315        0.1259896047
       18.5358088581        0.1869930957        0.1871742257        0.1636115727        0.1629956940        0.1747465042        0.2097211205        0.1792618562        0.1953153059        0.1913030018        0.1928446171        0.1956859741        0.1971383239        0.0358147357        0.1212728531        0.1275172491
       18.7622135424        0.2212103719        0.2216045213        0.1494042931        0.1492226203        0.1589953230        0.2219798535        0.1984324094        0.1725731583        0.1648193054        0.1648855497        0.2224462457        0.2225287783        0.0301480266        0.1068450445        0.1121983878
       18.9886182268        0.1601433090        0.1598204878        0.1207612562        0.1211289315        0.1173736438        0.1331932589        0.1484576713        0.1473097553        0.1254830500        0.1253843177        0.1549353478        0.1549990075        0.0207658255        0.0696203703        0.0635678919
       19.2150229111        0.2319099909        0.2304455892        0.1812642783        0.1825747197        0.1695592243        0.2329103993        0.2072575236        0.2217590418        0.2046458844        0.2037241454        0.2374476139        0.2381669483        0.0397969322        0.1228691547        0.1263435695
       19.4414275954        0.1580463053        0.1584111646        0.1213935021        0.1221328935        0.1137632907        0.1388676034        0.1454715348        0.1587515559        0.1498576623        0.1504562285        0.1602799295        0.1603495558        0.0276241787        0.0867189967        0.0873766115
       19.6678322798        0.2134631918        0.2148600698        0.1680914153        0.1682789465        0.1415269858        0.2090659938        0.2081191981        0.2179604837        0.2016854069        0.2025995059        0.2282045347        0.2285050574        0.0291998186        0.1401435175        0.1330021218
       19.8942369641        0.1894467188        0.1893434415        0.1073925826        0.1070736521        0.1054391283        0.1845987145        0.1597674676        0.1587386909        0.1370579026        0.1390185941        0.1830664562        0.1834312560        0.0164343166        0.1094519215        0.0971028678
       20.1206416484        0.1309490740        0.1296735201        0.0895327420        0.0892756404        0.0765531272        0.1138536862        0.1288950602        0.1277044355        0.1120095122        0.1128164117        0.1318827098        0.1321712116        0.0211499622        0.1124634140        0.1022680516
       20.3470463328        0.1380894210        0.1378533235        0.1032312490        0.1030454980        0.0920888295        0.1291054031        0.1625203383        0.1440988438        0.1293637509        0.1304361404        0.1430421231        0.1431900461        0.0350040425        0.1417233718        0.1351249362
       20.5734510171        0.1083006444        0.1084759137        0.0940983216        0.0931535806        0.0906781437        0.1084679361        0.1208873331        0.1279914120        0.1173583244        0.1178340844        0.1049922746        0.1053023153        0.0365241526        0.1362849457        0.1433298301
       20.7998557014        0.0807909427        0.0820980396        0.0600187898        0.0602877309        0.0790062455        0.0705152033        0.0603346913        0.0839874070        0.0711251938        0.0714449834        0.0841446170        0.0834839020        0.0149514827        0.0747162939        0.0754041010
       21.0262603858        0.0909918920        0.0922872540        0.0792056190        0.0798586487        0.0900999364        0.1170930963        0.0628448259        0.1111544442        0.1009036392        0.1011031866        0.1163132002        0.1170030268        0.0143855181        0.0782684600        0.0788922957
       21.2526650701        0.1404357701        0.1415462515        0.1570953673        0.1568183999        0.1540519347        0.1801678834        0.1121206017        0.1433898725        0.1806426461        0.1806309667        0.1716443191        0.1727720104        0.0286883557        0.1444034513        0.1492963729
       21.4790697544        0.1409732252        0.1423648710        0.1514266487        0.1540911947        0.1415645339        0.1708979232        0.1336261468        0.1314208712        0.1814186436        0.1778737695        0.1628723493        0.1641025365        0.0264758613        0.0871137733        0.0891880292
       21.7054744388        0.1960232979        0.1982651843        0.1598559038        0.1616468533        0.1196048259        0.2185015639        0.1954178622        0.1582263183        0.2210437647        0.2200127493        0.2417744268        0.2439528668        0.0209280328        0.0849593583        0.0824829863
       21.9318791231        0.2228518958        0.2217950064        0.1797881337        0.1836439524        0.1446787932        0.2013784575        0.1777117781        0.1717211900        0.2424896550        0.2438501865        0.1645665292        0.1664499361        0.0212262113        0.1052672608        0.0913007215
       22.1582838074        0.3510146533        0.3527229855        0.3571842031        0.3597187960        0.2560681195        0.2909724840        0.3549663591        0.3487668611        0.3593509403        0.3570497562        0.2294449553        0.2278451068        0.0413559564        0.1845080193        0.1434975117
       22.3846884918        0.2911090441        0.2863041103        0.1926711653        0.1886445855        0.1720671013        0.1651221530        0.2759912978        0.2265965978        0.1699935243        0.1689782460        0.2108010670        0.2100893730        0.0268348678        0.1268058837        0.1292773590
       22.6110931761        0.3079996842        0.3070267338        0.1890633997        0.1887835929        0.1653850262        0.2273422557        0.2824462118        0.2134422377        0.1350549629        0.1367609067        0.2052325635        0.2021783816        0.0392250608        0.1473482983        0.1874799937
       22.8374978604        0.3476446709        0.3452761345        0.2040034575        0.2010636515        0.1698253851        0.2888898072        0.4035554674        0.2945126957        0.1754075987        0.1766820306        0.3035316554        0.3016447397        0.0502440421        0.2524639440        0.3082297589
       23.0639025448        0.2771783099        0.2784538026        0.1133652067        0.1129589279        0.1048598533        0.2171296727        0.2616708458        0.1542204847        0.1284920845        0.1280819031        0.2280996364        0.2251439242        0.0166118044        0.1010020995        0.1298416809
       23.2903072291        0.1438642689        0.1427734247        0.0781521624        0.0776657550        0.0702883432        0.0951355653        0.1488813851        0.1123863431        0.0684585124        0.0687486263        0.1187479375        0.1170070929        0.0093507813        0.0481416556        0.0640388062
       23.5167119134        0.3199806275        0.3193186825        0.2044583394        0.2037867474        0.1667156677        0.2110563108        0.3390589252        0.2267687515        0.1872778836        0.1861606680        0.2631605247        0.2632446357        0.0208741459        0.0725392775        0.0921452073
       23.7431165978        0.5707179713        0.5795053854        0.2830899523        0.2812020062        0.3598176125        0.3975489424        0.6050010440        0.3938073161        0.3486935612        0.3530079108        0.5862204202        0.5829393115        0.0382389516        0.1044059906        0.1415720853
       23.9695212821        0.2279355721        0.2324565795        0.1699561723        0.1686201867        0.2018117535        0.2770452743        0.2224512492        0.1420628076        0.1289397163        0.1284594678        0.3502501660        0.3470352937        0.0254203545        0.0979235008        0.0894577242
       24.1959259664        0.1179197248        0.1187397915        0.0848852578        0.0851328588        0.1816670907        0.2035932157        0.1437054614        0.0647373722        0.0903638940        0.0901552494        0.2090516138        0.2091032203        0.0289151636        0.0816523683        0.0909612574
       24.4223306508        0.1489638246        0.1488261293        0.0969341874        0.0957492409        0.1697029349        0.2583989711        0.1645585275        0.0745256247        0.0928831126        0.0921682140        0.2325624818        0.2347749698        0.0222543304        0.0823972667        0.0979144935
       24.6487353351        0.1307717330        0.1309379228        0.0898723262        0.0897571174        0.1331178590        0.1815877196        0.1535155050        0.1038663582        0.1132204912        0.1160522187        0.1677114807        0.1678147011        0.0256325315        0.0873383248        0.1189606518
       24.8751400194        0.1300563382        0.1319848059        0.0871853232        0.0874125254        0.0997531677        0.2124168646        0.1272401407        0.0900736235        0.1013519293        0.1034056929        0.1547949011        0.1541897526        0.0181116598        0.0825603121        0.0868321350
       25.1015447038        0.1908126040        0.1904363525        0.1857837478        0.1867973472        0.1893205284        0.2274550913        0.2298704758        0.2289358651        0.2064404440        0.2045513430        0.1859542830        0.1873329258        0.0304047295        0.1372969984        0.1885778708
       25.3279493881        0.0679360310        0.0658455431        0.0783698631        0.0787318525        0.0986952064        0.0993274444        0.0904576544        0.1251043298        0.0955603085        0.1009842054        0.0656563893        0.0654183732        0.0103512956        0.0694817133        0.0828818930
       25.5543540724        0.1422666552        0.1421644254        0.2010934686        0.2015480488        0.2074232167        0.1454184016        0.1273977359        0.3292341515        0.2815393200        0.2780461019        0.1243194648        0.1236233083        0.0172377423        0.1949189992        0.1592770878
       25.7807587568        0.0708646381        0.0709097508        0.1286809167        0.1294769725        0.0811498062        0.0796533431        0.0737926235        0.1196729370        0.1666127889        0.1673868851        0.0774406383        0.0770384249        0.0113166081        0.0715849793        0.0835214177
       26.0071634411        0.0908097342        0.0904671236        0.2060501130        0.2071420275        0.1199143567        0.1216194208        0.1078408981        0.1563066109        0.2037693760        0.2014912793        0.0999778734        0.1002594650        0.0162199905        0.0792689647        0.1125734606
       26.2335681254        0.0942364550        0.0946789521        0.1590709548        0.1683220313        0.1140818658        0.1372256481        0.1176744552        0.0858345798        0.1664868597        0.1561264582        0.1011716580        0.1012246672        0.0183383138        0.0542338201        0.1135841593
       26.4599728098        0.1309984111        0.1309852726        0.1752179056        0.1787152168        0.1763631011        0.2066206535        0.1320117036        0.1644231177        0.1925641646        0.1937341286        0.1530289083        0.1537778228        0.0245909744        0.0706950669        0.1051271051
       26.6863774941        0.1442671712        0.1427360801        0.2553712755        0.2528681009        0.2904283236        0.2084890320        0.1551749925        0.1399175078        0.1765252225        0.1719863447        0.1719062179        0.1732633510        0.0431238953        0.1279515450        0.2052471842
       26.9127821784        0.0769813022        0.0761608251        0.2133166748        0.2110257620        0.2747265033        0.0763452854        0.0694314131        0.0616563896        0.1014589877        0.0998096984        0.0856068610        0.0855863595        0.0172882346        0.0662877081        0.0743925780
       27.1391868628        0.1108472638        0.1132187637        0.3562587609        0.3503441800        0.3629288482        0.0826908332        0.1062353263        0.0932883045        0.1447954898        0.1394795646        0.1221025759        0.1192701324        0.0258516901        0.0563603808        0.0451226313
       27.3655915471        0.0000000000        0.0000000000        0.0000000000        0.0000000000        0.0000000000        0.0000000000        0.0000000000        0.0000000000        0.0000000000        0.0000000000        0.0000000000        0.0000000000        0.0000000000        0.0000000000        0.0000000000
       27.5919962314        0.0000000000        0.0000000000        0.0000000000        0.0000000000        0.0000000000        0.0000000000        0.0000000000        0.0000000000        0.0000000000        0.0000000000        0.0000000000        0.0000000000        0.0000000000        0.0000000000        0.0000000000
       27.8184009158        0.0000000000        0.0000000000        0.0000000000        0.0000000000        0.0000000000        0.0000000000        0.0000000000        0.0000000000        0.0000000000        0.0000000000        0.0000000000        0.0000000000        0.0000000000        0.0000000000        0.0000000000
       28.0448056001        0.0000000000        0.0000000000        0.0000000000        0.0000000000        0.0000000000        0.0000000000        0.0000000000        0.0000000000        0.0000000000        0.0000000000        0.0000000000        0.0000000000        0.0000000000        0.0000000000        0.0000000000
       28.2712102844        0.0000000000        0.0000000000        0.0000000000        0.0000000000        0.0000000000        0.0000000000        0.0000000000        0.0000000000        0.0000000000        0.0000000000        0.0000000000        0.0000000000        0.0000000000        0.0000000000        0.0000000000
       28.4976149688        0.0000000000        0.0000000000        0.0000000000        0.0000000000        0.0000000000        0.0000000000        0.0000000000        0.0000000000        0.0000000000        0.0000000000        0.0000000000        0.0000000000        0.0000000000        0.0000000000        0.0000000000
       28.7240196531        0.0009798452        0.0009672254        0.0083493444        0.0082294672        0.0098834035        0.0002469896        0.0009455596        0.0004043481        0.0030241593        0.0029224402        0.0003964607        0.0003955196        0.0159000280        0.0056098679        0.0056206632
       28.9504243374        0.0032582656        0.0031800426        0.0361296206        0.0353773600        0.0442104397        0.0029327758        0.0035983140        0.0039975124        0.0132687716        0.0129032984        0.0036139247        0.0036245462        0.0899422073        0.0291748532        0.0280083011
       29.1768290218        0.0070169731        0.0070548984        0.0890381738        0.0865309443        0.1147192816        0.0098176586        0.0073341844        0.0157825797        0.0287232499        0.0282807207        0.0138136176        0.0136018735        0.2971284415        0.0889114242        0.0825421429
       29.4032337061        0.0123484936        0.0125795316        0.1173474119        0.1142293762        0.1955574473        0.0126970250        0.0093832486        0.0508512322        0.0297719866        0.0292759836        0.0167825871        0.0164760717        0.5102783118        0.1428544778        0.1278461703
       29.6296383904        0.0116510023        0.0121595195        0.0775487331        0.0755927468        0.1175366119        0.0057820598        0.0083053493        0.0405720197        0.0172423417        0.0168691573        0.0107248300        0.0105652236        0.3395376120        0.0896628613        0.0793431038
       29.8560430748        0.0093467189        0.0095001317        0.0453560087        0.0443424262        0.0600024390        0.0033423866        0.0067555732        0.0211969789        0.0097967715        0.0096125024        0.0072525586        0.0072322926        0.1796253395        0.0457281880        0.0413526822
       30.0824477591        0.0057794573        0.0057218655        0.0214445603        0.0210137778        0.0280506391        0.0029023439        0.0052266084        0.0075530297        0.0044154170        0.0043366026        0.0041373769        0.0040868869        0.0756079291        0.0186036987        0.0180665260
       30.3088524434        0.0000000000        0.0000000000        0.0000000000        0.0000000000        0.0000000000        0.0000000000        0.0000000000        0.0000000000        0.0000000000        0.0000000000        0.0000000000        0.0000000000        0.0000000000        0.0000000000        0.0000000000
       30.5352571277        0.0000000000        0.0000000000        0.0000000000        0.0000000000        0.0000000000        0.0000000000        0.0000000000        0.0000000000        0.0000000000        0.0000000000        0.0000000000        0.0000000000        0.0000000000        0.0000000000        0.0000000000
       30.7616618121        0.6562292547        0.7636570835        0.2164328793        0.2067009613        0.1366304985        0.0740672436        0.0541312471        0.1537697385        0.2477640581        0.2523548608        0.7679043145        0.6704176082        0.0547991314        0.0598488322        0.0314686998
       30.9880664964        1.6528490630        1.6030899791        0.2511805717        0.2766812888        0.1992242494        0.2138074429        0.1980202793        0.4924319351        0.3123912103        0.3126272735        1.4663292216        1.4651256151        0.1362189798        0.0847010408        0.0890226507
       31.2144711807        0.0662930360        0.0590744126        0.0623854628        0.0635790716        0.0473373891        0.0373321234        0.0395667587        0.2163674502        0.1436526107        0.1476551420        0.0549145380        0.0611511291        0.0676514270        0.0362139768        0.0407510175
       31.4408758651        0.1458418129        0.1371796605        0.2058006921        0.2160687881        0.1647093494        0.0831180251        0.0864520626        0.4378656793        0.3556453207        0.3526692023        0.1343562093        0.1432359052        0.0885770254        0.0947384646        0.1171375021
       31.6672805494        0.0421624177        0.0402842762        0.1299264889        0.1289797053        0.0983036299        0.0407434713        0.0481555175        0.1902658683        0.2213680661        0.2230885004        0.0400250141        0.0416262140        0.0381871472        0.0483876797        0.0722685119
       31.8936852337        0.0734194610        0.0722543195        0.1890634649        0.1877884506        0.1295087259        0.1077423725        0.1466570347        0.3205466773        0.6394289817        0.6375290348        0.0940578491        0.0948693374        0.1094855614        0.0936400244        0.2143112937
       32.1200899181        0.0188649767        0.0187893752        0.0352144408        0.0376448256        0.0167336627        0.2403007416        0.2343177124        0.0376263103        0.0654161405        0.0672452570        0.0147264278        0.0148500529        0.0128044241        0.0434607361        0.0766385378
       32.3464946024        0.0905237883        0.0869242941        0.1734065075        0.1753089010        0.0560171841        1.2182401989        1.2676401651        0.2479481086        0.1781141362        0.1752751419        0.0738913420        0.0767854286        0.0305061477        0.1297260029        0.2118959724
       32.5728992867        0.0358962142        0.0356080560        0.1648966838        0.1696458342        0.0916478308        0.2377253950        0.2560951593        0.0958742384        0.1873119136        0.1841041110        0.0370650654        0.0372279612        0.0317285640        0.2305048307        0.2805227506
       32.7993039711        0.0175446883        0.0172638885        0.1628381478        0.1693025856        0.0770718503        0.0962688567        0.1071050102        0.0613173428        0.1431229992        0.1393210753        0.0202290724        0.0202459537        0.0439022531        0.2224716450        0.2243137310
       33.0257086554        0.0024432156        0.0023916880        0.0957121513        0.0986389015        0.0265080701        0.0045804379        0.0068816763        0.0177641616        0.0497601949        0.0459773523        0.0035002014        0.0036676982        0.0426849875        0.1383020993        0.0975673512
       33.2521133397        0.0057193465        0.0056990842        0.1218265171        0.1253545659        0.0918100006        0.0208679487        0.0239171570        0.0532780416        0.1301649156        0.1290092442        0.0089509251        0.0091985506        0.0175536644        0.1275737525        0.2102471888
       33.4785180241        0.0081711155        0.0084025872        0.2256759890        0.2180697600        0.1526211241        0.0249182497        0.0311010620        0.1059637325        0.2383968666        0.2447910289        0.0169079338        0.0168201606        0.0222876668        0.2412055761        0.3658399504
       33.7049227084        0.0074672454        0.0075234809        0.1704860208        0.1684580865        0.1611616928        0.0150406024        0.0134453877        0.1320179380        0.1543293933        0.1556287548        0.0122986094        0.0123283317        0.0174216727        0.2345106442        0.2561158073
       33.9313273927        0.0029987117        0.0029377249        0.1036369036        0.1031118928        0.0857650178        0.0085618562        0.0043666790        0.0636395024        0.0372717509        0.0361916018        0.0045953135        0.0047728718        0.0116113920        0.1727744918        0.0651009126
       34.1577320771        0.0060648497        0.0059747571        0.2106009718        0.2099507365        0.1706925711        0.0157543959        0.0080399070        0.1543817877        0.0676116338        0.0658973890        0.0073918556        0.0076759728        0.0548289971        0.4059575541        0.1157169030
       34.3841367614        0.0027605730        0.0027172704        0.1064684496        0.1065948327        0.1310390589        0.0100963734        0.0056772438        0.1062125975        0.0478065413        0.0470794997        0.0033695262        0.0034838219        0.0478966063        0.2355946844        0.1001569797
       34.6105414457        0.0024836660        0.0024246520        0.1145733763        0.1170660263        0.3365561908        0.0229233679        0.0102742614        0.1363315609        0.0443850043        0.0438852079        0.0044698137        0.0045457623        0.2178439279        0.3461675136        0.2304549528
       34.8369461301        0.0043600277        0.0045141879        0.2590180036        0.2265096569        0.7431420431        0.0351266069        0.0090471525        0.1707190563        0.0619136650        0.0653063161        0.0094538081        0.0098128525        0.4308208112        0.5426568041        0.4749693429
       35.0633508144        0.0031510859        0.0030514059        0.1781234159        0.1735729637        0.3914957118        0.0125523842        0.0018647737        0.1387363736        0.0673946791        0.0669356674        0.0030382359        0.0031049376        0.2147753981        0.3674615101        0.3451924890
       35.2897554987        0.0000000000        0.0000000000        0.0000000000        0.0000000000        0.0000000000        0.0000000000        0.0000000000        0.0000000000        0.0000000000        0.0000000000        0.0000000000        0.0000000000        0.0000000000        0.0000000000        0.0000000000
       35.5161601831        0.0000000000        0.0000000000        0.0000000000        0.0000000000        0.0000000000        0.0000000000        0.0000000000        0.0000000000        0.0000000000        0.0000000000        0.0000000000        0.0000000000        0.0000000000        0.0000000000        0.0000000000
       35.7425648674        0.0000000000        0.0000000000        0.0000000000        0.0000000000        0.0000000000        0.0000000000        0.0000000000        0.0000000000        0.0000000000        0.0000000000        0.0000000000        0.0000000000        0.0000000000        0.0000000000        0.0000000000
       35.9689695517        0.0000000000        0.0000000000        0.0000000000        0.0000000000        0.0000000000        0.0000000000        0.0000000000        0.0000000000        0.0000000000        0.0000000000        0.0000000000        0.0000000000        0.0000000000        0.0000000000        0.0000000000
       36.1953742361        0.0000000000        0.0000000000        0.0000000000        0.0000000000        0.0000000000        0.0000000000        0.0000000000        0.0000000000        0.0000000000        0.0000000000        0.0000000000        0.0000000000        0.0000000000        0.0000000000        0.0000000000
       36.4217789204        0.0000000000        0.0000000000        0.0000000000        0.0000000000        0.0000000000        0.0000000000        0.0000000000        0.0000000000        0.0000000000        0.0000000000        0.0000000000        0.0000000000        0.0000000000        0.0000000000        0.0000000000
       36.6481836047        0.0000000000        0.0000000000        0.0000000000        0.0000000000        0.0000000000        0.0000000000        0.0000000000        0.0000000000        0.0000000000        0.0000000000        0.0000000000        0.0000000000        0.0000000000        0.0000000000        0.0000000000
       36.8745882891        0.0000000000        0.0000000000        0.0000000000        0.0000000000        0.0000000000        0.0000000000        0.0000000000        0.0000000000        0.0000000000        0.0000000000        0.0000000000        0.0000000000        0.0000000000        0.0000000000        0.0000000000
       37.1009929734        0.0000000000        0.0000000000        0.0000000000        0.0000000000        0.0000000000        0.0000000000        0.0000000000        0.0000000000        0.0000000000        0.0000000000        0.0000000000        0.0000000000        0.0000000000        0.0000000000        0.0000000000
       37.3273976577        0.0000000000        0.0000000000        0.0000000000        0.0000000000        0.0000000000        0.0000000000        0.0000000000        0.0000000000        0.0000000000        0.0000000000        0.0000000000        0.0000000000        0.0000000000        0.0000000000        0.0000000000
       37.5538023421        0.0000000000        0.0000000000        0.0000000000        0.0000000000        0.0000000000        0.0000000000        0.0000000000        0.0000000000        0.0000000000        0.0000000000        0.0000000000        0.0000000000        0.0000000000        0.0000000000        0.0000000000
       37.7802070264        0.0000000000        0.0000000000        0.0000000000        0.0000000000        0.0000000000        0.0000000000        0.0000000000        0.0000000000        0.0000000000        0.0000000000        0.0000000000        0.0000000000        0.0000000000        0.0000000000        0.0000000000
       38.0066117107        0.0000000000        0.0000000000        0.0000000000        0.0000000000        0.0000000000        0.0000000000        0.0000000000        0.0000000000        0.0000000000        0.0000000000        0.0000000000        0.0000000000        0.0000000000        0.0000000000        0.0000000000
       38.2330163951        0.0000000000        0.0000000000        0.0000000000        0.0000000000        0.0000000000        0.0000000000        0.0000000000        0.0000000000        0.0000000000        0.0000000000        0.0000000000        0.0000000000        0.0000000000        0.0000000000        0.0000000000
       38.4594210794        0.0000000000        0.0000000000        0.0000000000        0.0000000000        0.0000000000        0.0000000000        0.0000000000        0.0000000000        0.0000000000        0.0000000000        0.0000000000        0.0000000000        0.0000000000        0.0000000000        0.0000000000
       38.6858257637        0.0000000000        0.0000000000        0.0000000000        0.0000000000        0.0000000000        0.0000000000        0.0000000000        0.0000000000        0.0000000000        0.0000000000        0.0000000000        0.0000000000        0.0000000000        0.0000000000        0.0000000000
       38.9122304481        0.0000000000        0.0000000000        0.0000000000        0.0000000000        0.0000000000        0.0000000000        0.0000000000        0.0000000000        0.0000000000        0.0000000000        0.0000000000        0.0000000000        0.0000000000        0.0000000000        0.0000000000
