# Tetrahedron method
      -14.6652782519        0.0000000000        0.0000000000        0.0000000000        0.0000000000        0.0000000000        0.0000000000        0.0000000000        0.0000000000        0.0000000000        0.0000000000        0.0000000000        0.0000000000
      -14.4704416313        0.0000000000        0.0000000000        0.0000000000        0.0000000000        0.0000000000        0.0000000000        0.0000000000        0.0000000000        0.0000000000        0.0000000000        0.0000000000        0.0000000000
      -14.2756050107        0.0000000000        0.0000000000        0.0000000000        0.0000000000        0.0000000000        0.0000000000        0.0000000000        0.0000000000        0.0000000000        0.0000000000        0.0000000000        0.0000000000
      -14.0807683901        0.0000000000        0.0000000000        0.0000000000        0.0000000000        0.0000000000        0.0000000000        0.0000000000        0.0000000000        0.0000000000        0.0000000000        0.0000000000        0.0000000000
      -13.8859317695        0.0000000000        0.0000000000        0.0000000000        0.0000000000        0.0000000000        0.0000000000        0.0000000000        0.0000000000        0.0000000000        0.0000000000        0.0000000000        0.0000000000
      -13.6910951489        0.0000000000        0.0000000000        0.0000000000        0.0000000000        0.0000000000        0.0000000000        0.0000000000        0.0000000000        0.0000000000        0.0000000000        0.0000000000        0.0000000000
      -13.4962585282        0.0000000000        0.0000000000        0.0000000000        0.0000000000        0.0000000000        0.0000000000        0.0000000000        0.0000000000        0.0000000000        0.0000000000        0.0000000000        0.0000000000
      -13.3014219076        0.0000000000        0.0000000000        0.0000000000        0.0000000000        0.0000000000        0.0000000000        0.0000000000        0.0000000000        0.0000000000        0.0000000000        0.0000000000        0.0000000000
      -13.1065852870        0.0000000000        0.0000000000        0.0000000000        0.0000000000        0.0000000000        0.0000000000        0.0000000000        0.0000000000        0.0000000000        0.0000000000        0.0000000000        0.0000000000
      -12.9117486664        0.0000000000        0.0000000000        0.0000000000        0.0000000000        0.0000000000        0.0000000000        0.0000000000        0.0000000000        0.0000000000        0.0000000000        0.0000000000        0.0000000000
      -12.7169120458        0.0000000000        0.0000000000        0.0000000000        0.0000000000        0.0000000000        0.0000000000        0.0000000000        0.0000000000        0.0000000000        0.0000000000        0.0000000000        0.0000000000
      -12.5220754252        0.0000000000        0.0000000000        0.0000000000        0.0000000000        0.0000000000        0.0000000000        0.0000000000        0.0000000000        0.0000000000        0.0000000000        0.0000000000        0.0000000000
      -12.3272388046        0.0000000000        0.0000000000        0.0000000000        0.0000000000        0.0000000000        0.0000000000        0.0000000000        0.0000000000        0.0000000000        0.0000000000        0.0000000000        0.0000000000
      -12.1324021840        0.0000000000        0.0000000000        0.0000000000        0.0000000000        0.0000000000        0.0000000000        0.0000000000        0.0000000000        0.0000000000        0.0000000000        0.0000000000        0.0000000000
      -11.9375655633        0.0000000000        0.0000000000        0.0000000000        0.0000000000        0.0000000000        0.0000000000        0.0000000000        0.0000000000        0.0000000000        0.0000000000        0.0000000000        0.0000000000
      -11.7427289427        0.0000000000        0.0000000000        0.0000000000        0.0000000000        0.0000000000        0.0000000000        0.0000000000        0.0000000000        0.0000000000        0.0000000000        0.0000000000        0.0000000000
      -11.5478923221        0.0000000000        0.0000000000        0.0000000000        0.0000000000        0.0000000000        0.0000000000        0.0000000000        0.0000000000        0.0000000000        0.0000000000        0.0000000000        0.0000000000
      -11.3530557015        0.0000000154        0.0000001035        0.0000002678        0.0000003981        0.0000002970        0.0000001751        0.0000002217        0.0000001653        0.0000001099        0.0000000248        0.0000000264        0.0000000335
      -11.1582190809        0.0000002435        0.0000030171        0.0000038686        0.0000042907        0.0000044138        0.0000040982        0.0000025595        0.0000028239        0.0000027778        0.0000004041        0.0000003410        0.0000005785
      -10.9633824603        0.0000007975        0.0000122847        0.0000107615        0.0000098678        0.0000128773        0.0000143343        0.0000059969        0.0000093283        0.0000103950        0.0000013048        0.0000009579        0.0000020137
      -10.7685458397        0.0000014326        0.0000215434        0.0000188382        0.0000175775        0.0000236029        0.0000226789        0.0000095768        0.0000173258        0.0000179656        0.0000022763        0.0000018017        0.0000032764
      -10.5737092191        0.0000026645        0.0000381513        0.0000380615        0.0000369393        0.0000483862        0.0000331467        0.0000167314        0.0000335614        0.0000351937        0.0000043888        0.0000036413        0.0000056061
      -10.3788725984        0.0000073831        0.0000822914        0.0000843075        0.0000952651        0.0001089153        0.0000749364        0.0000411395        0.0000871592        0.0001031289        0.0000095183        0.0000081374        0.0000128783
      -10.1840359778        0.0000158421        0.0001644166        0.0001670325        0.0001905976        0.0002097091        0.0001644913        0.0000928678        0.0001867198        0.0002342952        0.0000184284        0.0000161918        0.0000268799
       -9.9891993572        0.0000256118        0.0002856536        0.0002970431        0.0003302704        0.0003341150        0.0002728424        0.0001785988        0.0002985257        0.0003720141        0.0000319735        0.0000273492        0.0000449924
       -9.7943627366        0.0000399608        0.0004461784        0.0004593254        0.0005112023        0.0004633436        0.0003988398        0.0003391775        0.0004484094        0.0005149062        0.0000462527        0.0000422862        0.0000604352
       -9.5995261160        0.0000710022        0.0008184733        0.0008994543        0.0009111689        0.0008240835        0.0007054504        0.0007070904        0.0008542960        0.0008868253        0.0000856995        0.0000807979        0.0001038332
       -9.4046894954        0.0001201223        0.0014206520        0.0015620141        0.0015050609        0.0014200831        0.0011996213        0.0012689744        0.0014167354        0.0014781477        0.0001527587        0.0001427443        0.0001714150
       -9.2098528748        0.0001846302        0.0021641223        0.0023929042        0.0022331211        0.0022153821        0.0018127075        0.0020129928        0.0021361182        0.0022136453        0.0002366502        0.0002188169        0.0002594802
       -9.0150162542        0.0002709032        0.0031388234        0.0034363380        0.0031670713        0.0032405305        0.0026232564        0.0029228300        0.0030818611        0.0031810058        0.0003519457        0.0003144578        0.0003765008
       -8.8201796335        0.0003726441        0.0043218522        0.0046621400        0.0043825436        0.0044822558        0.0036451696        0.0039198448        0.0042530814        0.0043510547        0.0004868582        0.0004298623        0.0005087770
       -8.6253430129        0.0004811500        0.0057113784        0.0058999139        0.0057899190        0.0059031276        0.0048237338        0.0049907995        0.0054866341        0.0055249982        0.0006352541        0.0005643553        0.0006474381
       -8.4305063923        0.0006020814        0.0073079941        0.0073395835        0.0073199545        0.0073749511        0.0061281551        0.0061616872        0.0068997256        0.0069024980        0.0008021739        0.0007160831        0.0008121503
       -8.2356697717        0.0007346479        0.0090765425        0.0089220317        0.0089979231        0.0089723956        0.0075090737        0.0074833770        0.0084217950        0.0084353274        0.0009893959        0.0008829757        0.0010000903
       -8.0408331511        0.0008977197        0.0110026040        0.0107288362        0.0109084374        0.0108919991        0.0091189322        0.0091247955        0.0100936122        0.0102332302        0.0012050150        0.0010786794        0.0012139961
       -7.8459965305        0.0010844080        0.0131278868        0.0128953853        0.0131478789        0.0129911026        0.0109465145        0.0110253010        0.0120062372        0.0122455016        0.0014428949        0.0013084019        0.0014504727
       -7.6511599099        0.0012478687        0.0152408854        0.0149907997        0.0151535446        0.0149707166        0.0126289324        0.0127603265        0.0138939115        0.0141074877        0.0016662180        0.0015108079        0.0016603052
       -7.4563232893        0.0014458342        0.0176188488        0.0173551739        0.0174900499        0.0172399616        0.0145952909        0.0148065878        0.0160619853        0.0162471946        0.0019276448        0.0017462014        0.0019053482
       -7.2614866686        0.0016465158        0.0199876496        0.0197407523        0.0198834085        0.0195724471        0.0165356001        0.0168043347        0.0182307052        0.0182969748        0.0021931998        0.0019988446        0.0021602660
       -7.0666500480        0.0018535250        0.0225679756        0.0224404232        0.0225403571        0.0221259724        0.0186799156        0.0188696873        0.0206379770        0.0205780025        0.0024870896        0.0022683797        0.0024416071
       -6.8718134274        0.0020304773        0.0247966745        0.0248307323        0.0247402548        0.0243487711        0.0206901670        0.0206658420        0.0226212849        0.0224677536        0.0027168408        0.0025004708        0.0026673325
       -6.6769768068        0.0022011304        0.0268816011        0.0270646718        0.0268390836        0.0264529289        0.0226350087        0.0224145952        0.0243897883        0.0242852262        0.0029424241        0.0027258011        0.0028736234
       -6.4821401862        0.0023523155        0.0286397002        0.0289348544        0.0286262308        0.0281759978        0.0242105694        0.0239414244        0.0259055026        0.0258645506        0.0031316647        0.0029038680        0.0030497338
       -6.2873035656        0.0024810920        0.0301491270        0.0305851284        0.0302101107        0.0297253363        0.0254891451        0.0252832842        0.0272458803        0.0272695842        0.0033014413        0.0030694410        0.0032141658
       -6.0924669450        0.0025793253        0.0315903746        0.0321055383        0.0314798269        0.0310286819        0.0265682515        0.0264858846        0.0283444333        0.0284745742        0.0034495110        0.0032171584        0.0033617881
       -5.8976303244        0.0026170924        0.0322597204        0.0326265290        0.0321245461        0.0315948976        0.0269347028        0.0269369240        0.0287432259        0.0290444013        0.0035119367        0.0032758729        0.0034189058
       -5.7027937037        0.0026123476        0.0323555500        0.0326263710        0.0320685135        0.0316913177        0.0269049506        0.0269357888        0.0286983324        0.0291534300        0.0035091357        0.0032770928        0.0034239238
       -5.5079570831        0.0025347232        0.0314795493        0.0317620560        0.0311069642        0.0308678733        0.0264071217        0.0263288585        0.0279567743        0.0283404856        0.0034116352        0.0031905611        0.0033356749
       -5.3131204625        0.0024336186        0.0303650761        0.0305595254        0.0297402913        0.0296374578        0.0255849274        0.0254676462        0.0269072292        0.0273006306        0.0032840926        0.0030690699        0.0032204298
       -5.1182838419        0.0022850012        0.0286490147        0.0287354766        0.0279223234        0.0277626311        0.0241021953        0.0239546952        0.0252738064        0.0256618848        0.0030825698        0.0028908442        0.0030327490
       -4.9234472213        0.0021207150        0.0266575025        0.0266887864        0.0259452847        0.0258363638        0.0224434293        0.0223083756        0.0234526321        0.0237911068        0.0028478120        0.0026843610        0.0028259295
       -4.7286106007        0.0019368283        0.0243237802        0.0242786684        0.0237113505        0.0237234186        0.0204853331        0.0203718610        0.0214225302        0.0216201413        0.0025845336        0.0024489383        0.0025861669
       -4.5337739801        0.0017576749        0.0221822061        0.0219875006        0.0214976543        0.0217063808        0.0186250099        0.0184720275        0.0194497260        0.0196359096        0.0023458251        0.0022268366        0.0023574313
       -4.3389373595        0.0015676232        0.0199728528        0.0197427689        0.0193203693        0.0195896598        0.0166903592        0.0165403418        0.0174741566        0.0175629260        0.0021058381        0.0019958067        0.0021180377
       -4.1441007388        0.0013880489        0.0179497183        0.0176380210        0.0172622630        0.0175286021        0.0149358568        0.0147609166        0.0155938124        0.0156481917        0.0018802917        0.0017808771        0.0018928404
       -3.9492641182        0.0012270698        0.0160341978        0.0157780715        0.0153956532        0.0156383999        0.0133360586        0.0131961639        0.0138601182        0.0138838296        0.0016760369        0.0015887335        0.0016869557
       -3.7544274976        0.0010912226        0.0143338473        0.0141570256        0.0137863941        0.0140354299        0.0119254093        0.0118117250        0.0123778279        0.0123898028        0.0015006500        0.0014241137        0.0015067097
       -3.5595908770        0.0009728247        0.0127847768        0.0126206963        0.0123698021        0.0125509901        0.0106656691        0.0105407808        0.0110506779        0.0110227803        0.0013415434        0.0012700128        0.0013481470
       -3.3647542564        0.0008725855        0.0114513366        0.0112763119        0.0111261896        0.0112528165        0.0095608377        0.0094403525        0.0098973475        0.0098440620        0.0012042351        0.0011361765        0.0012093415
       -3.1699176358        0.0007858959        0.0102766719        0.0101308128        0.0100238091        0.0100930986        0.0086021195        0.0085019448        0.0088996974        0.0088467810        0.0010849152        0.0010231308        0.0010894919
       -2.9750810152        0.0007179254        0.0093152540        0.0091824770        0.0091152824        0.0091495224        0.0078155276        0.0077198723        0.0081013937        0.0080376569        0.0009941559        0.0009344012        0.0009958199
       -2.7802443946        0.0006663517        0.0085423319        0.0083988553        0.0084050626        0.0083840615        0.0071687956        0.0070891228        0.0074355332        0.0073952482        0.0009217129        0.0008665607        0.0009214858
       -2.5854077739        0.0006258785        0.0079204046        0.0077765062        0.0078184960        0.0077681199        0.0066402315        0.0066001989        0.0069130151        0.0069075992        0.0008643824        0.0008124036        0.0008635914
       -2.3905711533        0.0005976461        0.0074436199        0.0072799275        0.0073453087        0.0073086079        0.0062414845        0.0062199845        0.0065205865        0.0065314331        0.0008191590        0.0007711882        0.0008184402
       -2.1957345327        0.0005780773        0.0071082663        0.0069451521        0.0069902582        0.0069643550        0.0059807750        0.0059468387        0.0062435169        0.0062662551        0.0007902452        0.0007452192        0.0007889202
       -2.0008979121        0.0005715398        0.0069100339        0.0067414865        0.0067715053        0.0067586141        0.0058243005        0.0057872766        0.0060927452        0.0061170843        0.0007775326        0.0007330046        0.0007752560
       -1.8060612915        0.0005727196        0.0068014448        0.0066485823        0.0066411729        0.0066447984        0.0057445188        0.0057138722        0.0060108659        0.0060419429        0.0007766258        0.0007322180        0.0007731786
       -1.6112246709        0.0005814962        0.0067592286        0.0066170342        0.0065743746        0.0065994345        0.0057295150        0.0056994154        0.0059904968        0.0060270519        0.0007833407        0.0007402184        0.0007798540
       -1.4163880503        0.0005970331        0.0067821964        0.0066493470        0.0065712530        0.0066196411        0.0057728267        0.0057511442        0.0060294379        0.0060726854        0.0007986476        0.0007574802        0.0007953766
       -1.2215514297        0.0006182239        0.0068425114        0.0067290362        0.0066187078        0.0066879221        0.0058560495        0.0058481350        0.0061133343        0.0061665347        0.0008210069        0.0007809224        0.0008176504
       -1.0267148090        0.0006459682        0.0069582449        0.0068681203        0.0067223804        0.0068081799        0.0059885817        0.0059958955        0.0062479677        0.0063076948        0.0008517002        0.0008119481        0.0008486786
       -0.8318781884        0.0006807943        0.0071301949        0.0070559250        0.0068778497        0.0069764547        0.0061733920        0.0061894083        0.0064276051        0.0064964728        0.0008912042        0.0008516517        0.0008885210
       -0.6370415678        0.0007226104        0.0073535912        0.0072935036        0.0070814921        0.0071920663        0.0064036469        0.0064293886        0.0066517766        0.0067313272        0.0009394356        0.0009005244        0.0009371378
       -0.4422049472        0.0007718236        0.0076267217        0.0075787301        0.0073332064        0.0074541365        0.0066813901        0.0067168269        0.0069220418        0.0070117933        0.0009966816        0.0009585210        0.0009948759
       -0.2473683266        0.0008289531        0.0079481049        0.0079103552        0.0076292181        0.0077587613        0.0070060535        0.0070519140        0.0072380064        0.0073366614        0.0010634720        0.0010262643        0.0010623738
       -0.0525317060        0.0009028357        0.0083544625        0.0083253600        0.0080060968        0.0081425865        0.0074153671        0.0074728381        0.0076379532        0.0077426687        0.0011500769        0.0011138534        0.0011496753
        0.1423049146        0.0009897298        0.0088258130        0.0088036093        0.0084446912        0.0085849438        0.0078892329        0.0079587219        0.0081017872        0.0082080521        0.0012520242        0.0012170033        0.0012523739
        0.3371415352        0.0011907583        0.0098296816        0.0098117050        0.0094036918        0.0095434982        0.0088818874        0.0089642713        0.0090912390        0.0091952619        0.0014870260        0.0014531847        0.0014887861
        0.5319781559        0.0015298589        0.0115092162        0.0114950205        0.0110067853        0.0111308767        0.0105195687        0.0106154454        0.0107400037        0.0108511556        0.0018877447        0.0018526612        0.0018911727
        0.7268147765        0.0018780978        0.0132511586        0.0132336309        0.0126493495        0.0127628004        0.0122038902        0.0122895754        0.0124632600        0.0125804054        0.0022970169        0.0022561952        0.0023008654
        0.9216513971        0.0022951340        0.0154081072        0.0154052113        0.0146767284        0.0148105234        0.0142797490        0.0143607326        0.0145849474        0.0147282479        0.0027945995        0.0027453089        0.0027954903
        1.1164880177        0.0028308841        0.0182514930        0.0182135057        0.0172694130        0.0174186508        0.0169369086        0.0170495013        0.0173270762        0.0174445625        0.0034379118        0.0033769681        0.0034414450
        1.3113246383        0.0035481394        0.0221789897        0.0220942383        0.0208978065        0.0210903007        0.0206204107        0.0207715183        0.0211379831        0.0212654735        0.0043094940        0.0042168754        0.0043008765
        1.5061612589        0.0042178659        0.0261083687        0.0260075216        0.0243789210        0.0246003572        0.0241974145        0.0243061980        0.0249021622        0.0250593778        0.0051405756        0.0050099479        0.0051221495
        1.7009978795        0.0049528225        0.0306996254        0.0305301988        0.0284281962        0.0286527507        0.0283629837        0.0285308480        0.0292680251        0.0293920620        0.0060555040        0.0058946261        0.0060361345
        1.8958345001        0.0060039471        0.0371964379        0.0369898778        0.0344873445        0.0346563106        0.0346339101        0.0347318431        0.0354415819        0.0355806306        0.0073369144        0.0071721123        0.0073272986
        2.0906711208        0.0070776500        0.0439987434        0.0437940212        0.0408909434        0.0409778796        0.0411403153        0.0413686703        0.0419586716        0.0419854538        0.0086403096        0.0084812361        0.0086216578
        2.2855077414        0.0084635308        0.0535503953        0.0534711648        0.0497372750        0.0498089431        0.0504905906        0.0507457997        0.0510464493        0.0510959578        0.0103762659        0.0101946084        0.0103414398
        2.4803443620        0.0098359779        0.0638205556        0.0637349537        0.0592360459        0.0591962757        0.0607788629        0.0610833354        0.0607223255        0.0607641953        0.0120944821        0.0119520999        0.0121044521
        2.6751809826        0.0118043815        0.0786078376        0.0788132810        0.0735143864        0.0732109790        0.0766782251        0.0769690610        0.0752040633        0.0747820338        0.0145493030        0.0144635707        0.0146338912
        2.8700176032        0.0142293918        0.0975461263        0.0988645679        0.0922503854        0.0920768019        0.0994793059        0.0997782018        0.0945463326        0.0935858443        0.0175521205        0.0176383906        0.0177124981
        3.0648542238        0.0170611281        0.1260067485        0.1289319077        0.1175633337        0.1178249578        0.1351594526        0.1347158046        0.1241904861        0.1227883042        0.0213604209        0.0218080102        0.0215800283
        3.2596908444        0.0220664763        0.1550471354        0.1587493797        0.1577554275        0.1569383427        0.2008692166        0.2005914375        0.1603778823        0.1609124451        0.0256155366        0.0263201430        0.0261082164
        3.4545274650        0.0265953508        0.2020192960        0.1963790451        0.2040899830        0.2076826833        0.2655898772        0.2680785849        0.2153252422        0.2230705542        0.0319251727        0.0291070624        0.0314816968
        3.6493640857        0.0330553621        0.2628693629        0.2455059500        0.2561171098        0.2561807974        0.3208600947        0.3172472007        0.2955584565        0.3158774360        0.0351320326        0.0336832750        0.0346878586
        3.8442007063        0.0375684212        0.3143806619        0.3021851791        0.2969027405        0.3000872635        0.4276503413        0.4217751712        0.3578579664        0.3608145415        0.0396785672        0.0390022659        0.0424043493
        4.0390373269        0.0493040326        0.3944779083        0.3881178131        0.3792787778        0.3888638447        0.5852484511        0.5626443799        0.4762040691        0.4686725306        0.0448582481        0.0487086449        0.0513439743
        4.2338739475        0.0417995487        0.3682465329        0.3756008992        0.3869421746        0.3967304750        0.5806599738        0.5838661939        0.4554450764        0.4242548458        0.0454208534        0.0429950358        0.0515023207
        4.4287105681        0.0436099513        0.3904778471        0.3996046476        0.4343869057        0.4066766225        0.5451435926        0.5657985695        0.5187604535        0.4812109875        0.0457858536        0.0402993223        0.0492309085
        4.6235471887        0.0404445103        0.4283429510        0.4363309722        0.4107795701        0.4288259017        0.4500699574        0.4584831675        0.4333991082        0.4532457900        0.0393490104        0.0376483909        0.0445793430
        4.8183838093        0.0412742871        0.4115259285        0.4275976287        0.4279409022        0.4090147366        0.4270959758        0.4069751977        0.4057478654        0.4011046859        0.0374507652        0.0382179745        0.0480937574
        5.0132204299        0.0398475640        0.4059899256        0.3889539444        0.3615623585        0.3701270065        0.3427089572        0.3560292527        0.3396113046        0.3424148417        0.0358638436        0.0394044809        0.0429286733
        5.2080570505        0.0399236570        0.3804936581        0.3930498875        0.4011948449        0.4124680085        0.3297525776        0.3468851452        0.3285679074        0.3302939388        0.0374389941        0.0386867730        0.0394611751
        5.4028936712        0.0406891968        0.3524142122        0.3308109756        0.2926128379        0.3027763588        0.2841820679        0.2750486291        0.2985731883        0.2969879655        0.0373034952        0.0353813313        0.0446515140
        5.5977302918        0.0793414144        0.5890434256        0.5780424660        0.4618196109        0.4511270195        0.4521749493        0.4567743847        0.5847504814        0.6024535950        0.0725771291        0.0683216633        0.0859769562
        5.7925669124        0.0629553462        0.3811800400        0.3720155416        0.4131680865        0.4052500687        0.2868163785        0.2969005383        0.3821743596        0.3795633376        0.0573509569        0.0563721541        0.0552483752
        5.9874035330        0.0551071463        0.3451552304        0.3432266951        0.3397849106        0.3527797064        0.2868063163        0.2818064787        0.3132158328        0.3163308327        0.0533169451        0.0574378198        0.0488286375
        6.1822401536        0.0548756958        0.3577234808        0.3495856788        0.3359344026        0.3373173553        0.2879094770        0.2821861021        0.3233849549        0.3254822891        0.0556938629        0.0538372271        0.0481421605
        6.3770767742        0.0512335733        0.3378778190        0.3451362617        0.3411121066        0.3370177951        0.2768390783        0.2807494169        0.3184918696        0.3189512153        0.0500284323        0.0496224509        0.0478432681
        6.5719133948        0.0628287433        0.4023552841        0.4111387674        0.4393009743        0.4374302463        0.3627450781        0.3705995657        0.3826342717        0.3820505745        0.0608393627        0.0624118972        0.0584726120
        6.7667500154        0.0668508380        0.4585949792        0.4628975942        0.4875139073        0.4778264703        0.4551820824        0.4588932453        0.4216802865        0.4194416004        0.0675521188        0.0722064718        0.0672166431
        6.9615866361        0.0421454256        0.3894389871        0.3936618555        0.3624315634        0.3615078301        0.3606500518        0.3606356013        0.3576844125        0.3560174088        0.0533352163        0.0514249097        0.0518827057
        7.1564232567        0.0338841493        0.3865293861        0.3813276323        0.3682657501        0.3662775310        0.3598642062        0.3663736476        0.3539101142        0.3489017568        0.0422054868        0.0409726540        0.0409379428
        7.3512598773        0.0357994963        0.5060399508        0.5019144001        0.4337391179        0.4228078997        0.4145669909        0.4234032746        0.4378450091        0.4431257165        0.0458775962        0.0483610716        0.0467343342
        7.5460964979        0.0324319745        0.5060044388        0.5066823521        0.4733982563        0.4842048279        0.4820642421        0.4874162982        0.4314038674        0.4259389711        0.0442602054        0.0461731303        0.0460287628
        7.7409331185        0.0272591994        0.4654418302        0.4647088020        0.4475603474        0.4512987988        0.4380148232        0.4418558356        0.4025783972        0.4116511789        0.0361278614        0.0398551858        0.0366274575
        7.9357697391        0.0243522297        0.4263112034        0.4360047694        0.4715670640        0.4595001017        0.5043183916        0.5103226749        0.4994741542        0.4964166654        0.0318342078        0.0337504378        0.0355392287
        8.1306063597        0.0214152243        0.4324273028        0.4320484759        0.4307369367        0.4337639253        0.4796384037        0.4787521513        0.5284763305        0.5320970035        0.0260194483        0.0298718923        0.0319175886
        8.3254429803        0.0152659233        0.3376515761        0.3252419156        0.2750360404        0.2778575112        0.3099987823        0.2990306975        0.3191858202        0.3252818946        0.0196334380        0.0205951981        0.0180756176
        8.5202796010        0.0109916965        0.1537716275        0.1570230018        0.1619143623        0.1702745512        0.1459595993        0.1386043831        0.1676584692        0.1665572950        0.0159240297        0.0159631096        0.0149341399
        8.7151162216        0.0105274094        0.1394403099        0.1385575598        0.1373042120        0.1379747974        0.1324042909        0.1302144973        0.1328450916        0.1340108727        0.0147113541        0.0146118012        0.0144749169
        8.9099528422        0.0111443738        0.1436570215        0.1434793296        0.1458085689        0.1458377015        0.1357372079        0.1333744455        0.1442423473        0.1448100222        0.0152606375        0.0142455996        0.0146339336
        9.1047894628        0.0122632133        0.1654202727        0.1677890656        0.1646159231        0.1639261487        0.1541949014        0.1532354184        0.1690196165        0.1689386595        0.0154416565        0.0153488955        0.0151591490
        9.2996260834        0.0138430380        0.2094642277        0.2101312388        0.1949836070        0.1944679574        0.1912091981        0.1899613649        0.2111187360        0.2115180602        0.0163328631        0.0171948210        0.0166372531
        9.4944627040        0.0163826727        0.2798724222        0.2745624128        0.2356946625        0.2340805775        0.2443539366        0.2444535265        0.2750220089        0.2783350999        0.0177800711        0.0202923559        0.0188335817
        9.6892993246        0.0152770706        0.3174272284        0.3231134713        0.3209963541        0.3183479588        0.3094498210        0.3170075717        0.3224147286        0.3229901017        0.0233337342        0.0191019204        0.0230442597
        9.8841359452        0.0129509268        0.3242121364        0.3192042999        0.3569479212        0.3562024655        0.3191793585        0.3193148147        0.3304639311        0.3390459021        0.0241147611        0.0167447276        0.0217173680
       10.0789725659        0.0143123474        0.4896143945        0.4964414379        0.5892289918        0.5860928611        0.5239703346        0.5326254402        0.5213335958        0.5161321224        0.0304877136        0.0199115312        0.0268784537
       10.2738091865        0.0104091822        0.2331600181        0.2359198780        0.2990343528        0.2936283843        0.2371791376        0.2412299444        0.2651038994        0.2605224568        0.0188415450        0.0131883000        0.0179220382
       10.4686458071        0.0083601663        0.1452760548        0.1468269475        0.1985640398        0.1978311399        0.1458047101        0.1461581344        0.1770963326        0.1741881343        0.0147548989        0.0105403885        0.0138918105
       10.6634824277        0.0064793075        0.1109786865        0.1107189456        0.1430549920        0.1454348502        0.1091828291        0.1081916521        0.1283686789        0.1296245598        0.0114621331        0.0087979490        0.0108589944
       10.8583190483        0.0045683745        0.0768519917        0.0764493240        0.0931811602        0.0948668258        0.0746312723        0.0738707883        0.0842009270        0.0851402177        0.0078967087        0.0064826171        0.0076699774
       11.0531556689        0.0033611819        0.0540986199        0.0538099064        0.0631804250        0.0644186719        0.0517750730        0.0515917080        0.0576921626        0.0582825021        0.0055319569        0.0048509701        0.0055976097
       11.2479922895        0.0020016584        0.0271272692        0.0270278212        0.0283421357        0.0288038948        0.0243853628        0.0244047491        0.0265586408        0.0267982187        0.0030886561        0.0025873241        0.0029985750
       11.4428289101        0.0013754764        0.0178582805        0.0179858680        0.0180773849        0.0181564507        0.0157896437        0.0158536369        0.0170927885        0.0172607380        0.0020742046        0.0017188269        0.0020136681
       11.6376655308        0.0009562703        0.0119441481        0.0122633870        0.0121085865        0.0118600335        0.0104631744        0.0107410634        0.0113568625        0.0115114457        0.0013949559        0.0011637681        0.0013517903
       11.8325021514        0.0006455486        0.0079032564        0.0082754016        0.0081139804        0.0078507403        0.0068451683        0.0072460517        0.0074911641        0.0076314538        0.0009311110        0.0007894094        0.0008858957
       12.0273387720        0.0004224247        0.0050712185        0.0054086332        0.0052292601        0.0049836047        0.0043589283        0.0045978136        0.0048395502        0.0047687232        0.0006009334        0.0005033218        0.0005599671
       12.2221753926        0.0002753938        0.0032713331        0.0034478315        0.0034032339        0.0031726718        0.0028171663        0.0028519025        0.0030513992        0.0029951716        0.0003803333        0.0003155519        0.0003548568
       12.4170120132        0.0001771916        0.0020977516        0.0020948258        0.0020897256        0.0019862605        0.0017409290        0.0017162980        0.0018515980        0.0018699675        0.0002385051        0.0001914804        0.0002210708
       12.6118486338        0.0001191968        0.0014277898        0.0014040135        0.0013644492        0.0013684946        0.0011125161        0.0011204751        0.0011793060        0.0012583501        0.0001601331        0.0001278515        0.0001471365
       12.8066852544        0.0000744769        0.0008360647        0.0008783096        0.0008368059        0.0008744053        0.0006682673        0.0006665641        0.0006933762        0.0007500468        0.0000954981        0.0000784155        0.0000875717
       13.0015218750        0.0000432203        0.0004917367        0.0005057621        0.0005106059        0.0005512532        0.0003955914        0.0003678799        0.0004079698        0.0004397719        0.0000579331        0.0000467451        0.0000513365
       13.1963584957        0.0000237685        0.0002758823        0.0002949540        0.0002925854        0.0003264674        0.0002217705        0.0001987400        0.0002210473        0.0002449278        0.0000338777        0.0000278448        0.0000297046
       13.3911951163        0.0000105380        0.0001291895        0.0001471809        0.0001443436        0.0001725428        0.0001064230        0.0000897729        0.0000965680        0.0001158523        0.0000169715        0.0000158312        0.0000148370
       13.5860317369        0.0000035992        0.0000499409        0.0000532745        0.0000538285        0.0000719053        0.0000394703        0.0000295606        0.0000317981        0.0000419653        0.0000068951        0.0000068447        0.0000059278
       13.7808683575        0.0000010938        0.0000167884        0.0000161381        0.0000176290        0.0000231391        0.0000122825        0.0000094533        0.0000090888        0.0000137859        0.0000025917        0.0000024467        0.0000019249
       13.9757049781        0.0000001248        0.0000019324        0.0000018427        0.0000023537        0.0000024483        0.0000014467        0.0000011345        0.0000010012        0.0000016908        0.0000003264        0.0000003256        0.0000002287
       14.1705415987        0.0000000000        0.0000000000        0.0000000000        0.0000000000        0.0000000000        0.0000000000        0.0000000000        0.0000000000        0.0000000000        0.0000000000        0.0000000000        0.0000000000
       14.3653782193        0.0000000000        0.0000000000        0.0000000000        0.0000000000        0.0000000000        0.0000000000        0.0000000000        0.0000000000        0.0000000000        0.0000000000        0.0000000000        0.0000000000
       14.5602148399        0.0000000000        0.0000000000        0.0000000000        0.0000000000        0.0000000000        0.0000000000        0.0000000000        0.0000000000        0.0000000000        0.0000000000        0.0000000000        0.0000000000
       14.7550514606        0.0000000000        0.0000000000        0.0000000000        0.0000000000        0.0000000000        0.0000000000        0.0000000000        0.0000000000        0.0000000000        0.0000000000        0.0000000000        0.0000000000
       14.9498880812        0.0000000000        0.0000000000        0.0000000000        0.0000000000        0.0000000000        0.0000000000        0.0000000000        0.0000000000        0.0000000000        0.0000000000        0.0000000000        0.0000000000
       15.1447247018        0.0000000000        0.0000000000        0.0000000000        0.0000000000        0.0000000000        0.0000000000        0.0000000000        0.0000000000        0.0000000000        0.0000000000        0.0000000000        0.0000000000
       15.3395613224        0.0034660860        0.0126170711        0.0125728450        0.0015242857        0.0014426202        0.0123379407        0.0124413561        0.0028052064        0.0028203174        0.2930116177        0.0219645695        0.1998638633
       15.5343979430        0.0100425503        0.1066866576        0.1054962657        0.0081120123        0.0089593397        0.1026630999        0.1007225762        0.0136538056        0.0136733889        1.8344367561        0.0866893583        1.4592340319
       15.7292345636        0.0025974357        0.0314496015        0.0313624565        0.0022105312        0.0022546357        0.0178612870        0.0179415896        0.0055468790        0.0055378139        0.5221702455        0.0253568470        0.3355325273
       15.9240711842        0.0076355176        0.0281388522        0.0280231387        0.0092031221        0.0093522726        0.0135743156        0.0134226275        0.0101608910        0.0102281611        0.5356196439        0.0683562741        0.3443432520
       16.1189078048        0.0151480665        0.0102039415        0.0100449918        0.0571918313        0.0575876362        0.0123928327        0.0122640324        0.0403744275        0.0405867386        0.9030018206        0.1989455870        0.5693414695
       16.3137444255        0.0304267041        0.0160481862        0.0162352509        0.0390086089        0.0384918324        0.0158976025        0.0162345877        0.0235941762        0.0235985451        0.7177155864        0.3783982199        0.4191671605
       16.5085810461        0.0073150047        0.0067719250        0.0074631690        0.0127597839        0.0126220149        0.0066159304        0.0064576383        0.0058110882        0.0060059946        0.2636704776        0.2007109977        0.1027845552
       16.7034176667        0.3196671068        0.0948812797        0.1005440010        0.0271631864        0.0302901472        0.0777841264        0.0791410063        0.0164307593        0.0179491065        0.1601111032        2.3395694860        0.5324885892
       16.8982542873        0.0793305174        0.0526325435        0.0465059438        0.0310520049        0.0295704848        0.0942885307        0.1017962625        0.0474850505        0.0484344274        0.4795361947        1.2109881647        1.9490414741
       17.0930909079        0.3317953253        0.0269041995        0.0291119988        0.1420119686        0.1392386359        0.0320268967        0.0323612102        0.0580494009        0.0543172512        0.3303649345        2.7486372825        1.0848675779
       17.2879275285        0.1573037098        0.0233516810        0.0243476020        0.0754006156        0.0742162307        0.0197914962        0.0176725468        0.0221988652        0.0212689284        0.2137582040        1.1368612469        0.5547889450
       17.4827641491        0.1897325239        0.0660258356        0.0633723352        0.0504360447        0.0512841719        0.0913362125        0.0908860980        0.0249008437        0.0257826810        0.5298652820        1.6041222790        1.6794993352
       17.6776007697        0.2562236370        0.0626475374        0.0616273989        0.0277864262        0.0272722418        0.0515080132        0.0530543745        0.0143919705        0.0142946601        0.5241600479        1.9062793589        0.2873853004
       17.8724373904        0.1466212052        0.0555641951        0.0548753668        0.0369479519        0.0365189544        0.0361279266        0.0357125722        0.0187038724        0.0180872920        0.9628642723        0.9465978688        0.4992571482
       18.0672740110        0.0811425064        0.0798558888        0.0806935654        0.0461209398        0.0470454274        0.0365967115        0.0361040300        0.0261140978        0.0264733675        1.5957323286        0.3504097333        0.9494163845
       18.2621106316        0.0324472909        0.0525619234        0.0537452047        0.0302159439        0.0302609132        0.0250183621        0.0258785934        0.0183012076        0.0185520338        1.0168293871        0.1942422451        0.7548312909
       18.4569472522        0.0431608107        0.0586352676        0.0578777327        0.0311611029        0.0341114442        0.0287564208        0.0295018977        0.0157886673        0.0166654300        1.1574662441        0.1673956949        0.7743601408
       18.6517838728        0.0026047605        0.0052569429        0.0052504531        0.0081374938        0.0081144025        0.0029719467        0.0029893224        0.0044527051        0.0044588399        0.1668778729        0.0372776679        0.1297035563
       18.8466204934        0.0540102983        0.0050303684        0.0052196802        0.0229095746        0.0227729413        0.0034391630        0.0034574314        0.0239211205        0.0237094629        0.6096795470        0.0551129774        0.5935493402
       19.0414571140        0.2356389350        0.0096039778        0.0095422911        0.0272592500        0.0271004620        0.0050114869        0.0049442956        0.0145491861        0.0147803360        0.7282670548        0.0464869490        0.5503966200
       19.2362937346        0.0817147954        0.0028696415        0.0028110553        0.0118202572        0.0123199694        0.0017552695        0.0016901331        0.0104511165        0.0106670648        0.3708577306        0.0142284642        0.2756350107
       19.4311303553        1.4077733596        0.0112083389        0.0110997457        0.0090363640        0.0089000348        0.0574721981        0.0580289374        0.0087183218        0.0086603930        0.0378285347        0.2444683714        0.0412158888
       19.6259669759        1.2245256419        0.0062306286        0.0062302538        0.0092720870        0.0095524593        0.0491803259        0.0496811212        0.0106431473        0.0112633944        0.0144009639        0.1659424382        0.0179975231
       19.8208035965        3.5697467232        0.0132318512        0.0125530252        0.0557151089        0.0517135902        0.0643557536        0.0607990808        0.1323571493        0.1243512697        0.1914567909        0.3781940173        0.1872602945
       20.0156402171        1.8692956817        0.0040947384        0.0041478859        0.0462771405        0.0467061912        0.0049204382        0.0050300553        0.0949320293        0.0955665759        0.0982107322        0.1833855041        0.1135176664
       20.2104768377        0.2274957660        0.0005885080        0.0005924731        0.0056589996        0.0057142561        0.0002844670        0.0002891697        0.0092164037        0.0092739641        0.0014478673        0.0517999844        0.0018443773
       20.4053134583        0.0000000000        0.0000000000        0.0000000000        0.0000000000        0.0000000000        0.0000000000        0.0000000000        0.0000000000        0.0000000000        0.0000000000        0.0000000000        0.0000000000
       20.6001500789        1.0874148079        0.0013276736        0.0013689573        0.0179175311        0.0181209863        0.0033125442        0.0033293986        0.0326610811        0.0327160666        0.0077650796        0.0686466268        0.0041551971
       20.7949866995        1.6093996503        0.0028515755        0.0028358452        0.0252272359        0.0252066297        0.0093103747        0.0092934558        0.0443739372        0.0443876520        0.0133760343        0.1823827686        0.0097648242
       20.9898233202        1.6817548472        0.0032308924        0.0032104164        0.0257496451        0.0257436263        0.0138230473        0.0138199602        0.0405932696        0.0405978898        0.0124086986        0.2385195425        0.0107360950
       21.1846599408        0.0000000000        0.0000000000        0.0000000000        0.0000000000        0.0000000000        0.0000000000        0.0000000000        0.0000000000        0.0000000000        0.0000000000        0.0000000000        0.0000000000
       21.3794965614        0.0000000000        0.0000000000        0.0000000000        0.0000000000        0.0000000000        0.0000000000        0.0000000000        0.0000000000        0.0000000000        0.0000000000        0.0000000000        0.0000000000
       21.5743331820        0.0000000000        0.0000000000        0.0000000000        0.0000000000        0.0000000000        0.0000000000        0.0000000000        0.0000000000        0.0000000000        0.0000000000        0.0000000000        0.0000000000
       21.7691698026        0.0000000000        0.0000000000        0.0000000000        0.0000000000        0.0000000000        0.0000000000        0.0000000000        0.0000000000        0.0000000000        0.0000000000        0.0000000000        0.0000000000
       21.9640064232        0.0000000000        0.0000000000        0.0000000000        0.0000000000        0.0000000000        0.0000000000        0.0000000000        0.0000000000        0.0000000000        0.0000000000        0.0000000000        0.0000000000
       22.1588430438        0.0000000000        0.0000000000        0.0000000000        0.0000000000        0.0000000000        0.0000000000        0.0000000000        0.0000000000        0.0000000000        0.0000000000        0.0000000000        0.0000000000
       22.3536796644        0.0000000000        0.0000000000        0.0000000000        0.0000000000        0.0000000000        0.0000000000        0.0000000000        0.0000000000        0.0000000000        0.0000000000        0.0000000000        0.0000000000
       22.5485162851        0.0000000000        0.0000000000        0.0000000000        0.0000000000        0.0000000000        0.0000000000        0.0000000000        0.0000000000        0.0000000000        0.0000000000        0.0000000000        0.0000000000
       22.7433529057        0.0000000000        0.0000000000        0.0000000000        0.0000000000        0.0000000000        0.0000000000        0.0000000000        0.0000000000        0.0000000000        0.0000000000        0.0000000000        0.0000000000
       22.9381895263        0.0000000000        0.0000000000        0.0000000000        0.0000000000        0.0000000000        0.0000000000        0.0000000000        0.0000000000        0.0000000000        0.0000000000        0.0000000000        0.0000000000
       23.1330261469        0.0000000000        0.0000000000        0.0000000000        0.0000000000        0.0000000000        0.0000000000        0.0000000000        0.0000000000        0.0000000000        0.0000000000        0.0000000000        0.0000000000
       23.3278627675        0.0000000000        0.0000000000        0.0000000000        0.0000000000        0.0000000000        0.0000000000        0.0000000000        0.0000000000        0.0000000000        0.0000000000        0.0000000000        0.0000000000
       23.5226993881        0.0000000000        0.0000000000        0.0000000000        0.0000000000        0.0000000000        0.0000000000        0.0000000000        0.0000000000        0.0000000000        0.0000000000        0.0000000000        0.0000000000
       23.7175360087        0.0000000000        0.0000000000        0.0000000000        0.0000000000        0.0000000000        0.0000000000        0.0000000000        0.0000000000        0.0000000000        0.0000000000        0.0000000000        0.0000000000
       23.9123726293        0.0000000000        0.0000000000        0.0000000000        0.0000000000        0.0000000000        0.0000000000        0.0000000000        0.0000000000        0.0000000000        0.0000000000        0.0000000000        0.0000000000
       24.1072092500        0.0000000000        0.0000000000        0.0000000000        0.0000000000        0.0000000000        0.0000000000        0.0000000000        0.0000000000        0.0000000000        0.0000000000        0.0000000000        0.0000000000
       24.3020458706        0.0000000000        0.0000000000        0.0000000000        0.0000000000        0.0000000000        0.0000000000        0.0000000000        0.0000000000        0.0000000000        0.0000000000        0.0000000000        0.0000000000
