88   
18   

1    
  0.0050100342489131  -0.0086544530009702  -0.0000002805632195
  -0.0711716800    0.1188968200    0.0004222100
  -0.0004108500   -0.0004041800   -0.0003019500
  -0.0003120000   -0.0004649900    0.0000693900
  -0.0002076700   -0.0011799900    0.0001518800
  -0.0001414500   -0.0020670500    0.0005341100
   0.0000569000   -0.0011053000   -0.0001025800
  -0.0001674100   -0.0009793100    0.0002249800
   0.0001696600   -0.0017161200    0.0003825700
  -0.0010853200   -0.0110328600   -0.0008172000
   0.0109603500   -0.0035026200   -0.0008187600
  -0.0009390100    0.0033721500    0.0014812300
  -0.0001236000    0.0016617400   -0.0000271400
  -0.0000658300    0.0014045000   -0.0000539200
  -0.0003227800    0.0016855500   -0.0002109400
   0.0002467200    0.0013522100    0.0001701300
  -0.0001168100    0.0014206900   -0.0000765700
  -0.0033549400   -0.0009370600    0.0035928400
   0.0003579200   -0.0019083800   -0.0001862000
  -0.0017316300   -0.0050262600   -0.0014555600
  -0.0005460900   -0.0006067600   -0.0006479700
   0.0016350500   -0.0034352200   -0.0052285600
   0.0032843200   -0.0069925700    0.0027197500
  -0.0003136100   -0.0015820700    0.0001364500
  -0.0003342700   -0.0012054700    0.0000266700
   0.0012174500   -0.0027197100   -0.0051791600
   0.0028406400   -0.0045709000    0.0026325400
   0.0001338900    0.0000565100    0.0001146100
   0.0000327700    0.0000661100    0.0001204500
  -0.0024693000    0.0000071600    0.0015953000
  -0.0009276800    0.0002698700    0.0004120700
  -0.0005013600   -0.0020853700   -0.0014709900
  -0.0000041600    0.0002571600    0.0001597400
   0.0002946600    0.0022454900    0.0007067000
   0.0011317900    0.0038162100    0.0014378400
   0.0020902200    0.0008770600   -0.0017753400
  -0.0000992100    0.0014696400    0.0004566200
  -0.0000424200    0.0018860800   -0.0004518600
   0.0029287800    0.0010426400   -0.0012043400
   0.0019855400    0.0048321100    0.0039645100
   0.0000330500    0.0010471500   -0.0002495700
   0.0265096900   -0.0289299800   -0.0043828100
   0.0129175300   -0.0201152700    0.0025953800
   0.0121339600   -0.0185080100    0.0027134700
   0.0149104000   -0.0205146400    0.0037768400
   0.0125180900   -0.0200561400    0.0020160100
   0.0127397400   -0.0203039500    0.0026624500
   0.0127239800   -0.0198769800    0.0022233500
   0.0138087900   -0.0200279900    0.0021193600
   0.0140767000    0.0165272300    0.0018005300
   0.0260720500   -0.0008956700    0.0142312500
   0.0132712000    0.0203942000    0.0022978500
   0.0131410000    0.0194929800    0.0024311900
   0.0124483100    0.0202025000    0.0036286000
   0.0127269700    0.0202177600    0.0017681100
   0.0119703700    0.0195131100    0.0016598300
   0.0127234400    0.0197418600    0.0025171300
  -0.0065974900   -0.0111274300    0.0025078800
  -0.0118055500   -0.0002542600    0.0039645700
  -0.0113537600   -0.0014592400    0.0042901200
  -0.0112433400    0.0001622300    0.0044922200
  -0.0105512000    0.0003834300    0.0034881800
  -0.0099597700   -0.0010349300    0.0042778500
  -0.0109531600    0.0001021400    0.0049301600
  -0.0109552500    0.0003927700    0.0044008100
   0.0105280000    0.0008449900   -0.0037429200
   0.0104161600   -0.0002917900   -0.0037627200
   0.0109809700   -0.0012950900   -0.0043560600
   0.0105602600    0.0003505700   -0.0049639000
   0.0196802300   -0.0165402400    0.0036761800
   0.0131650500   -0.0032125500   -0.0052433600
   0.0104936400   -0.0006753900   -0.0040651000
   0.0112692400    0.0000377500   -0.0046472400
  -0.0125714800   -0.0197408900   -0.0027246200
  -0.0124494300   -0.0205263900   -0.0017357600
  -0.0127822600   -0.0207655100   -0.0028267000
  -0.0126927300   -0.0200995600   -0.0026058800
  -0.0026448800   -0.0294897200   -0.0062687600
  -0.0121102500   -0.0189476300   -0.0025956800
  -0.0125453300   -0.0198753400   -0.0025455600
  -0.0113360600   -0.0204234400   -0.0027949100
  -0.0124900800    0.0202644800   -0.0033039300
  -0.0126464000    0.0200627900   -0.0018395200
  -0.0127217800    0.0203436000   -0.0024350400
  -0.0123966000    0.0198545900   -0.0026365700
  -0.0131650600    0.0177840700   -0.0017644600
  -0.0135623200    0.0212287600   -0.0019465400
  -0.0128954900    0.0032581000   -0.0102798900
  -0.0133667500    0.0196834300   -0.0022553600

1    
 -0.0050100342489131   0.0086544530009702   0.0000002805632195
   0.0706178000   -0.1216203900   -0.0005133000
   0.0004141400   -0.0022154000    0.0002986000
   0.0003134000   -0.0021620900   -0.0000672600
   0.0001973400   -0.0014387400   -0.0001497400
   0.0001452300   -0.0005526500   -0.0005227900
  -0.0000560900   -0.0015099900    0.0001037300
   0.0001638300   -0.0016404100   -0.0002307900
  -0.0001717100   -0.0008944300   -0.0003765300
   0.0011369400    0.0138288100    0.0008321800
  -0.0107896300    0.0060758000    0.0007963700
   0.0009669600   -0.0007414200   -0.0014730700
   0.0001233400    0.0009612900    0.0000286500
   0.0000574600    0.0012134400    0.0000618800
   0.0003223800    0.0009304900    0.0001986100
  -0.0002515400    0.0012601700   -0.0001683700
   0.0001218500    0.0012097400    0.0000648200
   0.0033383100   -0.0015492400   -0.0035928300
  -0.0003653300   -0.0005990100    0.0001852000
   0.0017031500    0.0024853000    0.0014195700
   0.0005376000   -0.0019010800    0.0006540000
  -0.0016344000    0.0009414200    0.0051635100
  -0.0033258800    0.0045180100   -0.0027564200
   0.0003176200   -0.0009301700   -0.0001398600
   0.0003236600   -0.0013065100   -0.0000299700
  -0.0011956300    0.0027318200    0.0052430900
  -0.0028242700    0.0045078500   -0.0026030100
  -0.0001438500   -0.0000639700   -0.0001139000
  -0.0000321500   -0.0000484300   -0.0001189500
   0.0025439600   -0.0000400200   -0.0015808600
   0.0009276200   -0.0002739500   -0.0004204200
   0.0005122500    0.0021019900    0.0014992100
   0.0000064300   -0.0002507900   -0.0001629600
  -0.0002934600    0.0002493700   -0.0006965700
  -0.0011484700   -0.0012118300   -0.0014412900
  -0.0020567600    0.0016396100    0.0017534900
   0.0001024100    0.0010184200   -0.0004512800
   0.0000359300    0.0005977700    0.0004510200
  -0.0029706300    0.0014766200    0.0012410300
  -0.0019821500   -0.0023476700   -0.0039715200
  -0.0000400000    0.0014439900    0.0002485100
  -0.0013364400   -0.0115733000    0.0100097700
   0.0126629000   -0.0202918700    0.0026932300
   0.0134316500   -0.0219013500    0.0025424900
   0.0106612700   -0.0199097700    0.0015145900
   0.0130402000   -0.0203608900    0.0032653700
   0.0128385000   -0.0200838100    0.0026192300
   0.0128470600   -0.0205080900    0.0030472800
   0.0117449300   -0.0203851500    0.0031648100
   0.0114764500    0.0238858400    0.0034816200
   0.0003263000    0.0400354800   -0.0077850200
   0.0122910800    0.0200146700    0.0029739900
   0.0124367200    0.0209047500    0.0028638500
   0.0131161900    0.0202009700    0.0016649100
   0.0128274400    0.0201797700    0.0034932900
   0.0135907600    0.0208974700    0.0035956600
   0.0128357200    0.0206512200    0.0027787100
  -0.0150675000    0.0114761700    0.0064243200
  -0.0101169900    0.0002831800    0.0045696800
  -0.0105318200    0.0014993500    0.0042430900
  -0.0106619700   -0.0001720000    0.0040984800
  -0.0113520700   -0.0003761200    0.0050779800
  -0.0119339700    0.0010508300    0.0042708800
  -0.0109339300   -0.0000842400    0.0036321000
  -0.0109545500   -0.0004014900    0.0041906900
   0.0113734700   -0.0008501700   -0.0048516900
   0.0114780500    0.0002970800   -0.0047804300
   0.0109180000    0.0013075500   -0.0041937700
   0.0113583900   -0.0003754400   -0.0036064900
   0.0016146700    0.0177206200   -0.0133281600
   0.0087484400    0.0032092900   -0.0032909100
   0.0114070700    0.0006897700   -0.0044816200
   0.0106463200   -0.0000358600   -0.0039424300
  -0.0129916700   -0.0206670500   -0.0025582600
  -0.0131106600   -0.0198767700   -0.0035397300
  -0.0127914100   -0.0196339200   -0.0024506500
  -0.0128540800   -0.0203136900   -0.0026888500
  -0.0224428300   -0.0108997200    0.0006235800
  -0.0134634100   -0.0214816800   -0.0026610500
  -0.0130268200   -0.0205332100   -0.0027379600
  -0.0141964900   -0.0199768500   -0.0024890100
  -0.0130783900    0.0201321600   -0.0019929800
  -0.0129170900    0.0203338800   -0.0034231500
  -0.0128470800    0.0200590700   -0.0028208700
  -0.0131664400    0.0205367000   -0.0026494800
  -0.0124020800    0.0226383200   -0.0035401000
  -0.0120162500    0.0191815400   -0.0033104800
  -0.0129287400    0.0368862700    0.0046652000
  -0.0121965800    0.0207267400   -0.0030434700

1    
 -0.0033559307313418   0.0000000000000000   0.0094200705372325
   0.0484034300   -0.0012715700   -0.1565874900
   0.0000165800   -0.0011306600   -0.0008885400
   0.0000307200   -0.0014909100   -0.0008859500
   0.0004188200   -0.0013114500   -0.0004066800
   0.0010899600   -0.0013072700   -0.0008375700
   0.0001581200   -0.0010911100   -0.0003973200
   0.0001500000   -0.0015346700   -0.0003917500
   0.0005981000   -0.0013152400   -0.0004462500
  -0.0008078000    0.0012635700   -0.0009657700
  -0.0027063400    0.0048444600   -0.0016566500
  -0.0026822700   -0.0022275900   -0.0016940300
   0.0000321200    0.0013053400   -0.0005867300
  -0.0000684100    0.0013104000    0.0001434900
  -0.0000092200    0.0014052700   -0.0004302600
  -0.0000093100    0.0012188700   -0.0004258600
  -0.0000506800    0.0013098400   -0.0008145300
  -0.0010835800   -0.0060012400    0.0073196000
   0.0002968600   -0.0009761600    0.0000476900
   0.0018803500    0.0017985000    0.0019314400
   0.0001341300   -0.0015040100   -0.0003693300
  -0.0010660900    0.0033781700    0.0071826700
   0.0018935500   -0.0043420400    0.0019495200
   0.0002921800   -0.0015224700    0.0000502100
   0.0001378600   -0.0010044600   -0.0003710900
  -0.0021202800    0.0040165400    0.0075468600
   0.0001875300   -0.0022064400    0.0020499100
   0.0006420000    0.0002717900   -0.0005526500
   0.0000287000    0.0001333600    0.0001124600
  -0.0020980100   -0.0039027600    0.0074240000
   0.0006431500   -0.0002783700   -0.0005488100
   0.0002136300    0.0022293600    0.0020786000
   0.0000214400   -0.0001285100    0.0001177000
  -0.0003330000    0.0011295500   -0.0000922900
   0.0029685900    0.0018762300    0.0045373500
  -0.0052299400    0.0020888200    0.0032767800
  -0.0000510700    0.0011736400   -0.0000792600
  -0.0003338800    0.0013680700   -0.0000887200
  -0.0051599900    0.0004343700    0.0032467800
   0.0029257700    0.0006318800    0.0045229200
  -0.0000527500    0.0013323600   -0.0000772700
  -0.0042414900   -0.0199002700    0.0230222700
   0.0126946800   -0.0199407700    0.0031941000
   0.0128644000   -0.0196765400    0.0026549400
   0.0131642500   -0.0203502300    0.0031555600
   0.0123368400   -0.0199788000    0.0078514900
   0.0126677500   -0.0199080200    0.0035321800
   0.0129172400   -0.0193992600    0.0029838900
   0.0120044000   -0.0205112400    0.0038362300
   0.0117800200    0.0218545500    0.0033291900
   0.0124408200    0.0138447600    0.0177308400
   0.0120861300    0.0203600800    0.0024710100
   0.0128771800    0.0201389700    0.0031187800
   0.0126789600    0.0201691500    0.0024517300
   0.0127195600    0.0208491400    0.0029762500
   0.0127278700    0.0199803400    0.0026743500
   0.0127111400    0.0202907500    0.0027997300
  -0.0114851800    0.0034013300    0.0173828200
  -0.0093552700   -0.0005766500    0.0045280300
  -0.0123976200   -0.0016181300    0.0056140700
  -0.0111277600   -0.0007107900    0.0047672300
  -0.0106691000    0.0001896900    0.0030401100
  -0.0112902900   -0.0004735300    0.0050629300
  -0.0107901800    0.0000846600    0.0032726300
  -0.0105635300    0.0006574400    0.0039533100
   0.0112653400   -0.0002025700   -0.0055544200
   0.0111006900   -0.0000509600   -0.0053139800
   0.0106106900    0.0004848200   -0.0035006200
   0.0113295700   -0.0006641300   -0.0046118500
   0.0101745000   -0.0029954200    0.0085121500
   0.0095230600    0.0015978900   -0.0029546400
   0.0125267300    0.0005835600   -0.0040390200
   0.0108036900    0.0007045100   -0.0038057100
  -0.0132285500   -0.0204543200    0.0026451200
  -0.0126637900   -0.0209954300   -0.0023030000
  -0.0128955800   -0.0204924400   -0.0017513700
  -0.0135775500   -0.0199052600   -0.0014339000
  -0.0282417100   -0.0205455200    0.0166609300
  -0.0127037300   -0.0207049200   -0.0026452300
  -0.0128925600   -0.0204738900   -0.0020938900
  -0.0124210200   -0.0200815300   -0.0021330600
  -0.0129044500    0.0202334400   -0.0028400000
  -0.0128409500    0.0204460600   -0.0026128000
  -0.0128237400    0.0195585800   -0.0023187200
  -0.0128636200    0.0201100400   -0.0024859500
  -0.0137908800    0.0185796100   -0.0019677300
  -0.0134894500    0.0200591200   -0.0028161200
  -0.0133448200    0.0261737600    0.0121759300
  -0.0127036500    0.0202848900   -0.0021589600

17   
  0.0050100342489131  -0.0086544530009702  -0.0000002805632195
  -0.0029719200   -0.0008253300    0.0026603700
   0.0003064900   -0.0019991000    0.0000145200
  -0.0009234600   -0.0045889200   -0.0021345800
  -0.0009470900   -0.0008987500   -0.0000353600
   0.0013042100   -0.0036945500   -0.0044023400
   0.0025271300   -0.0075511500    0.0047459000
  -0.0002610700   -0.0016060000    0.0003150400
   0.0000807800   -0.0010166400   -0.0001268100
   0.0004326200    0.0022283000   -0.0001328400
   0.0023555600    0.0007613500   -0.0011454200
   0.0006299100    0.0040882300    0.0023610600
   0.0003308900    0.0012876900    0.0000190800
  -0.0001795300    0.0020287000   -0.0001332300
   0.0024853700    0.0046136600    0.0018764300
   0.0026676900    0.0012740600   -0.0025877200
  -0.0003961300    0.0013667800   -0.0001008800
  -0.0786470100    0.1423664100   -0.0095204000
  -0.0008411600    0.0001336000   -0.0002890100
   0.0003316600   -0.0005448600    0.0001155300
  -0.0001532700   -0.0014773400    0.0002354100
  -0.0001740800   -0.0012139400   -0.0000029000
   0.0000377000   -0.0013897900   -0.0000721400
  -0.0001011700   -0.0013102000    0.0000500700
  -0.0003160700   -0.0013043600   -0.0001244200
  -0.0008843900   -0.0063693400   -0.0006627800
   0.0086345000   -0.0034779300   -0.0009789800
  -0.0007327800    0.0008109700    0.0012820200
  -0.0003503700   -0.0005408500    0.0001159700
  -0.0000809900    0.0004248400   -0.0002532900
   0.0000744400    0.0000202800    0.0002771800
  -0.0000962000   -0.0000555300   -0.0000581500
  -0.0000947200    0.0000623900   -0.0000715500
   0.0005751800    0.0015861600    0.0000314400
  -0.0010549900    0.0022457900    0.0015421300
   0.0056861000   -0.0016534900    0.0006202400
  -0.0003884700   -0.0112194600   -0.0005930000
   0.0001114900    0.0014251000   -0.0001894800
  -0.0001142500    0.0015491100    0.0007783100
   0.0000437300    0.0014545400   -0.0006436600
  -0.0005392200    0.0020813100   -0.0000989800
   0.0338644600   -0.0548104900    0.0196053200
   0.0140950900   -0.0222237400    0.0020023600
   0.0119552500   -0.0197449200    0.0021678500
   0.0132329000   -0.0197869400    0.0019208400
   0.0123826700   -0.0196757400    0.0029398800
   0.0132685900   -0.0202476000    0.0027231800
   0.0126798500   -0.0200839200    0.0027379300
   0.0128026700   -0.0202977300    0.0022787100
   0.0127575600    0.0185231600    0.0022593600
   0.0219295500    0.0118004000   -0.0000620700
   0.0155025700    0.0198300400    0.0034172900
   0.0134234400    0.0222582600    0.0032528700
   0.0126358700    0.0193996800    0.0032920000
   0.0125719700    0.0197316400    0.0017524500
   0.0131533700    0.0199256400    0.0026842900
   0.0128387200    0.0198765100    0.0023532700
  -0.0120184100   -0.0029787100    0.0046832900
  -0.0131658700    0.0004221600    0.0050813600
  -0.0080211300   -0.0133946200    0.0018925400
  -0.0093352100   -0.0006460800    0.0036135600
  -0.0099067300   -0.0005796800    0.0038074400
  -0.0110640800    0.0001815400    0.0049885200
  -0.0103317200   -0.0004804000    0.0048715000
  -0.0107022700   -0.0000977700    0.0045407300
   0.0132332600   -0.0057424300   -0.0058345000
   0.0219232500   -0.0180091100    0.0017978800
   0.0113490400    0.0001333200   -0.0047329300
   0.0103083000   -0.0007176100   -0.0040869900
   0.0099220700   -0.0003914100   -0.0037298900
   0.0107960700    0.0002230300   -0.0045637900
   0.0105970900    0.0000408700   -0.0049014300
   0.0107414700   -0.0003271200   -0.0043962800
  -0.0116197500   -0.0452339700   -0.0112719000
  -0.0128157000   -0.0189086100   -0.0023902800
  -0.0130777800   -0.0207802900   -0.0024790700
  -0.0128446000   -0.0200979200   -0.0023149100
  -0.0123550800   -0.0197998900   -0.0032681900
  -0.0128838500   -0.0200573700   -0.0027767500
  -0.0126624400   -0.0199843000   -0.0024396300
  -0.0118006200   -0.0198123000   -0.0015181700
  -0.0127331700    0.0191780200   -0.0026655000
  -0.0110405100    0.0206173500   -0.0018064400
  -0.0049822500    0.0124829200   -0.0053668300
  -0.0133529900    0.0220312200   -0.0029933000
  -0.0126753900    0.0196833600   -0.0026544500
  -0.0121198900    0.0198785400   -0.0032133500
  -0.0124055800    0.0199523600   -0.0015835600
  -0.0124171400    0.0196688800   -0.0022969200

17   
 -0.0050100342489131   0.0086544530009702   0.0000002805632195
   0.0030474600   -0.0018276500   -0.0026706800
  -0.0003123500   -0.0006276500   -0.0000135900
   0.0009402400    0.0020169900    0.0021681800
   0.0009538600   -0.0017159500    0.0000394900
  -0.0012910400    0.0010732000    0.0044352800
  -0.0025102600    0.0048681700   -0.0047026600
   0.0002636000   -0.0010204400   -0.0003168700
  -0.0000796300   -0.0015891400    0.0001289100
  -0.0004368400    0.0003943500    0.0001315100
  -0.0023815600    0.0018654400    0.0011747900
  -0.0006351400   -0.0015289700   -0.0023698500
  -0.0003338900    0.0013417400   -0.0000143600
   0.0001784400    0.0005798700    0.0001271100
  -0.0024936000   -0.0019818000   -0.0018901800
  -0.0026410600    0.0013653800    0.0025661700
   0.0004007900    0.0012615300    0.0000918700
   0.0787487000   -0.1453412100    0.0096414500
   0.0008370300   -0.0026393300    0.0002888200
  -0.0003356800   -0.0019596700   -0.0001127900
   0.0001539500   -0.0010446500   -0.0002367400
   0.0001759600   -0.0012986500    0.0000042600
  -0.0000360700   -0.0011135100    0.0000701600
   0.0001046500   -0.0011971900   -0.0000505300
   0.0003212800   -0.0012258200    0.0001167200
   0.0009123900    0.0065182900    0.0006870800
  -0.0084550200    0.0034413100    0.0009671300
   0.0007796000   -0.0007661300   -0.0012795000
   0.0003467700    0.0005430000   -0.0001174500
   0.0000789500   -0.0004175500    0.0002547300
  -0.0000713100   -0.0000129200   -0.0002808800
   0.0000949800    0.0000649400    0.0000648900
   0.0000944500   -0.0000583500    0.0000695500
  -0.0005559300    0.0009275600   -0.0000350600
   0.0010263400    0.0002379300   -0.0015421200
  -0.0058292700    0.0042111200   -0.0006045900
   0.0003573900    0.0135628100    0.0005786000
  -0.0001138700    0.0010972400    0.0001854000
   0.0001134600    0.0009588400   -0.0007752600
  -0.0000450400    0.0010465200    0.0006429400
   0.0005377400    0.0004403800    0.0001021300
  -0.0092891800    0.0161241100   -0.0158239300
   0.0114895900   -0.0182122200    0.0032518900
   0.0136025900   -0.0206667800    0.0031249700
   0.0123403700   -0.0206159000    0.0033564200
   0.0131898200   -0.0207244000    0.0023381700
   0.0122991400   -0.0201708300    0.0025828000
   0.0128822700   -0.0203259400    0.0025532500
   0.0127473100   -0.0200967900    0.0029842500
   0.0128218800    0.0218921800    0.0030331300
   0.0039736300    0.0286422000    0.0051176800
   0.0100538600    0.0205671000    0.0018677400
   0.0121590300    0.0181578400    0.0020251300
   0.0129375500    0.0210090900    0.0020049300
   0.0130008400    0.0206699600    0.0035484400
   0.0124172200    0.0204821000    0.0026123300
   0.0127225100    0.0205394300    0.0029250400
  -0.0098659000    0.0029770100    0.0038730600
  -0.0087729300   -0.0004207200    0.0035108100
  -0.0141670500    0.0130359500    0.0063737800
  -0.0125601300    0.0006231000    0.0049606600
  -0.0119833300    0.0005730400    0.0047530500
  -0.0108318100   -0.0001846100    0.0036158400
  -0.0115681000    0.0004557000    0.0037195400
  -0.0111935800    0.0000949400    0.0040154500
   0.0086499700    0.0057865900   -0.0027023900
   0.0007829700    0.0166943500   -0.0093022000
   0.0105316300   -0.0001451600   -0.0038479300
   0.0115875300    0.0007053800   -0.0044641700
   0.0119717900    0.0003749000   -0.0048214400
   0.0111175400   -0.0002332500   -0.0040245800
   0.0113062100   -0.0000439500   -0.0036793700
   0.0111461300    0.0003302600   -0.0041623700
  -0.0136467600    0.0052787200    0.0063886300
  -0.0127639200   -0.0214699600   -0.0029095500
  -0.0125090200   -0.0196359400   -0.0028041000
  -0.0127098400   -0.0203156400   -0.0029791500
  -0.0132196200   -0.0205954700   -0.0020265600
  -0.0126872500   -0.0203491700   -0.0025088400
  -0.0129019200   -0.0204427500   -0.0028468100
  -0.0137464400   -0.0206028700   -0.0037272600
  -0.0128342300    0.0212445800   -0.0026219400
  -0.0145093400    0.0197861000   -0.0034829400
  -0.0209869300    0.0279323600    0.0003427800
  -0.0122326900    0.0184040700   -0.0022879800
  -0.0128902800    0.0207208600   -0.0026203200
  -0.0134615600    0.0205160700   -0.0020831600
  -0.0131589700    0.0204355300   -0.0036984800
  -0.0131510600    0.0207488300   -0.0029783200

17   
 -0.0033559307313418   0.0000000000000000   0.0094200705372325
  -0.0009312900   -0.0069983200    0.0072430100
  -0.0000557500   -0.0010061700   -0.0000738300
   0.0007007900    0.0000020900    0.0015317000
  -0.0002908300   -0.0009889200   -0.0005243900
  -0.0009335800    0.0045024700    0.0073609500
   0.0006740300   -0.0025938300    0.0014977900
  -0.0000603600   -0.0016217700   -0.0000751500
  -0.0002958600   -0.0016443700   -0.0005188200
   0.0001533300    0.0018778200    0.0000859200
  -0.0044685000    0.0011876700    0.0034862000
   0.0040086300    0.0001063600    0.0049019700
   0.0002123800    0.0017189300    0.0000219300
   0.0001498300    0.0007465100    0.0000800600
   0.0040656200    0.0025327300    0.0049352800
  -0.0045097100    0.0014352500    0.0035419200
   0.0002155500    0.0009007400    0.0000164200
   0.0347345900   -0.0015984000   -0.1344652700
   0.0000076100   -0.0012638600   -0.0001232000
  -0.0000019100   -0.0012454400   -0.0001185800
   0.0005460800   -0.0012509400   -0.0000856000
   0.0001125400   -0.0012475700    0.0004572200
   0.0000026600   -0.0011500100   -0.0000814700
   0.0000041100   -0.0013390500   -0.0000760500
  -0.0000115700   -0.0012504200   -0.0001618100
  -0.0003987300   -0.0000053600   -0.0010750300
  -0.0031434600    0.0030168700   -0.0024055200
  -0.0031288700   -0.0030308100   -0.0024310000
  -0.0000766300    0.0000036600   -0.0000553900
   0.0006090200    0.0000023200   -0.0000471100
  -0.0001908300    0.0000530800    0.0000877500
  -0.0001943400   -0.0000602500    0.0000805400
   0.0000889300    0.0000028100   -0.0000310300
  -0.0003154500    0.0012541600   -0.0001302300
   0.0004316800   -0.0005725900   -0.0020084000
   0.0004566900    0.0030777600   -0.0020433100
  -0.0008527500    0.0012614000   -0.0023760300
  -0.0004261500    0.0012513600   -0.0000364500
   0.0001499200    0.0004468300   -0.0007748500
   0.0001509900    0.0020540700   -0.0007742000
   0.0001721200    0.0012469600    0.0003659300
   0.0122009600   -0.0283055500    0.0237229000
   0.0124879800   -0.0198732500    0.0033391900
   0.0131352300   -0.0195987100    0.0029654500
   0.0121468000   -0.0202004700    0.0030331000
   0.0127727900   -0.0208248200    0.0020336800
   0.0126331100   -0.0201178000    0.0025045800
   0.0132519300   -0.0199343000    0.0027304200
   0.0132490700   -0.0209816800    0.0038263600
   0.0124749300    0.0194518800    0.0025145400
   0.0005681500    0.0199216300    0.0170511500
   0.0126670400    0.0202367100    0.0023742000
   0.0129001600    0.0203242700    0.0027635700
   0.0130589000    0.0200476500    0.0027050400
   0.0130069100    0.0208659800    0.0057391700
   0.0120344300    0.0198076500    0.0030610400
   0.0125462700    0.0203157300    0.0027030000
  -0.0125208100   -0.0022724100    0.0043851000
  -0.0103180900   -0.0003933500    0.0041340400
  -0.0093142500    0.0073810600    0.0204253700
  -0.0104195000   -0.0001371200    0.0042321200
  -0.0124353600    0.0006971600    0.0050740200
  -0.0108622400   -0.0002266300    0.0037261400
  -0.0109671300    0.0003012300    0.0038715200
  -0.0107218000   -0.0000402300    0.0042819300
   0.0093755000    0.0022942200   -0.0041618600
   0.0128680000   -0.0077149300    0.0120624500
   0.0115759800    0.0003945700   -0.0044192900
   0.0114856100    0.0001429100   -0.0043153400
   0.0094888700   -0.0007089000   -0.0034848600
   0.0109556100   -0.0002901500   -0.0046890000
   0.0110532900    0.0002403500   -0.0048308200
   0.0111911400    0.0000308100   -0.0042747100
  -0.0130763000   -0.0116409000    0.0187911100
  -0.0124089000   -0.0208103400   -0.0023187200
  -0.0130656600   -0.0205103800   -0.0019614000
  -0.0134238100   -0.0202026800   -0.0022424300
  -0.0128088300   -0.0195988100   -0.0032185600
  -0.0123178900   -0.0204634600   -0.0025605500
  -0.0129389600   -0.0202877400   -0.0027950000
  -0.0123254400   -0.0194372400   -0.0014383900
  -0.0130916400    0.0209425400   -0.0027720600
  -0.0129073500    0.0201704300   -0.0029068000
  -0.0262547500    0.0205326000    0.0125645700
  -0.0126758300    0.0200708200   -0.0025153700
  -0.0125128100    0.0203552900   -0.0025730300
  -0.0135347400    0.0205996900   -0.0022084900
  -0.0125656300    0.0195471400    0.0004533000
  -0.0130214800    0.0200857400   -0.0025842800

25   
  0.0050100342489131  -0.0086544530009702  -0.0000002805632195
   0.0017242300   -0.0037260300   -0.0041589600
   0.0032555100   -0.0055698900    0.0032898800
  -0.0002101300   -0.0014490700    0.0000165200
   0.0001873400   -0.0011618300   -0.0000438300
  -0.0030205200   -0.0015709100    0.0014269700
  -0.0005718400   -0.0008384200    0.0003911200
  -0.0009588300   -0.0036688700   -0.0022846000
  -0.0001623300   -0.0011338300    0.0000752800
  -0.0030264500    0.0010176200    0.0014504100
  -0.0005819300    0.0017863300    0.0003852500
  -0.0009398700   -0.0010315400   -0.0022524900
  -0.0001491800    0.0014666900    0.0000797900
   0.0017279000   -0.0011260000   -0.0041288200
   0.0032940400   -0.0029947100    0.0033305400
  -0.0002151500    0.0011645500    0.0000121200
   0.0001799000    0.0014518800   -0.0000401600
  -0.0009184800   -0.0077680400   -0.0005452100
   0.0074978100   -0.0052644400   -0.0017281400
   0.0002017000    0.0000956800    0.0011960300
  -0.0003430200   -0.0017947000   -0.0001676400
  -0.0000728400   -0.0008433500    0.0002931800
  -0.0000793400   -0.0013187900   -0.0001801200
   0.0000556900   -0.0012217900   -0.0000330000
  -0.0000959600   -0.0011910100    0.0000145300
  -0.0867838600    0.1347485100    0.0172893300
  -0.0006826400    0.0002386700   -0.0000809000
  -0.0001490300   -0.0000697500    0.0002466800
  -0.0004590600    0.0002111600    0.0004124000
  -0.0001141900    0.0002063000    0.0007392900
  -0.0001326100    0.0000291000   -0.0002715000
  -0.0000041700   -0.0000455900   -0.0003853100
   0.0000657100    0.0001941100    0.0000122000
  -0.0008782100   -0.0051171700   -0.0005174200
   0.0076288600   -0.0027950200   -0.0017742400
   0.0002478900    0.0026124500    0.0011846700
  -0.0003526600    0.0007121400   -0.0001640700
  -0.0000861100    0.0016840000    0.0002946200
  -0.0000757000    0.0011754500   -0.0001848700
   0.0000525400    0.0012769500   -0.0000292400
  -0.0000926400    0.0013133500    0.0000142100
   0.0151566800   -0.0326408100   -0.0002294800
   0.0122954600   -0.0193038100    0.0028111800
   0.0117626400   -0.0217165200    0.0033247700
   0.0125988800   -0.0209040400    0.0032468600
   0.0127713600   -0.0198922900    0.0023803300
   0.0132113700   -0.0203851900    0.0025969900
   0.0125899400   -0.0201203000    0.0027134900
   0.0127979100   -0.0205987700    0.0028517700
   0.0213957500    0.0033768600    0.0083168500
   0.0156209200    0.0162308500    0.0010172200
   0.0123369800    0.0197743200    0.0027491500
   0.0133971500    0.0207364300    0.0024904400
   0.0128125600    0.0194502000    0.0018025200
   0.0125809000    0.0201060000    0.0034679000
   0.0126984600    0.0200055000    0.0026345800
   0.0127530300    0.0201438100    0.0023021800
   0.0114875000   -0.0140244800   -0.0052809900
  -0.0110245700    0.0002806900    0.0040172200
  -0.0104800100    0.0008103200    0.0045913100
  -0.0089450600   -0.0000694600    0.0044908900
  -0.0108495500    0.0001349300    0.0036729600
  -0.0105414800   -0.0006768700    0.0048119900
  -0.0110727600   -0.0005299100    0.0039075600
  -0.0109393400    0.0003539200    0.0043230000
   0.0328032000   -0.0140855400   -0.0133835600
   0.0108711700    0.0003044600   -0.0045579900
   0.0114249300    0.0008053900   -0.0039804500
   0.0129803400   -0.0000745900   -0.0040441300
   0.0110636800    0.0001332700   -0.0048597000
   0.0113704000   -0.0006612800   -0.0037429200
   0.0108451700   -0.0005409200   -0.0046551000
   0.0109702600    0.0003591700   -0.0042123200
  -0.0035749300   -0.0381939500    0.0039628700
  -0.0099927100   -0.0241260800   -0.0042333100
  -0.0132193300   -0.0206344400   -0.0025317200
  -0.0121754600   -0.0196763700   -0.0027707600
  -0.0127696500   -0.0209613000   -0.0034660400
  -0.0129790600   -0.0203072800   -0.0018314500
  -0.0128845500   -0.0204030600   -0.0026458500
  -0.0128336500   -0.0202632700   -0.0029796700
  -0.0102382300    0.0081166200   -0.0052397200
  -0.0132880000    0.0211295900   -0.0024694100
  -0.0138285400    0.0186822700   -0.0019481500
  -0.0129826000    0.0195170300   -0.0020361100
  -0.0127956300    0.0205028600   -0.0028915600
  -0.0123721700    0.0200352300   -0.0026815800
  -0.0129787600    0.0202978300   -0.0025714000
  -0.0127930000    0.0198187800   -0.0024251700

25   
 -0.0033559307313418   0.0000000000000000   0.0094200705372325
  -0.0029525400    0.0030461100    0.0071181500
   0.0002981700   -0.0029117500    0.0021075200
   0.0007591800   -0.0009423200   -0.0005036200
   0.0002580400   -0.0012892300    0.0001943900
  -0.0029908700   -0.0057938000    0.0072382300
   0.0007672100   -0.0016804200   -0.0005092200
   0.0002746000    0.0002600300    0.0020846300
   0.0002523700   -0.0013472300    0.0002026400
  -0.0029525400   -0.0030461100    0.0071181500
   0.0007591800    0.0009423200   -0.0005036200
   0.0002981700    0.0029117500    0.0021075200
   0.0002580400    0.0012892300    0.0001943900
  -0.0029908700    0.0057938000    0.0072382300
   0.0002746000   -0.0002600300    0.0020846300
   0.0007672100    0.0016804200   -0.0005092200
   0.0002523700    0.0013472300    0.0002026400
  -0.0006686900   -0.0012278800   -0.0011718600
  -0.0023174700    0.0017878700   -0.0021614600
  -0.0023226700   -0.0042712100   -0.0020925800
   0.0004499300   -0.0012585400    0.0001327300
  -0.0004243200   -0.0012582500   -0.0004139400
   0.0002103400   -0.0014063200    0.0002301500
   0.0002173400   -0.0011041400    0.0002276100
  -0.0000671300   -0.0012533500   -0.0000859200
   0.0906819700    0.0000000000   -0.1554933500
   0.0004356500    0.0000748600   -0.0000889700
   0.0004356500   -0.0000748600   -0.0000889700
   0.0010818800    0.0000000000   -0.0000093000
   0.0014677300    0.0000000000   -0.0008980900
  -0.0005717300   -0.0000871000   -0.0001891200
  -0.0005717300    0.0000871000   -0.0001891200
  -0.0000203300    0.0000000000    0.0003973900
  -0.0006686900    0.0012278800   -0.0011718600
  -0.0023226700    0.0042712100   -0.0020925800
  -0.0023174700   -0.0017878700   -0.0021614600
   0.0004499300    0.0012585400    0.0001327300
  -0.0004243200    0.0012582500   -0.0004139400
   0.0002173400    0.0011041400    0.0002276100
   0.0002103400    0.0014063200    0.0002301500
  -0.0000671300    0.0012533500   -0.0000859200
   0.0123029400   -0.0143217000    0.0153005900
   0.0130555000   -0.0207658400    0.0023541200
   0.0111006800   -0.0223230500    0.0031870000
   0.0123358200   -0.0194708500    0.0025040900
   0.0130248500   -0.0216991900    0.0037748200
   0.0122844300   -0.0199521400    0.0027080400
   0.0131946200   -0.0203936600    0.0016455200
   0.0127524300   -0.0203251500    0.0026976600
   0.0123029400    0.0143217000    0.0153005900
   0.0111006800    0.0223230500    0.0031870000
   0.0130555000    0.0207658400    0.0023541200
   0.0123358200    0.0194708500    0.0025040900
   0.0130248500    0.0216991900    0.0037748200
   0.0131946200    0.0203936600    0.0016455200
   0.0122844300    0.0199521400    0.0027080400
   0.0127524300    0.0203251500    0.0026976600
  -0.0424902400    0.0000000000    0.0384899800
  -0.0107184800   -0.0000485200    0.0046412100
  -0.0107184800    0.0000485200    0.0046412100
  -0.0125594400    0.0000000000    0.0040918400
  -0.0120125900    0.0000000000    0.0075377500
  -0.0105318500   -0.0004964800    0.0048863400
  -0.0105318500    0.0004964800    0.0048863400
  -0.0108768400    0.0000000000    0.0035786100
  -0.0229633200    0.0000000000    0.0315043900
   0.0111915500   -0.0000681800   -0.0039040900
   0.0111915500    0.0000681800   -0.0039040900
   0.0093446000    0.0000000000   -0.0044880000
   0.0099076300    0.0000000000   -0.0010627100
   0.0113830700   -0.0004965800   -0.0036653500
   0.0113830700    0.0004965800   -0.0036653500
   0.0110343400    0.0000000000   -0.0049939200
  -0.0130644600   -0.0264501500    0.0102716700
  -0.0144688500   -0.0180722300   -0.0020816600
  -0.0124932200   -0.0196409400   -0.0029256900
  -0.0132143200   -0.0209235900   -0.0027881700
  -0.0125718400   -0.0187066100   -0.0014949600
  -0.0123700100   -0.0200336200   -0.0036047100
  -0.0132789600   -0.0204585800   -0.0025636900
  -0.0128190300   -0.0200870800   -0.0025894000
  -0.0130644600    0.0264501500    0.0102716700
  -0.0124932200    0.0196409400   -0.0029256900
  -0.0144688500    0.0180722300   -0.0020816600
  -0.0132143200    0.0209235900   -0.0027881700
  -0.0125718400    0.0187066100   -0.0014949600
  -0.0132789600    0.0204585800   -0.0025636900
  -0.0123700100    0.0200336200   -0.0036047100
  -0.0128190300    0.0200870800   -0.0025894000

41   
  0.0050100342489131  -0.0086544530009702  -0.0000002805632195
   0.0115676800   -0.0114851200   -0.0050241400
   0.0003752100   -0.0010557800   -0.0001590400
  -0.0003577100    0.0005666300   -0.0005550000
   0.0018590300   -0.0017726200    0.0009791900
   0.0002402400   -0.0008750000   -0.0003879900
  -0.0004138800   -0.0016302900   -0.0004738700
  -0.0004197200   -0.0012015000   -0.0008155100
   0.0004881300   -0.0014468400    0.0000414500
  -0.0006327200   -0.0012722900    0.0007437400
  -0.0008568800    0.0022845700   -0.0005391900
   0.0032192800   -0.0137758700   -0.0048692400
  -0.0002801900    0.0009763200   -0.0001250400
  -0.0000769200    0.0011585500   -0.0001246500
  -0.0008084000    0.0006264600   -0.0005266800
  -0.0000948400    0.0013566300    0.0005408900
   0.0000651700    0.0007903700    0.0000566100
   0.0206852900   -0.0385855600    0.0154513200
   0.0017452900   -0.0029976700    0.0001719800
   0.0002912400   -0.0001610800   -0.0002603000
  -0.0000786300   -0.0011398900   -0.0003697200
  -0.0000964500   -0.0005473900    0.0005222200
   0.0005314400   -0.0012616200    0.0000335200
  -0.0000733200   -0.0011179900   -0.0000125500
   0.0009347400   -0.0008200500    0.0012958200
   0.0013355300   -0.0128280100   -0.0052278300
  -0.0016342300    0.0002521000    0.0000967900
  -0.0012120500   -0.0016025200    0.0006328200
   0.0012597600    0.0001552700   -0.0004498300
  -0.0009106600   -0.0002065800    0.0011670600
   0.0001383900   -0.0003335500   -0.0004429000
  -0.0003605700   -0.0000117000    0.0002589900
   0.0002609500   -0.0002315600    0.0001840700
  -0.0005537400   -0.0001290900   -0.0010437200
   0.0015352700    0.0015720900    0.0005182400
   0.0077413400   -0.0065340900   -0.0042078400
   0.0002437900    0.0035311700    0.0002662000
  -0.0002680500    0.0005137300   -0.0000955800
   0.0005548700    0.0008709000   -0.0005646700
  -0.0001273500    0.0007384800    0.0006996100
   0.0003920900    0.0007271200    0.0001124300
  -0.0668127200    0.1187610700    0.0038771600
   0.0126636500   -0.0197534800    0.0025963900
   0.0142472900   -0.0192383400    0.0030306800
   0.0117340300   -0.0215559700    0.0024168800
   0.0134855200   -0.0213813400    0.0028135000
   0.0130178500   -0.0203103800    0.0029334800
   0.0126178800   -0.0195806000    0.0039481100
   0.0123632700   -0.0206480000    0.0021406300
   0.0137675200    0.0131657200    0.0033314600
   0.0366078700    0.0102023400    0.0017711600
   0.0132513400    0.0237087100    0.0066883400
   0.0131386100    0.0196622400    0.0028644100
   0.0131451200    0.0207854700    0.0030159100
   0.0129840800    0.0211094400    0.0030851400
   0.0134810600    0.0208204200    0.0025468600
   0.0128859700    0.0198988300    0.0026940900
  -0.0132377400    0.0011849500    0.0082326500
  -0.0105005600    0.0002377600    0.0043031200
  -0.0135231300   -0.0258400700    0.0029761800
  -0.0051487400   -0.0051712600    0.0045535300
  -0.0105585700    0.0003205000    0.0040070000
  -0.0109241100   -0.0000764100    0.0036519600
  -0.0113278600    0.0001011300    0.0042463400
  -0.0112371400    0.0001777100    0.0038322500
   0.0157433500   -0.0077267800   -0.0161546900
   0.0154386600   -0.0066214500    0.0017521300
   0.0114327300    0.0005161300   -0.0035384600
   0.0101145200    0.0001048200   -0.0037322800
   0.0093777500    0.0001968900   -0.0035267100
   0.0109565900   -0.0000650800   -0.0036939300
   0.0095773500   -0.0024952400   -0.0058249500
   0.0111101600    0.0003947600   -0.0042446000
  -0.0065531600   -0.0116994200    0.0060200300
  -0.0140312500   -0.0197800000   -0.0024595900
  -0.0129707300   -0.0204077000   -0.0037230000
  -0.0113211200   -0.0208717200   -0.0028919700
  -0.0098551800   -0.0209438800   -0.0046332700
  -0.0134933300   -0.0202601700   -0.0031531300
  -0.0132531400   -0.0204255700   -0.0026662400
  -0.0123523100   -0.0191172600   -0.0020377200
  -0.0131290900    0.0183262800   -0.0025939800
  -0.0142444100    0.0205937900   -0.0032453200
  -0.0211543000    0.0204892900    0.0029877700
  -0.0134615500    0.0217677100   -0.0019941200
  -0.0126157900    0.0219176100   -0.0029277700
  -0.0147203300    0.0208143100   -0.0024861000
  -0.0088738300    0.0133831700   -0.0151893600
  -0.0140505400    0.0222323000   -0.0030976000

41   
 -0.0050100342489131   0.0086544530009702   0.0000002805632195
  -0.0111890400    0.0088241200    0.0047298200
  -0.0004022400   -0.0015362600    0.0001528600
   0.0003529500   -0.0031665700    0.0005563300
  -0.0018392000   -0.0008506300   -0.0009759400
  -0.0002473100   -0.0017651000    0.0003535500
   0.0004177500   -0.0009873500    0.0004830400
   0.0004144300   -0.0014156500    0.0008176700
  -0.0004966700   -0.0011872200   -0.0000338400
   0.0006124500    0.0038685400   -0.0007519900
   0.0008743300    0.0003408700    0.0005400800
  -0.0033720000    0.0160578900    0.0045934800
   0.0002670900    0.0016609300    0.0001159400
   0.0000778900    0.0014556200    0.0001127400
   0.0008263900    0.0019999600    0.0005457700
   0.0001032800    0.0012638700   -0.0005155800
  -0.0000653200    0.0018405500   -0.0000772000
  -0.0195384800    0.0340545500   -0.0137395500
  -0.0017499200    0.0004971700   -0.0001825900
  -0.0002770200   -0.0023688600    0.0002629700
   0.0000704900   -0.0013606400    0.0003658700
   0.0000976200   -0.0019568400   -0.0005192600
  -0.0005293900   -0.0012358500   -0.0000252600
   0.0000780100   -0.0013878000    0.0000340600
  -0.0009259700   -0.0016681300   -0.0012771000
  -0.0011516500    0.0131128900    0.0054371300
   0.0016290100   -0.0002649200   -0.0000761400
   0.0011974900    0.0016339100   -0.0006171800
  -0.0012737700   -0.0001473600    0.0004494900
   0.0009150200    0.0002235400   -0.0011762400
  -0.0001465600    0.0003374500    0.0004506400
   0.0003601000   -0.0000007600   -0.0002557200
  -0.0002728900    0.0002436600   -0.0001879000
   0.0005532900    0.0026416000    0.0010445900
  -0.0015621300    0.0009555900   -0.0005205900
  -0.0080416600    0.0090496900    0.0043926300
  -0.0002390100   -0.0010248300   -0.0002577500
   0.0002716700    0.0019890800    0.0000902400
  -0.0005605100    0.0016403700    0.0005651300
   0.0001095400    0.0017896900   -0.0006691700
  -0.0003939600    0.0017771900   -0.0001250400
   0.0908895800   -0.1566786100   -0.0000012000
   0.0129139200   -0.0206621000    0.0026936800
   0.0113172500   -0.0211594400    0.0022542900
   0.0138322100   -0.0188654200    0.0028702100
   0.0120713700   -0.0190244700    0.0024708200
   0.0125543000   -0.0200885000    0.0023521200
   0.0129505000   -0.0208022600    0.0013207200
   0.0131854500   -0.0197615200    0.0031193000
   0.0118126800    0.0274817500    0.0019915900
  -0.0104866400    0.0300309600    0.0034635800
   0.0124380100    0.0167544100   -0.0014096000
   0.0124358200    0.0207322100    0.0024118400
   0.0124209100    0.0195978200    0.0022757800
   0.0126056100    0.0192900200    0.0021859100
   0.0120949300    0.0195854300    0.0027147800
   0.0126874200    0.0204941300    0.0025803800
  -0.0087765200   -0.0012454000    0.0003421700
  -0.0114115500   -0.0002439900    0.0042388100
  -0.0084905300    0.0252426700    0.0055432700
  -0.0169810100    0.0052926500    0.0040545200
  -0.0113594100   -0.0003199400    0.0045738600
  -0.0109986500    0.0000769600    0.0048772900
  -0.0105824300   -0.0001101200    0.0042887300
  -0.0106688000   -0.0001839100    0.0047461800
   0.0060946400    0.0078614500    0.0078160800
   0.0065184800    0.0065625800   -0.0102394100
   0.0104660900   -0.0005524300   -0.0050273900
   0.0118036000   -0.0000735200   -0.0048300300
   0.0125815300   -0.0001993100   -0.0050561000
   0.0109838700    0.0000436600   -0.0048821700
   0.0123292600    0.0024963000   -0.0027463300
   0.0108082100   -0.0003865200   -0.0043270100
  -0.0191037600   -0.0286794500   -0.0114028000
  -0.0115150300   -0.0206162700   -0.0028208200
  -0.0125981300   -0.0199993500   -0.0015331400
  -0.0142512800   -0.0195325500   -0.0023889500
  -0.0157363100   -0.0194507000   -0.0006433500
  -0.0120549700   -0.0201469600   -0.0021293200
  -0.0123199900   -0.0200128500   -0.0026242800
  -0.0132435100   -0.0213454100   -0.0032840700
  -0.0124266700    0.0220890100   -0.0026799300
  -0.0113052800    0.0198031700   -0.0020158200
  -0.0043848200    0.0199908100   -0.0083925000
  -0.0121058400    0.0186106000   -0.0032845300
  -0.0129541700    0.0184775900   -0.0023650800
  -0.0108478200    0.0195851400   -0.0027964600
  -0.0166542900    0.0269848200    0.0097562600
  -0.0114923200    0.0181229000   -0.0021719200

41   
  0.0050100342489131   0.0086544530009702  -0.0000002805632195
   0.0126428700    0.0065146200   -0.0040651500
  -0.0000331200   -0.0014858000    0.0001812800
   0.0003910800   -0.0023985400    0.0006547800
   0.0017140100   -0.0012273900    0.0006807300
  -0.0002932100   -0.0014679400   -0.0001361300
   0.0003795000   -0.0009621300    0.0003410400
   0.0006832400   -0.0011883500    0.0010544500
   0.0006042900   -0.0017141800   -0.0004726900
   0.0015452800    0.0048436300   -0.0015053400
   0.0005883200    0.0010714500   -0.0003052700
   0.0091692700    0.0229720100    0.0082649800
   0.0000303300    0.0021844400    0.0001323200
   0.0000392100    0.0010732200   -0.0000156100
   0.0001427600    0.0014509000    0.0002378700
   0.0001005500    0.0011995600   -0.0005718300
   0.0002658900    0.0015707900   -0.0000419500
   0.0026623900    0.0228898800   -0.0067724400
  -0.0007232900   -0.0004415100   -0.0001274600
  -0.0011378300   -0.0018992600    0.0003518400
   0.0004418000   -0.0016481000   -0.0001736100
   0.0001255700   -0.0014723100   -0.0005288600
   0.0000638000   -0.0014441800    0.0000224700
  -0.0001297800   -0.0013854200    0.0004493500
   0.0000785800   -0.0011162200   -0.0004337900
   0.0104471800    0.0173101000    0.0094606800
   0.0006971800   -0.0002358600   -0.0001142900
   0.0029794600    0.0038235900   -0.0017658500
  -0.0008462400    0.0003216400    0.0001217200
   0.0009245500    0.0002341200   -0.0009342400
   0.0001867100    0.0000383000    0.0000326600
  -0.0000306200   -0.0000035600    0.0000444400
  -0.0003072900    0.0002157900   -0.0002394300
   0.0005756100    0.0025942700    0.0007270900
   0.0029134500    0.0015094500    0.0009400000
   0.0089115900    0.0096090800   -0.0031905600
  -0.0001689600   -0.0003460600   -0.0001114900
   0.0002307200    0.0018310500    0.0003653300
   0.0004808900    0.0014606000    0.0001403300
   0.0002765400    0.0014359800   -0.0003705100
   0.0000279200    0.0015953500   -0.0002271100
  -0.0806836500   -0.1657005300   -0.0002096600
   0.0128349400   -0.0205605500    0.0024707100
   0.0106071900   -0.0232726800    0.0026548600
   0.0105450000   -0.0195660500    0.0024525200
   0.0121653300   -0.0198005700    0.0036751000
   0.0123926700   -0.0204512800    0.0026377600
   0.0134948000   -0.0203101200    0.0009159900
   0.0125955900   -0.0196349800    0.0031975200
   0.0120668500    0.0284677300    0.0006312100
   0.0105062700    0.0182802300    0.0064118600
   0.0334644300    0.0315129300    0.0008928700
   0.0136223000    0.0204594000    0.0020426400
   0.0132164300    0.0195660100    0.0019659300
   0.0126895900    0.0200452900    0.0025508200
   0.0121892800    0.0197456900    0.0027137400
   0.0127089500    0.0206004000    0.0025467500
   0.0126885700    0.0117629700    0.0018421300
  -0.0114819800   -0.0002511700    0.0043762800
  -0.0110743000    0.0249037900    0.0018212500
  -0.0104192200   -0.0004516400    0.0060455300
  -0.0116384300   -0.0001439300    0.0043920600
  -0.0116921700    0.0001323000    0.0042928000
  -0.0110223100   -0.0002497400    0.0042580200
  -0.0106480400    0.0002148700    0.0039968400
   0.0032288400    0.0013131100    0.0020170300
   0.0085700500    0.0033507400   -0.0075185600
   0.0092318600   -0.0016097900   -0.0036299300
   0.0103860700   -0.0004290300   -0.0050314100
   0.0114878800    0.0045486200   -0.0086992800
   0.0105446000    0.0004933100   -0.0041949400
   0.0141632900    0.0043301400   -0.0011197500
   0.0109289800   -0.0000181100   -0.0047558300
  -0.0086332600   -0.0275445000    0.0023769200
  -0.0124553900   -0.0202876700   -0.0028738200
  -0.0135395100   -0.0209114200   -0.0017036000
  -0.0111615300   -0.0196206300   -0.0028322200
  -0.0102792700   -0.0192253200   -0.0040133600
  -0.0120834900   -0.0206699400   -0.0020729000
  -0.0123419200   -0.0208242200   -0.0026835300
  -0.0087291500   -0.0234263100    0.0018139400
  -0.0112208900    0.0232317100   -0.0020510700
  -0.0137070300    0.0201183700   -0.0026477700
  -0.0075817100    0.0278008300   -0.0147214400
  -0.0124213400    0.0192408600   -0.0024702800
  -0.0139362200    0.0177214700   -0.0019489400
  -0.0139072200    0.0200542400   -0.0030372400
  -0.0192181100    0.0210512400    0.0035600600
  -0.0131038600    0.0187009100   -0.0024373600

41   
 -0.0050100342489131  -0.0086544530009702   0.0000002805632195
  -0.0122504000   -0.0091322100    0.0037453100
   0.0000156200   -0.0011347500   -0.0001845000
  -0.0003831400   -0.0001974500   -0.0006483500
  -0.0016973700   -0.0013508700   -0.0006859800
   0.0002933700   -0.0011255600    0.0001115600
  -0.0003592800   -0.0016692400   -0.0003362700
  -0.0006923900   -0.0014246300   -0.0010434600
  -0.0006332800   -0.0008717400    0.0004796800
  -0.0015350000   -0.0022347500    0.0014739900
  -0.0005718900    0.0015484500    0.0003058400
  -0.0100257100   -0.0217612800   -0.0094304700
  -0.0000519700    0.0004132700   -0.0001262200
  -0.0000420700    0.0015024100    0.0000167400
  -0.0001473300    0.0011681900   -0.0002355100
  -0.0001168300    0.0014257700    0.0005885700
  -0.0002546200    0.0010318300    0.0000215000
  -0.0022967600   -0.0259315200    0.0072410200
   0.0007355600   -0.0020988400    0.0001166900
   0.0011212700   -0.0006081600   -0.0003438500
  -0.0004578400   -0.0008354600    0.0001764600
  -0.0001255700   -0.0010338900    0.0005258100
  -0.0000790000   -0.0010420300   -0.0000222000
   0.0001164500   -0.0011171500   -0.0004455300
  -0.0000690900   -0.0013713700    0.0004450400
  -0.0098094900   -0.0161076800   -0.0085029700
  -0.0006881200    0.0002144100    0.0001271400
  -0.0029968000   -0.0038630700    0.0017944400
   0.0008513300   -0.0003080200   -0.0001422500
  -0.0009177200   -0.0002309100    0.0009163600
  -0.0001800500   -0.0000406200   -0.0000349600
   0.0000337400   -0.0000108500   -0.0000351400
   0.0003023700   -0.0002102100    0.0002325600
  -0.0005677500   -0.0000756000   -0.0007200700
  -0.0029078300    0.0009818700   -0.0009425900
  -0.0092728600   -0.0071084800    0.0034231800
   0.0001723500    0.0028293800    0.0001226600
  -0.0002257900    0.0006591000   -0.0003687800
  -0.0004767800    0.0010367200   -0.0001338300
  -0.0002817200    0.0010670000    0.0004131400
  -0.0000350300    0.0009047300    0.0002142000
   0.1060987100    0.1265723100    0.0051830700
   0.0127540100   -0.0198436900    0.0028054400
   0.0149545200   -0.0171392700    0.0026523600
   0.0149998100   -0.0208886000    0.0028425200
   0.0133991000   -0.0206277100    0.0016020400
   0.0131903500   -0.0199448300    0.0026624700
   0.0120980600   -0.0200880200    0.0043628700
   0.0129745100   -0.0207794600    0.0020896300
   0.0134957900    0.0121901700    0.0046502600
   0.0149068300    0.0222176500   -0.0011048100
  -0.0084086600    0.0086654800    0.0044485900
   0.0119510200    0.0199478400    0.0032288400
   0.0123395000    0.0208454200    0.0033121100
   0.0128831200    0.0203661400    0.0027455600
   0.0133880800    0.0206485300    0.0025535500
   0.0128425100    0.0198135200    0.0027402700
  -0.0339491900   -0.0114428000    0.0066998900
  -0.0104286700    0.0002374300    0.0041635700
  -0.0108320000   -0.0255657800    0.0067796300
  -0.0114698200    0.0004122200    0.0025736400
  -0.0102674600    0.0001620200    0.0041855000
  -0.0102367000   -0.0001341200    0.0042589200
  -0.0108855300    0.0002438200    0.0042830700
  -0.0112620200   -0.0002246500    0.0045867700
   0.0186209500   -0.0013347900   -0.0105954800
   0.0133397600   -0.0032952100   -0.0010568700
   0.0126753800    0.0015832900   -0.0049392000
   0.0115060800    0.0004189000   -0.0035232000
   0.0104779300   -0.0045350000    0.0000997800
   0.0113737500   -0.0005033000   -0.0043569800
   0.0077024200   -0.0043953200   -0.0075507800
   0.0109854100    0.0000180800   -0.0038108600
  -0.0169754700   -0.0130020100   -0.0077135400
  -0.0130987900   -0.0201054700   -0.0024022000
  -0.0120352300   -0.0194905100   -0.0035870900
  -0.0143506400   -0.0208122100   -0.0024717000
  -0.0153040000   -0.0212133700   -0.0012575300
  -0.0134903500   -0.0197258100   -0.0032082200
  -0.0132372300   -0.0195875700   -0.0026112000
  -0.0168368700   -0.0170223700   -0.0071106300
  -0.0143002400    0.0172782100   -0.0031737600
  -0.0118392400    0.0202875600   -0.0026367400
  -0.0180366100    0.0125430200    0.0095598900
  -0.0131656600    0.0211867500   -0.0027981200
  -0.0116342400    0.0226873500   -0.0033378400
  -0.0116704900    0.0203393000   -0.0022572400
  -0.0063022900    0.0194298500   -0.0088333500
  -0.0124327900    0.0217201400   -0.0028418700

41   
 -0.0033559307313418   0.0000000000000000   0.0094200705372325
  -0.0171945400    0.0015263400    0.0186575400
  -0.0000860000   -0.0012586400    0.0005535300
   0.0000941900   -0.0016046500    0.0000139200
  -0.0002413000   -0.0018722700    0.0002912700
  -0.0006345900   -0.0011024600    0.0052032500
  -0.0001463800   -0.0014371500    0.0008760300
   0.0003663200   -0.0006742000    0.0004188300
  -0.0008295400   -0.0008077300    0.0011842600
  -0.0002709500    0.0000332000    0.0009513100
   0.0004293100    0.0005235100    0.0002322100
  -0.0010969000    0.0087125400    0.0146399500
   0.0002485400    0.0008018200    0.0005396200
   0.0003181300    0.0023238200   -0.0000491300
   0.0000636900    0.0005365600    0.0000748500
  -0.0006367200    0.0007686800    0.0001206300
  -0.0002303600    0.0013306600    0.0000957800
   0.0009527200   -0.0120008500    0.0219107700
  -0.0007727700   -0.0005284500    0.0005033200
   0.0000825100   -0.0010092700    0.0002182600
  -0.0004985100   -0.0006015800    0.0004367300
  -0.0003128700   -0.0019346300   -0.0006988000
   0.0000523700   -0.0011086800   -0.0000662800
   0.0000325700   -0.0013827500   -0.0000650700
   0.0003644700   -0.0006635400    0.0011606800
  -0.0005417700    0.0037383700    0.0128198400
   0.0005728700   -0.0000436000   -0.0001849600
  -0.0014538800   -0.0019886200    0.0006145400
   0.0003046000   -0.0005456900    0.0001133900
  -0.0010156300   -0.0003056700    0.0006940100
  -0.0001498100    0.0001222100    0.0001915100
   0.0009595100    0.0004061700   -0.0007759600
  -0.0000999600   -0.0002762000    0.0000316100
  -0.0003889400    0.0010729500   -0.0001608200
   0.0000076300    0.0010418200   -0.0002257500
  -0.0114670300    0.0012373600    0.0159727500
   0.0002225400    0.0015432300    0.0001633100
   0.0005998000    0.0016694700    0.0001896300
  -0.0008381100    0.0016480300    0.0003938600
   0.0000894400    0.0003224700    0.0030391100
  -0.0000882700    0.0009869500    0.0001133700
   0.0694634500   -0.0195215700   -0.1581522700
   0.0126215500   -0.0203003200    0.0026313800
   0.0133892200   -0.0197101700    0.0020923100
   0.0134842100   -0.0199706300    0.0027552300
   0.0138945000   -0.0194787400   -0.0006054400
   0.0131007600   -0.0202453000    0.0023376400
   0.0122232200   -0.0220135200    0.0015407100
   0.0130410300   -0.0196832900    0.0018646900
   0.0114513800    0.0213296600    0.0018108600
   0.0077400100    0.0273440700   -0.0024606200
   0.0083887200    0.0127053200   -0.0023040600
   0.0120497100    0.0207332700    0.0025688600
   0.0122361400    0.0207706700    0.0024587400
   0.0127462000    0.0198683500    0.0005205400
   0.0130862700    0.0204382700    0.0006392900
   0.0127300500    0.0202458000    0.0025911100
  -0.0171319900   -0.0077198300   -0.0006137300
  -0.0112822600    0.0001400700    0.0036173300
  -0.0141697700   -0.0010580000    0.0002846900
  -0.0136685600    0.0045196200    0.0020211700
  -0.0103634900   -0.0005035400    0.0029655100
  -0.0117377600    0.0002343900    0.0029866500
  -0.0107035400   -0.0006898100    0.0037999900
  -0.0114623700    0.0002874200    0.0047685100
   0.0066894400    0.0106934000    0.0133364100
   0.0118649900   -0.0024768000   -0.0017233200
   0.0122544400    0.0004969900   -0.0044529900
   0.0110494500   -0.0000234400   -0.0045017300
   0.0112707900   -0.0056398100    0.0040081600
   0.0113276700   -0.0001121400   -0.0044186500
   0.0115592900    0.0014663700   -0.0017897700
   0.0108281300    0.0001318900   -0.0045055400
  -0.0032857200   -0.0186235900    0.0120157100
  -0.0126055200   -0.0214169200   -0.0025559500
  -0.0125272700   -0.0196776300   -0.0025254300
  -0.0142579300   -0.0202211900   -0.0023218900
  -0.0177093700   -0.0206168700    0.0015768900
  -0.0128300800   -0.0200139900   -0.0025532300
  -0.0127320600   -0.0205235300   -0.0025189900
  -0.0095269200   -0.0216102300    0.0028574600
  -0.0126108700    0.0201235600   -0.0016125900
  -0.0125450500    0.0204294300   -0.0027810700
  -0.0178764200    0.0076719700    0.0179808200
  -0.0119321800    0.0197341200   -0.0033073100
  -0.0120726600    0.0209828000   -0.0026560600
  -0.0119916800    0.0197411400   -0.0022614600
  -0.0177450300    0.0321847700    0.0182161900
  -0.0124885400    0.0203779800   -0.0038175900

41   
  0.0033559307313418   0.0000000000000000  -0.0094200705372325
   0.0188001500   -0.0041200200   -0.0197883200
   0.0000686200   -0.0013681600   -0.0005608700
  -0.0001095600   -0.0010326200   -0.0000142900
   0.0002971000   -0.0007423400   -0.0002750100
   0.0006603300   -0.0015047600   -0.0051427900
   0.0001408900   -0.0011858500   -0.0008868000
  -0.0003752900   -0.0019515900   -0.0004318700
   0.0008215300   -0.0017918400   -0.0011881600
   0.0002606300    0.0025615700   -0.0009428600
  -0.0004162200    0.0021292100   -0.0002250000
   0.0009044600   -0.0064165700   -0.0148828400
  -0.0002469600    0.0018286000   -0.0005357900
  -0.0003234000    0.0003035300    0.0000330200
  -0.0000505600    0.0020819300   -0.0000676000
   0.0006263500    0.0018715800   -0.0001185600
   0.0002255100    0.0013048400   -0.0001064500
  -0.0006064200    0.0089231900   -0.0214796000
   0.0007798400   -0.0019886000   -0.0005231300
  -0.0000704000   -0.0014943700   -0.0002251100
   0.0004746600   -0.0019327400   -0.0004582000
   0.0003042900   -0.0005891000    0.0007001300
  -0.0000626000   -0.0013854000    0.0000715100
  -0.0000217600   -0.0011168800    0.0000771700
  -0.0003732600   -0.0018698700   -0.0011636700
   0.0006842100   -0.0034134400   -0.0125929100
  -0.0005773400    0.0000462200    0.0001778000
   0.0014659800    0.0019971900   -0.0006500600
  -0.0002935000    0.0005796300   -0.0001256300
   0.0010340600    0.0003303800   -0.0006900700
   0.0001576000   -0.0001144600   -0.0001984800
  -0.0009751400   -0.0004049800    0.0007868400
   0.0001097600    0.0003080300   -0.0000279500
   0.0003927300    0.0014287800    0.0001587300
  -0.0000383700    0.0014771700    0.0002030400
   0.0101659800    0.0013150400   -0.0150943100
  -0.0002193600    0.0009508200   -0.0001614300
  -0.0006069900    0.0008304200   -0.0001805100
   0.0008514600    0.0008642300   -0.0003890900
  -0.0001035300    0.0022044100   -0.0030628200
   0.0000911400    0.0015381600   -0.0001127900
  -0.0445408600   -0.0201084200    0.1628529500
   0.0129712800   -0.0201067200    0.0026478000
   0.0121804200   -0.0206998100    0.0032025500
   0.0120838500   -0.0204672400    0.0025149600
   0.0116841700   -0.0209337500    0.0058666300
   0.0124666700   -0.0201597700    0.0029441000
   0.0133506900   -0.0183723100    0.0037397500
   0.0125181600   -0.0207350200    0.0033941000
   0.0141447400    0.0190680600    0.0035163400
   0.0177693100    0.0130431100    0.0078316800
   0.0172059900    0.0277009700    0.0075588200
   0.0135340400    0.0196525900    0.0027155600
   0.0133432700    0.0196070400    0.0028413600
   0.0128141400    0.0205456300    0.0047667900
   0.0124859000    0.0199564600    0.0046516000
   0.0128288900    0.0201427200    0.0026878300
  -0.0048311900    0.0077095600    0.0092303800
  -0.0106268000   -0.0001269400    0.0049545600
  -0.0077424200    0.0012432100    0.0082857400
  -0.0082736100   -0.0045400800    0.0065730900
  -0.0115636800    0.0004668300    0.0055691000
  -0.0101740300   -0.0002110000    0.0055957200
  -0.0111954600    0.0007074600    0.0047764100
  -0.0104467800   -0.0003157400    0.0037981100
   0.0151016700   -0.0103701100   -0.0214305900
   0.0100520700    0.0024774700   -0.0068776100
   0.0096520000   -0.0004912200   -0.0041115400
   0.0108649200    0.0000005100   -0.0040452100
   0.0107072300    0.0057367500   -0.0127763700
   0.0105849100    0.0001074800   -0.0041501500
   0.0103745100   -0.0014595300   -0.0067882400
   0.0110612900   -0.0001312200   -0.0040582100
  -0.0221558100   -0.0217958100   -0.0171186000
  -0.0129478100   -0.0189793000   -0.0027128900
  -0.0130521000   -0.0207417700   -0.0027466100
  -0.0113913200   -0.0201882700   -0.0028926400
  -0.0077150800   -0.0197886000   -0.0069344100
  -0.0127318600   -0.0203856500   -0.0027341800
  -0.0128474300   -0.0199009200   -0.0027758300
  -0.0160793500   -0.0188331000   -0.0082174800
  -0.0129520300    0.0202914300   -0.0036693600
  -0.0129918900    0.0199735600   -0.0024960000
  -0.0078566600    0.0323581900   -0.0227064900
  -0.0136580800    0.0206607500   -0.0019625900
  -0.0135088000    0.0194138500   -0.0026412300
  -0.0135963400    0.0206569800   -0.0030329600
  -0.0076697600    0.0078505000   -0.0240884900
  -0.0130776000    0.0200198000   -0.0014535100

57   
  0.0050100342489131  -0.0086544530009702  -0.0000002805632195
   0.0014999600   -0.0142793600   -0.0028594500
  -0.0010073400   -0.0016644900    0.0010177100
  -0.0005929700   -0.0029027800    0.0005037600
  -0.0000874700   -0.0010214900    0.0005217700
   0.0003956500   -0.0009313600    0.0001285300
   0.0002860600   -0.0027603300    0.0003630100
  -0.0006018400   -0.0015505400   -0.0001911700
  -0.0002244500   -0.0010375800   -0.0004814700
   0.0113225700   -0.0136693700    0.0062259400
   0.0023947700   -0.0017970100   -0.0014022800
  -0.0003021000    0.0007192700    0.0002049500
   0.0001302500    0.0012337500   -0.0006897600
  -0.0004202800    0.0021579400    0.0002042600
   0.0000629400    0.0013651700    0.0001521700
   0.0007312200    0.0004193100   -0.0003643300
  -0.0001604900    0.0017925400    0.0007665400
  -0.0017991500   -0.0046510700    0.0006206500
  -0.0011480500   -0.0002165800    0.0002917000
   0.0033548700   -0.0141929500   -0.0047024100
   0.0004232500   -0.0025814500    0.0005685200
   0.0001747800   -0.0023382500   -0.0013644500
  -0.0003607600   -0.0012100300    0.0001316500
   0.0008399800   -0.0016059100    0.0000161700
  -0.0001730800   -0.0015885700    0.0000984800
   0.0217920000   -0.0140875200   -0.0092481600
   0.0006383500    0.0007235400    0.0004095000
  -0.0002357300    0.0003957200   -0.0000180800
   0.0020021700   -0.0000768600   -0.0001332700
   0.0001049300    0.0001327900   -0.0004948300
   0.0002688700   -0.0007474500    0.0007735400
   0.0000333700   -0.0004397400   -0.0002174100
   0.0000197300    0.0003546500    0.0000555100
   0.0029999700   -0.0040641400   -0.0018386800
   0.0108024500   -0.0168701200    0.0121252300
  -0.0006619000    0.0007694200   -0.0002546900
   0.0005506500    0.0012400600    0.0003498600
  -0.0001649400    0.0013827700   -0.0001922600
  -0.0003596400    0.0013541700    0.0001417500
  -0.0001162600    0.0014260900   -0.0002013300
   0.0002158700    0.0011752500    0.0001717100
   0.0123617400   -0.0179563100    0.0062775800
   0.0127579900   -0.0202470600    0.0023255600
   0.0117715000   -0.0446038100    0.0016215400
   0.0209926200   -0.0242248300   -0.0000594400
   0.0125127700   -0.0202783000    0.0032963800
   0.0123935700   -0.0205348000    0.0018726400
   0.0126851000   -0.0199424900    0.0033749400
   0.0124582400   -0.0200538000    0.0019710400
   0.0341197500    0.0077714700    0.0000017800
   0.0111906500   -0.0062340700   -0.0007070400
   0.0127469500    0.0207366600    0.0025732600
   0.0111113100    0.0193763200    0.0047822900
   0.0128007200    0.0207622600    0.0025058200
   0.0124387100    0.0202865200    0.0020071500
   0.0124961700    0.0203112200    0.0023283600
   0.0131458800    0.0200286700    0.0027740800
  -0.0941383100    0.1571451100    0.0061013600
  -0.0129305200    0.0044357600    0.0047150900
  -0.0095678700    0.0024751500    0.0039292700
  -0.0113107800   -0.0008044400    0.0046263900
  -0.0108279700   -0.0005504700    0.0047046100
  -0.0099952500    0.0010096600    0.0034529800
  -0.0109731300    0.0015812300    0.0052314400
  -0.0110519600   -0.0005609900    0.0037905100
   0.0174129700    0.0007151400   -0.0091119500
   0.0110885000    0.0020374900   -0.0049422100
   0.0099824700    0.0026622600   -0.0038097600
   0.0143288800    0.0042398600    0.0005688900
   0.0140145600    0.0039903900    0.0000166600
   0.0096820700    0.0019485300   -0.0039820700
   0.0112035600    0.0010485300   -0.0047353700
   0.0102248400    0.0008026400   -0.0045675400
  -0.0198519500   -0.0211049000    0.0022711800
  -0.0143327700   -0.0184847600   -0.0020479400
  -0.0145846800   -0.0231905700   -0.0050759700
  -0.0137876600   -0.0200326000   -0.0029525500
  -0.0092492200   -0.0230236400   -0.0064813500
  -0.0102714900   -0.0249271800   -0.0001300000
  -0.0126321700   -0.0203644000   -0.0024773600
  -0.0124160000   -0.0199540100   -0.0024467900
  -0.0086523400    0.0120495400   -0.0130003300
  -0.0089023100    0.0131993400    0.0015490000
  -0.0125034400    0.0206276800   -0.0022979700
  -0.0131927700    0.0205416600   -0.0027251400
  -0.0174396700    0.0186505000    0.0010758600
  -0.0134050600    0.0198043800   -0.0025591200
  -0.0134798300    0.0181208800   -0.0039150800
  -0.0130525300    0.0203571300   -0.0029095800

57   
 -0.0050100342489131   0.0086544530009702   0.0000002805632195
  -0.0017072200    0.0113864200    0.0025788000
   0.0010164500   -0.0009414500   -0.0010193100
   0.0005938000    0.0002701200   -0.0004923800
   0.0001177500   -0.0015755800   -0.0005349500
  -0.0003877700   -0.0016830800   -0.0001083000
  -0.0002942800    0.0001367400   -0.0003592500
   0.0006132900   -0.0010487200    0.0001980500
   0.0002332900   -0.0015626500    0.0004856300
  -0.0120139800    0.0175535000   -0.0072783500
  -0.0023849700    0.0044078300    0.0013734300
   0.0002766200    0.0018965200   -0.0002071800
  -0.0001151900    0.0013753300    0.0006976600
   0.0004130300    0.0004444400   -0.0001789900
  -0.0000692100    0.0012654000   -0.0001784900
  -0.0007318000    0.0022136800    0.0003519300
   0.0001804200    0.0008034600   -0.0007351900
   0.0017955300    0.0021496500   -0.0006142600
   0.0011296400   -0.0022914300   -0.0002925100
  -0.0031502100    0.0120340300    0.0049606300
  -0.0004142900    0.0000679900   -0.0005559500
  -0.0001688300   -0.0001816200    0.0013658800
   0.0003571500   -0.0012919500   -0.0001431200
  -0.0008267400   -0.0009164700   -0.0000257800
   0.0001796800   -0.0009051800   -0.0000889100
  -0.0225059300    0.0140294400    0.0097723700
  -0.0006461300   -0.0006982000   -0.0004056400
   0.0002583300   -0.0003896500    0.0000133400
  -0.0020303500    0.0000696600    0.0001395500
  -0.0001079500   -0.0001324600    0.0005478700
  -0.0002626100    0.0007625000   -0.0007824500
  -0.0000380100    0.0004581600    0.0002189000
  -0.0000108900   -0.0003586900   -0.0000408600
  -0.0030282700    0.0066275000    0.0018736900
  -0.0099790900    0.0180502900   -0.0110480100
   0.0006359800    0.0017148500    0.0002655000
  -0.0005608900    0.0012773300   -0.0003513500
   0.0001541400    0.0011463200    0.0002036000
   0.0003832500    0.0011413000   -0.0001347000
   0.0001121700    0.0010690700    0.0002046400
  -0.0002220800    0.0013339900   -0.0001712700
   0.0134184300   -0.0223605100   -0.0009877300
   0.0128225400   -0.0201658200    0.0029370000
   0.0138826700    0.0047807700    0.0036735300
   0.0047658400   -0.0163021100    0.0053407600
   0.0130858800   -0.0201279600    0.0019623300
   0.0131855300   -0.0198850600    0.0033877400
   0.0128804600   -0.0204688000    0.0018905100
   0.0131310600   -0.0203565800    0.0032969500
  -0.0091073300    0.0329527600    0.0053164400
   0.0143501300    0.0459292800    0.0059418800
   0.0128254800    0.0196853800    0.0026977900
   0.0144584200    0.0210591400    0.0005153500
   0.0127964200    0.0196652500    0.0027513500
   0.0131275500    0.0201157400    0.0032685200
   0.0130880500    0.0200765500    0.0029516000
   0.0124341200    0.0204097600    0.0024987900
   0.0731657400   -0.1573488200    0.0017685600
  -0.0089793100   -0.0044588100    0.0038679600
  -0.0123617300   -0.0025146900    0.0046449300
  -0.0106197400    0.0008277400    0.0039160300
  -0.0111015500    0.0005704200    0.0038288000
  -0.0119078100   -0.0010521000    0.0051275100
  -0.0109433200   -0.0016060900    0.0033357500
  -0.0108796500    0.0005806300    0.0047294900
   0.0045547300   -0.0007278400    0.0005293200
   0.0108571100   -0.0020538100   -0.0036139800
   0.0119172800   -0.0026826800   -0.0047442800
   0.0075839400   -0.0041631300   -0.0091606900
   0.0079454500   -0.0040285400   -0.0085628600
   0.0122277400   -0.0019433500   -0.0045658900
   0.0107180300   -0.0010853000   -0.0038308900
   0.0116742500   -0.0007804800   -0.0039924200
  -0.0058007700   -0.0192358200   -0.0075859700
  -0.0112584200   -0.0218934300   -0.0032327400
  -0.0110156400   -0.0172399500   -0.0002100700
  -0.0118055900   -0.0203834100   -0.0023131200
  -0.0163394400   -0.0174606400    0.0011524800
  -0.0153567000   -0.0154071200   -0.0052539000
  -0.0129664500   -0.0200425700   -0.0027874900
  -0.0131844400   -0.0204653600   -0.0028303100
  -0.0169577100    0.0284193100    0.0078720800
  -0.0166237400    0.0270756000   -0.0067067100
  -0.0131040500    0.0197760100   -0.0029823700
  -0.0123688000    0.0198687900   -0.0025427200
  -0.0081576200    0.0217774500   -0.0063602000
  -0.0122095700    0.0205937400   -0.0027244900
  -0.0121037700    0.0223118400   -0.0013605600
  -0.0125375700    0.0200561900   -0.0023583000

57   
 -0.0033559307313418   0.0000000000000000   0.0094200705372325
   0.0016168700    0.0033138900    0.0136933500
   0.0003423700   -0.0011070400   -0.0001880500
  -0.0014991300   -0.0023794900    0.0013144800
  -0.0001439400   -0.0017346800    0.0004797000
  -0.0002135200   -0.0004149200   -0.0014461700
  -0.0004166500   -0.0011736300    0.0007511300
   0.0012780000   -0.0012977800   -0.0006206700
  -0.0004089800   -0.0016721000   -0.0006127900
   0.0016168700   -0.0033138900    0.0136933500
  -0.0014991300    0.0023794900    0.0013144800
   0.0003423700    0.0011070400   -0.0001880500
  -0.0001439400    0.0017346800    0.0004797000
  -0.0002135200    0.0004149200   -0.0014461700
   0.0012780000    0.0012977800   -0.0006206700
  -0.0004166500    0.0011736300    0.0007511300
  -0.0004089800    0.0016721000   -0.0006127900
  -0.0014928400   -0.0029820200    0.0001186900
   0.0009154400   -0.0024460600   -0.0000342300
  -0.0013761100    0.0016527800    0.0152210600
  -0.0007865000   -0.0003573400   -0.0005133600
   0.0000668700   -0.0003244200    0.0013399100
   0.0002255300   -0.0019297700   -0.0005074900
   0.0001401900   -0.0015809600   -0.0003642600
   0.0001248800   -0.0013821300   -0.0000399700
  -0.0337017900    0.0000000000    0.0360061600
  -0.0000930500    0.0002064600    0.0002479600
  -0.0000930500   -0.0002064600    0.0002479600
  -0.0009620700    0.0000000000    0.0000254000
  -0.0011862500    0.0000000000    0.0031841000
   0.0000586700   -0.0003936900    0.0004846400
   0.0000586700    0.0003936900    0.0004846400
   0.0000985300    0.0000000000   -0.0007082200
  -0.0014928400    0.0029820200    0.0001186900
  -0.0013761100   -0.0016527800    0.0152210600
   0.0009154400    0.0024460600   -0.0000342300
  -0.0007865000    0.0003573400   -0.0005133600
   0.0000668700    0.0003244200    0.0013399100
   0.0001401900    0.0015809600   -0.0003642600
   0.0002255300    0.0019297700   -0.0005074900
   0.0001248800    0.0013821300   -0.0000399700
   0.0071926000   -0.0286051900   -0.0021176000
   0.0129369400   -0.0199792900    0.0021347300
   0.0101331900   -0.0213761800   -0.0011543800
   0.0125139300   -0.0183721200    0.0012527200
   0.0127018900   -0.0197695300    0.0011052300
   0.0124500500   -0.0197131800    0.0014970400
   0.0128926800   -0.0202617600    0.0021028800
   0.0120638900   -0.0202401400    0.0030700900
   0.0071926000    0.0286051900   -0.0021176000
   0.0101331900    0.0213761800   -0.0011543800
   0.0129369400    0.0199792900    0.0021347300
   0.0125139300    0.0183721200    0.0012527200
   0.0127018900    0.0197695300    0.0011052300
   0.0128926800    0.0202617600    0.0021028800
   0.0124500500    0.0197131800    0.0014970400
   0.0120638900    0.0202401400    0.0030700900
   0.0505099300    0.0000000000   -0.1506597900
  -0.0106971900   -0.0010769000    0.0035360600
  -0.0106971900    0.0010769000    0.0035360600
  -0.0100431500    0.0000000000    0.0048202400
  -0.0102220000    0.0000000000    0.0053944600
  -0.0111590800    0.0011583000    0.0027248700
  -0.0111590800   -0.0011583000    0.0027248700
  -0.0117673200    0.0000000000    0.0046250500
  -0.0025065700    0.0000000000    0.0051801500
   0.0110460600    0.0008123500   -0.0042637600
   0.0110460600   -0.0008123500   -0.0042637600
   0.0179063900    0.0000000000    0.0045914500
   0.0169257400    0.0000000000    0.0064928100
   0.0111368800   -0.0006973300   -0.0045843100
   0.0111368800    0.0006973300   -0.0045843100
   0.0108834100    0.0000000000   -0.0052687800
  -0.0172056000   -0.0327478000    0.0148794100
  -0.0110642700   -0.0205752900   -0.0026528400
  -0.0108793200   -0.0165065700    0.0002935800
  -0.0124885300   -0.0194393500   -0.0028048700
  -0.0158005900   -0.0170519300    0.0044351700
  -0.0118414500   -0.0218804400   -0.0000192400
  -0.0120091200   -0.0199971100   -0.0026190100
  -0.0132285100   -0.0199606500   -0.0029812400
  -0.0172056000    0.0327478000    0.0148794100
  -0.0108793200    0.0165065700    0.0002935800
  -0.0110642700    0.0205752900   -0.0026528400
  -0.0124885300    0.0194393500   -0.0028048700
  -0.0158005900    0.0170519300    0.0044351700
  -0.0120091200    0.0199971100   -0.0026190100
  -0.0118414500    0.0218804400   -0.0000192400
  -0.0132285100    0.0199606500   -0.0029812400

57   
  0.0033559307313418   0.0000000000000000  -0.0094200705372325
  -0.0017887900   -0.0062076000   -0.0138888600
  -0.0003517300   -0.0015116200    0.0002090200
   0.0014890100   -0.0002739800   -0.0013050100
   0.0001619700   -0.0009038900   -0.0004964400
   0.0002151800   -0.0022083000    0.0014421000
   0.0004151400   -0.0014520200   -0.0007578000
  -0.0012569100   -0.0013413100    0.0006270100
   0.0004075600   -0.0009740300    0.0006136600
  -0.0017887900    0.0062076000   -0.0138888600
   0.0014890100    0.0002739800   -0.0013050100
  -0.0003517300    0.0015116200    0.0002090200
   0.0001619700    0.0009038900   -0.0004964400
   0.0002151800    0.0022083000    0.0014421000
  -0.0012569100    0.0013413100    0.0006270100
   0.0004151400    0.0014520200   -0.0007578000
   0.0004075600    0.0009740300    0.0006136600
   0.0015021900    0.0004761300   -0.0001577000
  -0.0009231400   -0.0000835200    0.0000455400
   0.0015494400   -0.0039024700   -0.0149615800
   0.0007788300   -0.0021676000    0.0005092100
  -0.0000610600   -0.0022103900   -0.0013445600
  -0.0002406500   -0.0005990100    0.0004993600
  -0.0001268600   -0.0009485800    0.0003552200
  -0.0001185900   -0.0011305100    0.0000294200
   0.0310935700    0.0000000000   -0.0342325500
   0.0001061300   -0.0002102300   -0.0002466100
   0.0001061300    0.0002102300   -0.0002466100
   0.0009073900    0.0000000000   -0.0000582900
   0.0011871200    0.0000000000   -0.0031953000
  -0.0000421000    0.0003902200   -0.0004704100
  -0.0000421000   -0.0003902200   -0.0004704100
  -0.0000891300    0.0000000000    0.0006941300
   0.0015021900   -0.0004761300   -0.0001577000
   0.0015494400    0.0039024700   -0.0149615800
  -0.0009231400    0.0000835200    0.0000455400
   0.0007788300    0.0021676000    0.0005092100
  -0.0000610600    0.0022103900   -0.0013445600
  -0.0001268600    0.0009485800    0.0003552200
  -0.0002406500    0.0005990100    0.0004993600
  -0.0001185900    0.0011305100    0.0000294200
   0.0184623800   -0.0117608800    0.0073543100
   0.0126298300   -0.0204483900    0.0031215500
   0.0154453900   -0.0191494000    0.0064409700
   0.0130902300   -0.0220820900    0.0040834800
   0.0128515600   -0.0206192500    0.0041903300
   0.0131085300   -0.0207012800    0.0037788500
   0.0126575800   -0.0201547800    0.0031678500
   0.0134917500   -0.0201881700    0.0022403200
   0.0184623800    0.0117608800    0.0073543100
   0.0154453900    0.0191494000    0.0064409700
   0.0126298300    0.0204483900    0.0031215500
   0.0130902300    0.0220820900    0.0040834800
   0.0128515600    0.0206192500    0.0041903300
   0.0126575800    0.0201547800    0.0031678500
   0.0131085300    0.0207012800    0.0037788500
   0.0134917500    0.0201881700    0.0022403200
  -0.0697372000    0.0000000000    0.1571212100
  -0.0111967200    0.0010812300    0.0050224700
  -0.0111967200   -0.0010812300    0.0050224700
  -0.0118265900    0.0000000000    0.0037654600
  -0.0116670900    0.0000000000    0.0031943500
  -0.0107224300   -0.0011654800    0.0058338200
  -0.0107224300    0.0011654800    0.0058338200
  -0.0101079900    0.0000000000    0.0039835800
   0.0242248100    0.0000000000   -0.0137055900
   0.0108256600   -0.0008383100   -0.0042869700
   0.0108256600    0.0008383100   -0.0042869700
   0.0041050700    0.0000000000   -0.0131146400
   0.0048373100    0.0000000000   -0.0153259100
   0.0107413000    0.0007054700   -0.0039773600
   0.0107413000   -0.0007054700   -0.0039773600
   0.0109851000    0.0000000000   -0.0032971400
  -0.0084461200   -0.0079751200   -0.0197612600
  -0.0145262500   -0.0198208900   -0.0026103900
  -0.0146866600   -0.0239023900   -0.0055652000
  -0.0130438700   -0.0209665100   -0.0024738900
  -0.0097020400   -0.0235004700   -0.0099744000
  -0.0137494700   -0.0184933300   -0.0052707500
  -0.0135673000   -0.0204076100   -0.0026359900
  -0.0123351400   -0.0204570100   -0.0022940000
  -0.0084461200    0.0079751200   -0.0197612600
  -0.0146866600    0.0239023900   -0.0055652000
  -0.0145262500    0.0198208900   -0.0026103900
  -0.0130438700    0.0209665100   -0.0024738900
  -0.0097020400    0.0235004700   -0.0099744000
  -0.0135673000    0.0204076100   -0.0026359900
  -0.0137494700    0.0184933300   -0.0052707500
  -0.0123351400    0.0204570100   -0.0022940000
