# Tetrahedron method
       -1.8601386821        0.0000000000        0.0000000000        0.0000000000        0.0000000000        0.0000000000        0.0000000000        0.0000000000        0.0000000000        0.0000000000        0.0000000000        0.0000000000
       -1.7318262125        0.0000000000        0.0000000000        0.0000000000        0.0000000000        0.0000000000        0.0000000000        0.0000000000        0.0000000000        0.0000000000        0.0000000000        0.0000000000
       -1.6035137428        0.0000000000        0.0000000000        0.0000000000        0.0000000000        0.0000000000        0.0000000000        0.0000000000        0.0000000000        0.0000000000        0.0000000000        0.0000000000
       -1.4752012732        0.0000000000        0.0000000000        0.0000000000        0.0000000000        0.0000000000        0.0000000000        0.0000000000        0.0000000000        0.0000000000        0.0000000000        0.0000000000
       -1.3468888035        0.0000000000        0.0000000000        0.0000000000        0.0000000000        0.0000000000        0.0000000000        0.0000000000        0.0000000000        0.0000000000        0.0000000000        0.0000000000
       -1.2185763339        0.0000000000        0.0000000000        0.0000000000        0.0000000000        0.0000000000        0.0000000000        0.0000000000        0.0000000000        0.0000000000        0.0000000000        0.0000000000
       -1.0902638642        0.0000000000        0.0000000000        0.0000000000        0.0000000000        0.0000000000        0.0000000000        0.0000000000        0.0000000000        0.0000000000        0.0000000000        0.0000000000
       -0.9619513946        0.0000000000        0.0000000000        0.0000000000        0.0000000000        0.0000000000        0.0000000000        0.0000000000        0.0000000000        0.0000000000        0.0000000000        0.0000000000
       -0.8336389249        0.0000000000        0.0000000000        0.0000000000        0.0000000000        0.0000000000        0.0000000000        0.0000000000        0.0000000000        0.0000000000        0.0000000000        0.0000000000
       -0.7053264552        0.0000000000        0.0000000000        0.0000000000        0.0000000000        0.0000000000        0.0000000000        0.0000000000        0.0000000000        0.0000000000        0.0000000000        0.0000000000
       -0.5770139856        0.0000000000        0.0000000000        0.0000000000        0.0000000000        0.0000000000        0.0000000000        0.0000000000        0.0000000000        0.0000000000        0.0000000000        0.0000000000
       -0.4487015159        0.0000000000        0.0000000000        0.0000000000        0.0000000000        0.0000000000        0.0000000000        0.0000000000        0.0000000000        0.0000000000        0.0000000000        0.0000000000
       -0.3203890463        0.0000000000        0.0000000000        0.0000000000        0.0000000000        0.0000000000        0.0000000000        0.0000000000        0.0000000000        0.0000000000        0.0000000000        0.0000000000
       -0.1920765766        0.0000000000        0.0000000000        0.0000000000        0.0000000000        0.0000000000        0.0000000000        0.0000000000        0.0000000000        0.0000000000        0.0000000000        0.0000000000
       -0.0637641070        0.0000000000        0.0000000000        0.0000000000        0.0000000000        0.0000000000        0.0000000000        0.0000000000        0.0000000000        0.0000000000        0.0000000000        0.0000000000
        0.0645483627        0.0000000000        0.0000000000        0.0000000000        0.0000000000        0.0000000000        0.0000000000        0.0000000000        0.0000000000        0.0000000000        0.0000000000        0.0000000000
        0.1928608323        0.0000000000        0.0000000000        0.0000000000        0.0000000000        0.0000000000        0.0000000000        0.0000000000        0.0000000000        0.0000000000        0.0000000000        0.0000000000
        0.3211733020        0.0000473344        0.0000473344        0.0000473525        0.0000473690        0.0000473525        0.0001889530        0.0001889623        0.0001890305        0.0001890305        0.0001889623        0.0001889530
        0.4494857716        0.0001121554        0.0001121554        0.0001122910        0.0001122780        0.0001122910        0.0004486494        0.0004487297        0.0004489294        0.0004489294        0.0004487297        0.0004486494
        0.5777982413        0.0001811452        0.0001811452        0.0001814898        0.0001815139        0.0001814898        0.0007263463        0.0007264685        0.0007270814        0.0007270814        0.0007264685        0.0007263463
        0.7061107109        0.0002892721        0.0002892721        0.0002900712        0.0002901005        0.0002900712        0.0011632675        0.0011634383        0.0011648858        0.0011648858        0.0011634383        0.0011632675
        0.8344231806        0.0004022188        0.0004022188        0.0004037492        0.0004038106        0.0004037492        0.0016229613        0.0016233305        0.0016261187        0.0016261187        0.0016233305        0.0016229613
        0.9627356502        0.0005482868        0.0005482868        0.0005510579        0.0005511846        0.0005510579        0.0022212325        0.0022216613        0.0022267712        0.0022267712        0.0022216613        0.0022212325
        1.0910481199        0.0007119614        0.0007119614        0.0007165710        0.0007167572        0.0007165710        0.0028977513        0.0028982109        0.0029069462        0.0029069462        0.0028982109        0.0028977513
        1.2193605895        0.0008845701        0.0008845701        0.0008916680        0.0008920098        0.0008916680        0.0036188758        0.0036195947        0.0036331574        0.0036331574        0.0036195947        0.0036188758
        1.3476730592        0.0010915083        0.0010915083        0.0011021756        0.0011027084        0.0011021756        0.0044912502        0.0044922455        0.0045126995        0.0045126995        0.0044922455        0.0044912502
        1.4759855288        0.0013080558        0.0013080558        0.0013233885        0.0013241247        0.0013233885        0.0054169000        0.0054180843        0.0054476175        0.0054476175        0.0054180843        0.0054169000
        1.6042979985        0.0015549110        0.0015549110        0.0015766031        0.0015777005        0.0015766031        0.0064850416        0.0064863770        0.0065283197        0.0065283197        0.0064863770        0.0064850416
        1.7326104681        0.0018162585        0.0018162585        0.0018457755        0.0018474414        0.0018457755        0.0076335995        0.0076350828        0.0076925851        0.0076925851        0.0076350828        0.0076335995
        1.8609229378        0.0021000602        0.0021000602        0.0021396786        0.0021418390        0.0021396786        0.0089003962        0.0089022976        0.0089795425        0.0089795425        0.0089022976        0.0089003962
        1.9892354074        0.0023995599        0.0023995599        0.0024514113        0.0024545648        0.0024514113        0.0102618026        0.0102644878        0.0103652975        0.0103652975        0.0102644878        0.0102618026
        2.1175478771        0.0027340430        0.0027340430        0.0028012649        0.0028055059        0.0028012649        0.0118066444        0.0118090881        0.0119408966        0.0119408966        0.0118090881        0.0118066444
        2.2458603467        0.0030705392        0.0030705392        0.0031562069        0.0031617014        0.0031562069        0.0133998161        0.0134029721        0.0135699292        0.0135699292        0.0134029721        0.0133998161
        2.3741728164        0.0034459529        0.0034459529        0.0035538250        0.0035615657        0.0035538250        0.0152067509        0.0152102316        0.0154224549        0.0154224549        0.0152102316        0.0152067509
        2.5024852860        0.0038352527        0.0038352527        0.0039696154        0.0039800868        0.0039696154        0.0171282766        0.0171324796        0.0173975330        0.0173975330        0.0171324796        0.0171282766
        2.6307977557        0.0042385480        0.0042385480        0.0044037705        0.0044177734        0.0044037705        0.0191708643        0.0191766048        0.0195025193        0.0195025193        0.0191766048        0.0191708643
        2.7591102253        0.0046826278        0.0046826278        0.0048853363        0.0049034076        0.0048853363        0.0214707766        0.0214758577        0.0218761489        0.0218761489        0.0214758577        0.0214707766
        2.8874226950        0.0051268458        0.0051268458        0.0053723364        0.0053957769        0.0053723364        0.0238502295        0.0238560041        0.0243395968        0.0243395968        0.0238560041        0.0238502295
        3.0157351646        0.0056067791        0.0056067791        0.0059027132        0.0059334197        0.0059027132        0.0264855187        0.0264935378        0.0270776283        0.0270776283        0.0264935378        0.0264855187
        3.1440476343        0.0061075825        0.0061075825        0.0064620102        0.0065012421        0.0064620102        0.0293246479        0.0293334966        0.0300322871        0.0300322871        0.0293334966        0.0293246479
        3.2723601039        0.0066213240        0.0066213240        0.0070428994        0.0070932443        0.0070428994        0.0323455659        0.0323551004        0.0331840610        0.0331840610        0.0323551004        0.0323455659
        3.4006725736        0.0071774554        0.0071774554        0.0076784651        0.0077425102        0.0076784651        0.0357133588        0.0357238452        0.0367054873        0.0367054873        0.0357238452        0.0357133588
        3.5289850432        0.0077330423        0.0077330423        0.0083243211        0.0084052826        0.0083243211        0.0392365877        0.0392491608        0.0403988234        0.0403988234        0.0392491608        0.0392365877
        3.6572975129        0.0083279874        0.0083279874        0.0090248525        0.0091276414        0.0090248525        0.0431403569        0.0431550913        0.0445006581        0.0445006581        0.0431550913        0.0431403569
        3.7856099825        0.0089414085        0.0089414085        0.0097607399        0.0098897525        0.0097607399        0.0473544111        0.0473709729        0.0489350025        0.0489350025        0.0473709729        0.0473544111
        3.9139224522        0.0095767475        0.0095767475        0.0105390474        0.0107031164        0.0105390474        0.0519322650        0.0519509408        0.0537627461        0.0537627461        0.0519509408        0.0519322650
        4.0422349218        0.0102431700        0.0102431700        0.0113749348        0.0115812109        0.0113749348        0.0569738572        0.0569968785        0.0590870007        0.0590870007        0.0569968785        0.0569738572
        4.1705473915        0.0109276645        0.0109276645        0.0122611306        0.0125198526        0.0122611306        0.0624666064        0.0624924939        0.0648834810        0.0648834810        0.0624924939        0.0624666064
        4.2988598612        0.0116468484        0.0116468484        0.0132266644        0.0135542001        0.0132266644        0.0685948390        0.0686264665        0.0713576589        0.0713576589        0.0686264665        0.0685948390
        4.4271723308        0.0123962377        0.0123962377        0.0142903626        0.0147018166        0.0142903626        0.0754747345        0.0755066990        0.0786066137        0.0786066137        0.0755066990        0.0754747345
        4.5554848005        0.0131750791        0.0131750791        0.0154930293        0.0160207108        0.0154930293        0.0833343266        0.0833817173        0.0868971179        0.0868971179        0.0833817173        0.0833343266
        4.6837972701        0.0140053948        0.0140053948        0.0170509377        0.0177313154        0.0170509377        0.0931842585        0.0932421359        0.0972170916        0.0972170916        0.0932421359        0.0931842585
        4.8121097398        0.0148773913        0.0148773913        0.0189386002        0.0198259825        0.0189386002        0.1050836342        0.1051279141        0.1095761670        0.1095761670        0.1051279141        0.1050836342
        4.9404222094        0.0159419567        0.0159419567        0.0198008024        0.0208051853        0.0198008024        0.1138478007        0.1139046723        0.1176893467        0.1176893467        0.1139046723        0.1138478007
        5.0687346791        0.0171377671        0.0171377671        0.0207121228        0.0220741023        0.0207121228        0.1239907251        0.1240959027        0.1275053039        0.1275053039        0.1240959027        0.1239907251
        5.1970471487        0.0185613154        0.0185613154        0.0215680285        0.0242192595        0.0215680285        0.1360180162        0.1363271809        0.1411977375        0.1411977375        0.1363271809        0.1360180162
        5.3253596184        0.0203201852        0.0203201852        0.0226985732        0.0270587721        0.0226985732        0.1520139109        0.1521338068        0.1599975435        0.1599975435        0.1521338068        0.1520139109
        5.4536720880        0.0196592648        0.0196592648        0.0221355690        0.0260934322        0.0221355690        0.1507711499        0.1507996221        0.1628446409        0.1628446409        0.1507996221        0.1507711499
        5.5819845577        0.0193053240        0.0193053240        0.0217868263        0.0255950654        0.0217868263        0.1511990073        0.1510631348        0.1695428963        0.1695428963        0.1510631348        0.1511990073
        5.7102970273        0.0188553135        0.0188553135        0.0214030616        0.0241403039        0.0214030616        0.1491278707        0.1491088475        0.1736796267        0.1736796267        0.1491088475        0.1491278707
        5.8386094970        0.0198978010        0.0198978010        0.0225143924        0.0237031013        0.0225143924        0.1557476357        0.1555994158        0.1931879319        0.1931879319        0.1555994158        0.1557476357
        5.9669219666        0.0225701044        0.0225701044        0.0236318404        0.0256896195        0.0236318404        0.1759791657        0.1757403261        0.2218452999        0.2218452999        0.1757403261        0.1759791657
        6.0952344363        0.0176076924        0.0176076924        0.0207320068        0.0205931083        0.0207320068        0.1610369853        0.1613270316        0.1814945820        0.1814945820        0.1613270316        0.1610369853
        6.2235469059        0.0167296086        0.0167296086        0.0200066790        0.0201890724        0.0200066790        0.1715837578        0.1718791679        0.1847924671        0.1847924671        0.1718791679        0.1715837578
        6.3518593756        0.0221435963        0.0221435963        0.0272580852        0.0277744112        0.0272580852        0.2404544757        0.2386210686        0.2773766158        0.2773766158        0.2386210686        0.2404544757
        6.4801718452        0.0249032985        0.0249032985        0.0303013824        0.0284288466        0.0303013824        0.2823328506        0.2830530737        0.3261962533        0.3261962533        0.2830530737        0.2823328506
        6.6084843149        0.0260702476        0.0260702476        0.0296728691        0.0306351884        0.0296728691        0.3062511364        0.3056554737        0.3508142588        0.3508142588        0.3056554737        0.3062511364
        6.7367967845        0.0258134224        0.0258134224        0.0250260448        0.0262337994        0.0250260448        0.3160374995        0.3166703988        0.2830955310        0.2830955310        0.3166703988        0.3160374995
        6.8651092542        0.0184009242        0.0184009242        0.0198961298        0.0200468319        0.0198961298        0.2589253678        0.2592705035        0.1825049639        0.1825049639        0.2592705035        0.2589253678
        6.9934217238        0.0173939899        0.0173939899        0.0200061569        0.0187172208        0.0200061569        0.2595845188        0.2620191914        0.2034878282        0.2034878282        0.2620191914        0.2595845188
        7.1217341935        0.0221057301        0.0221057301        0.0257386600        0.0208387558        0.0257386600        0.3561499349        0.3558675147        0.2839518364        0.2839518364        0.3558675147        0.3561499349
        7.2500466631        0.0271915162        0.0271915162        0.0361014057        0.0270117791        0.0361014057        0.4787034068        0.4782094808        0.4360901427        0.4360901427        0.4782094808        0.4787034068
        7.3783591328        0.0256331278        0.0256331278        0.0357604093        0.0246323627        0.0357604093        0.5366207661        0.5377934849        0.3875514048        0.3875514048        0.5377934849        0.5366207661
        7.5066716024        0.0214650565        0.0214650565        0.0291334470        0.0254851829        0.0291334470        0.4958142073        0.4944913518        0.3824654021        0.3824654021        0.4944913518        0.4958142073
        7.6349840721        0.0151223203        0.0151223203        0.0205353318        0.0168545981        0.0205353318        0.3851388012        0.3867829846        0.3041841727        0.3041841727        0.3867829846        0.3851388012
        7.7632965417        0.0234487450        0.0234487450        0.0279925066        0.0310864624        0.0279925066        0.6451922046        0.6452295668        0.5188669205        0.5188669205        0.6452295668        0.6451922046
        7.8916090114        0.0221609403        0.0221609403        0.0294056184        0.0285209221        0.0294056184        0.6977457649        0.6982868273        0.5732592235        0.5732592235        0.6982868273        0.6977457649
        8.0199214810        0.0199604453        0.0199604453        0.0269380708        0.0302874652        0.0269380708        0.7717263843        0.7711469639        0.6201188892        0.6201188892        0.7711469639        0.7717263843
        8.1482339507        0.0228536431        0.0228536431        0.0247146864        0.0273373849        0.0247146864        0.8390187684        0.8392732653        0.6868550715        0.6868550715        0.8392732653        0.8390187684
        8.2765464203        0.0229584416        0.0229584416        0.0252843895        0.0267276034        0.0252843895        0.8803009181        0.8802188735        0.7644301233        0.7644301233        0.8802188735        0.8803009181
        8.4048588900        0.0253337603        0.0253337603        0.0282555189        0.0299433396        0.0282555189        0.9219108052        0.9172598635        0.8703537433        0.8703537433        0.9172598635        0.9219108052
        8.5331713596        0.0191197393        0.0191197393        0.0196194529        0.0225116935        0.0196194529        0.6446567473        0.6439618556        0.6618012875        0.6618012875        0.6439618556        0.6446567473
        8.6614838293        0.0183100444        0.0183100444        0.0216120964        0.0209049971        0.0216120964        0.7278911108        0.7272780660        0.7578717115        0.7578717115        0.7272780660        0.7278911108
        8.7897962989        0.0169922839        0.0169922839        0.0195447214        0.0209817643        0.0195447214        0.7512371672        0.7519613037        0.8532434926        0.8532434926        0.7519613037        0.7512371672
        8.9181087686        0.0166201944        0.0166201944        0.0169935139        0.0160890987        0.0169935139        0.6069926159        0.6105980891        0.7712110327        0.7712110327        0.6105980891        0.6069926159
        9.0464212382        0.0148824793        0.0148824793        0.0133587979        0.0108389713        0.0133587979        0.4632243238        0.4630537631        0.5894715061        0.5894715061        0.4630537631        0.4632243238
        9.1747337079        0.0160605130        0.0160605130        0.0132601813        0.0135309087        0.0132601813        0.5083084493        0.5071441331        0.5873290725        0.5873290725        0.5071441331        0.5083084493
        9.3030461776        0.0134470371        0.0134470371        0.0113414969        0.0134659632        0.0113414969        0.4357197324        0.4349137203        0.5504435129        0.5504435129        0.4349137203        0.4357197324
        9.4313586472        0.0110433290        0.0110433290        0.0079915346        0.0115116074        0.0079915346        0.3626185432        0.3630091956        0.4545595720        0.4545595720        0.3630091956        0.3626185432
        9.5596711169        0.0093009477        0.0093009477        0.0059748104        0.0107545387        0.0059748104        0.3068434598        0.3076024453        0.3292275851        0.3292275851        0.3076024453        0.3068434598
        9.6879835865        0.0054876033        0.0054876033        0.0033609381        0.0055243891        0.0033609381        0.1724889289        0.1724905608        0.1662600659        0.1662600659        0.1724905608        0.1724889289
        9.8162960562        0.0039597156        0.0039597156        0.0021957332        0.0038472766        0.0021957332        0.1071249980        0.1076349465        0.1222547559        0.1222547559        0.1076349465        0.1071249980
        9.9446085258        0.0087104255        0.0087104255        0.0046093801        0.0071912907        0.0046093801        0.2731702598        0.2736355362        0.2767163562        0.2767163562        0.2736355362        0.2731702598
       10.0729209955        0.0110600464        0.0110600464        0.0078540899        0.0087947939        0.0078540899        0.4063539949        0.4062254712        0.4349443441        0.4349443441        0.4062254712        0.4063539949
       10.2012334651        0.0132405148        0.0132405148        0.0144020042        0.0088809897        0.0144020042        0.5610120163        0.5614505532        0.5763556381        0.5763556381        0.5614505532        0.5610120163
       10.3295459348        0.0109480473        0.0109480473        0.0088103989        0.0079898008        0.0088103989        0.4340976098        0.4355562372        0.4688167750        0.4688167750        0.4355562372        0.4340976098
       10.4578584044        0.0087083905        0.0087083905        0.0080011638        0.0078422820        0.0080011638        0.3816384079        0.3817384000        0.3877193704        0.3877193704        0.3817384000        0.3816384079
       10.5861708741        0.0102779129        0.0102779129        0.0100310615        0.0080390546        0.0100310615        0.4879681170        0.4886069346        0.4834041581        0.4834041581        0.4886069346        0.4879681170
       10.7144833437        0.0081630962        0.0081630962        0.0085643343        0.0071382174        0.0085643343        0.3744499139        0.3742044762        0.4079853898        0.4079853898        0.3742044762        0.3744499139
       10.8427958134        0.0079413147        0.0079413147        0.0073637940        0.0060331620        0.0073637940        0.3447456190        0.3448757054        0.3877931466        0.3877931466        0.3448757054        0.3447456190
       10.9711082830        0.0083849978        0.0083849978        0.0062793334        0.0049286042        0.0062793334        0.3369372754        0.3370267114        0.3710597316        0.3710597316        0.3370267114        0.3369372754
       11.0994207527        0.0081980585        0.0081980585        0.0055659566        0.0041232278        0.0055659566        0.3357209938        0.3349830912        0.3445767594        0.3445767594        0.3349830912        0.3357209938
       11.2277332223        0.0089638437        0.0089638437        0.0056220387        0.0041263141        0.0056220387        0.3996641997        0.3988709216        0.4058184917        0.4058184917        0.3988709216        0.3996641997
       11.3560456920        0.0054608701        0.0054608701        0.0033898204        0.0026166452        0.0033898204        0.2853679727        0.2860626473        0.2969704410        0.2969704410        0.2860626473        0.2853679727
       11.4843581616        0.0048779571        0.0048779571        0.0034287757        0.0034724570        0.0034287757        0.2953901942        0.2960557497        0.2908149724        0.2908149724        0.2960557497        0.2953901942
       11.6126706313        0.0040649298        0.0040649298        0.0034658647        0.0031885625        0.0034658647        0.2698760813        0.2703768127        0.2780422889        0.2780422889        0.2703768127        0.2698760813
       11.7409831009        0.0039511560        0.0039511560        0.0031697738        0.0028083655        0.0031697738        0.2409750908        0.2411358577        0.2660975546        0.2660975546        0.2411358577        0.2409750908
       11.8692955706        0.0034653525        0.0034653525        0.0027543004        0.0021780130        0.0027543004        0.2115429569        0.2118977329        0.2384241217        0.2384241217        0.2118977329        0.2115429569
       11.9976080402        0.0023075932        0.0023075932        0.0019744079        0.0016190438        0.0019744079        0.1729963650        0.1729906376        0.1960078651        0.1960078651        0.1729906376        0.1729963650
       12.1259205099        0.0017786971        0.0017786971        0.0014733106        0.0014684396        0.0014733106        0.1633299969        0.1634479553        0.1860909675        0.1860909675        0.1634479553        0.1633299969
       12.2542329795        0.0010304040        0.0010304040        0.0007809228        0.0006857807        0.0007809228        0.1114195061        0.1115027911        0.1242766405        0.1242766405        0.1115027911        0.1114195061
       12.3825454492        0.0004338153        0.0004338153        0.0003314079        0.0002364802        0.0003314079        0.0646802530        0.0647354751        0.0737433756        0.0737433756        0.0647354751        0.0646802530
       12.5108579188        0.0000756408        0.0000756408        0.0000611811        0.0000247801        0.0000611811        0.0182861959        0.0183043610        0.0239506483        0.0239506483        0.0183043610        0.0182861959
       12.6391703885        0.0000000000        0.0000000000        0.0000000000        0.0000000000        0.0000000000        0.0000000000        0.0000000000        0.0000000000        0.0000000000        0.0000000000        0.0000000000
       12.7674828581        0.0000000000        0.0000000000        0.0000000000        0.0000000000        0.0000000000        0.0000000000        0.0000000000        0.0000000000        0.0000000000        0.0000000000        0.0000000000
       12.8957953278        0.0000000000        0.0000000000        0.0000000000        0.0000000000        0.0000000000        0.0000000000        0.0000000000        0.0000000000        0.0000000000        0.0000000000        0.0000000000
       13.0241077974        0.0000000000        0.0000000000        0.0000000000        0.0000000000        0.0000000000        0.0000000000        0.0000000000        0.0000000000        0.0000000000        0.0000000000        0.0000000000
       13.1524202671        0.0000000000        0.0000000000        0.0000000000        0.0000000000        0.0000000000        0.0000000000        0.0000000000        0.0000000000        0.0000000000        0.0000000000        0.0000000000
       13.2807327367        0.0000000000        0.0000000000        0.0000000000        0.0000000000        0.0000000000        0.0000000000        0.0000000000        0.0000000000        0.0000000000        0.0000000000        0.0000000000
       13.4090452064        0.0000000000        0.0000000000        0.0000000000        0.0000000000        0.0000000000        0.0000000000        0.0000000000        0.0000000000        0.0000000000        0.0000000000        0.0000000000
       13.5373576760        0.0000000000        0.0000000000        0.0000000000        0.0000000000        0.0000000000        0.0000000000        0.0000000000        0.0000000000        0.0000000000        0.0000000000        0.0000000000
       13.6656701457        0.0000000000        0.0000000000        0.0000000000        0.0000000000        0.0000000000        0.0000000000        0.0000000000        0.0000000000        0.0000000000        0.0000000000        0.0000000000
       13.7939826153        0.0000000000        0.0000000000        0.0000000000        0.0000000000        0.0000000000        0.0000000000        0.0000000000        0.0000000000        0.0000000000        0.0000000000        0.0000000000
       13.9222950850        0.0000000000        0.0000000000        0.0000000000        0.0000000000        0.0000000000        0.0000000000        0.0000000000        0.0000000000        0.0000000000        0.0000000000        0.0000000000
       14.0506075546        0.0000000000        0.0000000000        0.0000000000        0.0000000000        0.0000000000        0.0000000000        0.0000000000        0.0000000000        0.0000000000        0.0000000000        0.0000000000
       14.1789200243        0.0000000000        0.0000000000        0.0000000000        0.0000000000        0.0000000000        0.0000000000        0.0000000000        0.0000000000        0.0000000000        0.0000000000        0.0000000000
       14.3072324939        0.0000000000        0.0000000000        0.0000000000        0.0000000000        0.0000000000        0.0000000000        0.0000000000        0.0000000000        0.0000000000        0.0000000000        0.0000000000
       14.4355449636        0.0000000000        0.0000000000        0.0000000000        0.0000000000        0.0000000000        0.0000000000        0.0000000000        0.0000000000        0.0000000000        0.0000000000        0.0000000000
       14.5638574333        0.0000000000        0.0000000000        0.0000000000        0.0000000000        0.0000000000        0.0000000000        0.0000000000        0.0000000000        0.0000000000        0.0000000000        0.0000000000
       14.6921699029        0.0000000000        0.0000000000        0.0000000000        0.0000000000        0.0000000000        0.0000000000        0.0000000000        0.0000000000        0.0000000000        0.0000000000        0.0000000000
       14.8204823726        0.0000000000        0.0000000000        0.0000000000        0.0000000000        0.0000000000        0.0000000000        0.0000000000        0.0000000000        0.0000000000        0.0000000000        0.0000000000
       14.9487948422        0.0000000000        0.0000000000        0.0000000000        0.0000000000        0.0000000000        0.0000000000        0.0000000000        0.0000000000        0.0000000000        0.0000000000        0.0000000000
       15.0771073119        0.0000000000        0.0000000000        0.0000000000        0.0000000000        0.0000000000        0.0000000000        0.0000000000        0.0000000000        0.0000000000        0.0000000000        0.0000000000
       15.2054197815        0.0014749050        0.0014749050        0.0175894950        0.0644779587        0.0175894950        0.0010376441        0.0010384206        0.0003223555        0.0003223555        0.0010384206        0.0010376441
       15.3337322512        0.0057335597        0.0057335597        0.0440532825        0.1654488231        0.0440532825        0.0026784147        0.0026796712        0.0009055848        0.0009055848        0.0026796712        0.0026784147
       15.4620447208        0.0158588128        0.0158588128        0.0741353788        0.2879179263        0.0741353788        0.0046034899        0.0046017474        0.0016846347        0.0016846347        0.0046017474        0.0046034899
       15.5903571905        0.2258266522        0.2258266522        0.1387509170        0.5345550859        0.1387509170        0.0131510130        0.0131401878        0.0070204790        0.0070204790        0.0131401878        0.0131510130
       15.7186696601        0.8777965939        0.8777965939        0.4581514573        1.3546088247        0.4581514573        0.0472569185        0.0472821855        0.0268153195        0.0268153195        0.0472821855        0.0472569185
       15.8469821298        1.0436742058        1.0436742058        0.5372920899        0.6391618142        0.5372920899        0.0470798391        0.0470199017        0.0356485359        0.0356485359        0.0470199017        0.0470798391
       15.9752945994        0.8716943689        0.8716943689        0.3661906221        1.0368377314        0.3661906221        0.0532569928        0.0532479661        0.0270912143        0.0270912143        0.0532479661        0.0532569928
       16.1036070691        0.9506963670        0.9506963670        0.7882293382        0.6027672544        0.7882293382        0.0519300078        0.0519232290        0.0279870140        0.0279870140        0.0519232290        0.0519300078
       16.2319195387        0.7293315699        0.7293315699        0.7288197258        0.1224258077        0.7288197258        0.0375822105        0.0376289419        0.0190925672        0.0190925672        0.0376289419        0.0375822105
       16.3602320084        0.9365466943        0.9365466943        0.9767885405        0.2208680346        0.9767885405        0.0531666303        0.0531720729        0.0323533098        0.0323533098        0.0531720729        0.0531666303
       16.4885444780        0.7154033735        0.7154033735        0.6315601948        0.1743305740        0.6315601948        0.0396545896        0.0396614194        0.0220092644        0.0220092644        0.0396614194        0.0396545896
       16.6168569477        0.4062966218        0.4062966218        0.2518650013        0.0938236569        0.2518650013        0.0256395648        0.0256140625        0.0122400356        0.0122400356        0.0256140625        0.0256395648
       16.7451694173        0.3927159524        0.3927159524        0.2592772734        0.1141439327        0.2592772734        0.0229797513        0.0231501776        0.0103594435        0.0103594435        0.0231501776        0.0229797513
       16.8734818870        0.4842418113        0.4842418113        0.2692733867        0.3809833257        0.2692733867        0.0236251672        0.0236305434        0.0110681053        0.0110681053        0.0236305434        0.0236251672
       17.0017943566        0.3937834032        0.3937834032        0.2649710066        0.4062579903        0.2649710066        0.0234148199        0.0233800185        0.0105596874        0.0105596874        0.0233800185        0.0234148199
       17.1301068263        0.5732331986        0.5732331986        0.3216525260        0.6326135249        0.3216525260        0.0280396651        0.0281280531        0.0155553024        0.0155553024        0.0281280531        0.0280396651
       17.2584192959        0.6943888501        0.6943888501        0.2150630054        0.9712253974        0.2150630054        0.0289736824        0.0289388986        0.0168174662        0.0168174662        0.0289388986        0.0289736824
       17.3867317656        0.7773857701        0.7773857701        0.2879637924        1.0801952670        0.2879637924        0.0338946509        0.0338150024        0.0206142300        0.0206142300        0.0338150024        0.0338946509
       17.5150442352        0.9411851810        0.9411851810        0.5515127339        0.4660542227        0.5515127339        0.0247869089        0.0248420268        0.0364140956        0.0364140956        0.0248420268        0.0247869089
       17.6433567049        0.6517122662        0.6517122662        0.5551064081        0.4361652967        0.5551064081        0.0246275854        0.0246180184        0.0245593176        0.0245593176        0.0246180184        0.0246275854
       17.7716691745        1.0740873880        1.0740873880        1.5365615902        0.5086723804        1.5365615902        0.0630565491        0.0635268449        0.0597998612        0.0597998612        0.0635268449        0.0630565491
       17.8999816442        0.8933432236        0.8933432236        0.8571476184        0.6874490392        0.8571476184        0.0394053099        0.0393903477        0.0399383499        0.0399383499        0.0393903477        0.0394053099
       18.0282941138        0.8183629963        0.8183629963        0.4695835856        0.2517560503        0.4695835856        0.0230878057        0.0230973954        0.0196356824        0.0196356824        0.0230973954        0.0230878057
       18.1566065835        1.1321921310        1.1321921310        0.5586730145        0.2674967218        0.5586730145        0.0257099420        0.0257288643        0.0250171126        0.0250171126        0.0257288643        0.0257099420
       18.2849190531        0.9008964808        0.9008964808        0.3402732397        0.2222356955        0.3402732397        0.0182312320        0.0182311548        0.0126439139        0.0126439139        0.0182311548        0.0182312320
       18.4132315228        0.5856683437        0.5856683437        0.4753279208        0.2394929071        0.4753279208        0.0199587735        0.0199808079        0.0143616397        0.0143616397        0.0199808079        0.0199587735
       18.5415439924        0.4898914838        0.4898914838        0.8599910150        0.3181760545        0.8599910150        0.0291331338        0.0291462573        0.0170273952        0.0170273952        0.0291462573        0.0291331338
       18.6698564621        0.4481339037        0.4481339037        0.7774884150        0.3384583540        0.7774884150        0.0226108676        0.0225980663        0.0176752691        0.0176752691        0.0225980663        0.0226108676
       18.7981689317        0.3225835319        0.3225835319        0.5578432936        0.3182651000        0.5578432936        0.0139862478        0.0139679743        0.0137554840        0.0137554840        0.0139679743        0.0139862478
       18.9264814014        0.3099975387        0.3099975387        0.4686964738        0.3295439677        0.4686964738        0.0104534414        0.0104650247        0.0097354497        0.0097354497        0.0104650247        0.0104534414
       19.0547938710        0.2828897458        0.2828897458        0.4397158748        0.2903766543        0.4397158748        0.0093925594        0.0093724769        0.0094555163        0.0094555163        0.0093724769        0.0093925594
       19.1831063407        0.3006782677        0.3006782677        0.5480100239        0.3365965136        0.5480100239        0.0121805971        0.0121297062        0.0126223550        0.0126223550        0.0121297062        0.0121805971
       19.3114188103        0.3002612338        0.3002612338        0.5249639668        0.3447306495        0.5249639668        0.0124230975        0.0124349275        0.0130148077        0.0130148077        0.0124349275        0.0124230975
       19.4397312800        0.3543277339        0.3543277339        0.5645254424        0.2898164763        0.5645254424        0.0117700567        0.0117945389        0.0128016001        0.0128016001        0.0117945389        0.0117700567
       19.5680437497        0.5147615585        0.5147615585        0.7331870798        0.3999336807        0.7331870798        0.0130719905        0.0131440439        0.0156318154        0.0156318154        0.0131440439        0.0130719905
       19.6963562193        0.5339542283        0.5339542283        0.8739308314        0.7864534029        0.8739308314        0.0143559974        0.0143690515        0.0235110238        0.0235110238        0.0143690515        0.0143559974
       19.8246686890        0.4498223031        0.4498223031        0.8808467934        0.8053749801        0.8808467934        0.0128299974        0.0128182913        0.0197257094        0.0197257094        0.0128182913        0.0128299974
       19.9529811586        0.2541823690        0.2541823690        0.7175379759        0.2382717075        0.7175379759        0.0103186807        0.0103192414        0.0089051804        0.0089051804        0.0103192414        0.0103186807
       20.0812936283        0.2311072850        0.2311072850        0.6932529450        0.2305505698        0.6932529450        0.0101190093        0.0101158590        0.0077255029        0.0077255029        0.0101158590        0.0101190093
       20.2096060979        0.1862429581        0.1862429581        0.4657575152        0.0889998252        0.4657575152        0.0063141350        0.0063124132        0.0034425856        0.0034425856        0.0063124132        0.0063141350
       20.3379185676        0.1333768174        0.1333768174        0.2905639483        0.0348666911        0.2905639483        0.0032056563        0.0032057226        0.0012394484        0.0012394484        0.0032057226        0.0032056563
       20.4662310372        0.0244411437        0.0244411437        0.0509735313        0.0033346181        0.0509735313        0.0004461058        0.0004483480        0.0001514519        0.0001514519        0.0004483480        0.0004461058
       20.5945435069        0.0000000000        0.0000000000        0.0000000000        0.0000000000        0.0000000000        0.0000000000        0.0000000000        0.0000000000        0.0000000000        0.0000000000        0.0000000000
       20.7228559765        0.0000000000        0.0000000000        0.0000000000        0.0000000000        0.0000000000        0.0000000000        0.0000000000        0.0000000000        0.0000000000        0.0000000000        0.0000000000
       20.8511684462        0.0000000000        0.0000000000        0.0000000000        0.0000000000        0.0000000000        0.0000000000        0.0000000000        0.0000000000        0.0000000000        0.0000000000        0.0000000000
       20.9794809158        0.0000000000        0.0000000000        0.0000000000        0.0000000000        0.0000000000        0.0000000000        0.0000000000        0.0000000000        0.0000000000        0.0000000000        0.0000000000
       21.1077933855        0.0111407023        0.0111407023        0.0287278506        0.1754050665        0.0287278506        0.0006616723        0.0006618976        0.0039127120        0.0039127120        0.0006618976        0.0006616723
       21.2361058551        0.1568286516        0.1568286516        0.2939828319        1.8702888309        0.2939828319        0.0050595270        0.0050670817        0.0430550753        0.0430550753        0.0050670817        0.0050595270
       21.3644183248        0.1514434638        0.1514434638        0.2454574016        1.1570141015        0.2454574016        0.0038334114        0.0038319581        0.0261523555        0.0261523555        0.0038319581        0.0038334114
       21.4927307944        0.1121928964        0.1121928964        0.1513306670        0.7199098013        0.1513306670        0.0019472221        0.0019468055        0.0164641424        0.0164641424        0.0019468055        0.0019472221
       21.6210432641        0.0607461255        0.0607461255        0.0521771268        0.2725191732        0.0521771268        0.0005714656        0.0005694573        0.0061459306        0.0061459306        0.0005694573        0.0005714656
       21.7493557337        0.0000000000        0.0000000000        0.0000000000        0.0000000000        0.0000000000        0.0000000000        0.0000000000        0.0000000000        0.0000000000        0.0000000000        0.0000000000
       21.8776682034        0.0000000000        0.0000000000        0.0000000000        0.0000000000        0.0000000000        0.0000000000        0.0000000000        0.0000000000        0.0000000000        0.0000000000        0.0000000000
       22.0059806730        0.0000000000        0.0000000000        0.0000000000        0.0000000000        0.0000000000        0.0000000000        0.0000000000        0.0000000000        0.0000000000        0.0000000000        0.0000000000
       22.1342931427        0.0000000000        0.0000000000        0.0000000000        0.0000000000        0.0000000000        0.0000000000        0.0000000000        0.0000000000        0.0000000000        0.0000000000        0.0000000000
       22.2626056123        0.0000000000        0.0000000000        0.0000000000        0.0000000000        0.0000000000        0.0000000000        0.0000000000        0.0000000000        0.0000000000        0.0000000000        0.0000000000
       22.3909180820        0.0000000000        0.0000000000        0.0000000000        0.0000000000        0.0000000000        0.0000000000        0.0000000000        0.0000000000        0.0000000000        0.0000000000        0.0000000000
       22.5192305516        0.0000000000        0.0000000000        0.0000000000        0.0000000000        0.0000000000        0.0000000000        0.0000000000        0.0000000000        0.0000000000        0.0000000000        0.0000000000
       22.6475430213        0.0000000000        0.0000000000        0.0000000000        0.0000000000        0.0000000000        0.0000000000        0.0000000000        0.0000000000        0.0000000000        0.0000000000        0.0000000000
       22.7758554909        0.0000000000        0.0000000000        0.0000000000        0.0000000000        0.0000000000        0.0000000000        0.0000000000        0.0000000000        0.0000000000        0.0000000000        0.0000000000
       22.9041679606        0.0000000000        0.0000000000        0.0000000000        0.0000000000        0.0000000000        0.0000000000        0.0000000000        0.0000000000        0.0000000000        0.0000000000        0.0000000000
       23.0324804302        0.0000000000        0.0000000000        0.0000000000        0.0000000000        0.0000000000        0.0000000000        0.0000000000        0.0000000000        0.0000000000        0.0000000000        0.0000000000
       23.1607928999        0.0000000000        0.0000000000        0.0000000000        0.0000000000        0.0000000000        0.0000000000        0.0000000000        0.0000000000        0.0000000000        0.0000000000        0.0000000000
       23.2891053695        0.0000000000        0.0000000000        0.0000000000        0.0000000000        0.0000000000        0.0000000000        0.0000000000        0.0000000000        0.0000000000        0.0000000000        0.0000000000
       23.4174178392        0.0000000000        0.0000000000        0.0000000000        0.0000000000        0.0000000000        0.0000000000        0.0000000000        0.0000000000        0.0000000000        0.0000000000        0.0000000000
       23.5457303088        0.0000000000        0.0000000000        0.0000000000        0.0000000000        0.0000000000        0.0000000000        0.0000000000        0.0000000000        0.0000000000        0.0000000000        0.0000000000
       23.6740427785        0.0000000000        0.0000000000        0.0000000000        0.0000000000        0.0000000000        0.0000000000        0.0000000000        0.0000000000        0.0000000000        0.0000000000        0.0000000000
       23.8023552481        0.0000000000        0.0000000000        0.0000000000        0.0000000000        0.0000000000        0.0000000000        0.0000000000        0.0000000000        0.0000000000        0.0000000000        0.0000000000
