# Tetrahedron method
       -2.3120456045        0.0000000000        0.0000000000        0.0000000000        0.0000000000        0.0000000000        0.0000000000        0.0000000000        0.0000000000        0.0000000000        0.0000000000        0.0000000000        0.0000000000
       -2.1545694678        0.0000000000        0.0000000000        0.0000000000        0.0000000000        0.0000000000        0.0000000000        0.0000000000        0.0000000000        0.0000000000        0.0000000000        0.0000000000        0.0000000000
       -1.9970933311        0.0000000000        0.0000000000        0.0000000000        0.0000000000        0.0000000000        0.0000000000        0.0000000000        0.0000000000        0.0000000000        0.0000000000        0.0000000000        0.0000000000
       -1.8396171943        0.0000000000        0.0000000000        0.0000000000        0.0000000000        0.0000000000        0.0000000000        0.0000000000        0.0000000000        0.0000000000        0.0000000000        0.0000000000        0.0000000000
       -1.6821410576        0.0000000000        0.0000000000        0.0000000000        0.0000000000        0.0000000000        0.0000000000        0.0000000000        0.0000000000        0.0000000000        0.0000000000        0.0000000000        0.0000000000
       -1.5246649209        0.0000000000        0.0000000000        0.0000000000        0.0000000000        0.0000000000        0.0000000000        0.0000000000        0.0000000000        0.0000000000        0.0000000000        0.0000000000        0.0000000000
       -1.3671887841        0.0000000000        0.0000000000        0.0000000000        0.0000000000        0.0000000000        0.0000000000        0.0000000000        0.0000000000        0.0000000000        0.0000000000        0.0000000000        0.0000000000
       -1.2097126474        0.0000000000        0.0000000000        0.0000000000        0.0000000000        0.0000000000        0.0000000000        0.0000000000        0.0000000000        0.0000000000        0.0000000000        0.0000000000        0.0000000000
       -1.0522365106        0.0000000000        0.0000000000        0.0000000000        0.0000000000        0.0000000000        0.0000000000        0.0000000000        0.0000000000        0.0000000000        0.0000000000        0.0000000000        0.0000000000
       -0.8947603739        0.0000000000        0.0000000000        0.0000000000        0.0000000000        0.0000000000        0.0000000000        0.0000000000        0.0000000000        0.0000000000        0.0000000000        0.0000000000        0.0000000000
       -0.7372842372        0.0000000000        0.0000000000        0.0000000000        0.0000000000        0.0000000000        0.0000000000        0.0000000000        0.0000000000        0.0000000000        0.0000000000        0.0000000000        0.0000000000
       -0.5798081004        0.0000000000        0.0000000000        0.0000000000        0.0000000000        0.0000000000        0.0000000000        0.0000000000        0.0000000000        0.0000000000        0.0000000000        0.0000000000        0.0000000000
       -0.4223319637        0.0000000000        0.0000000000        0.0000000000        0.0000000000        0.0000000000        0.0000000000        0.0000000000        0.0000000000        0.0000000000        0.0000000000        0.0000000000        0.0000000000
       -0.2648558270        0.0000000000        0.0000000000        0.0000000000        0.0000000000        0.0000000000        0.0000000000        0.0000000000        0.0000000000        0.0000000000        0.0000000000        0.0000000000        0.0000000000
       -0.1073796902        0.0000000000        0.0000000000        0.0000000000        0.0000000000        0.0000000000        0.0000000000        0.0000000000        0.0000000000        0.0000000000        0.0000000000        0.0000000000        0.0000000000
        0.0500964465        0.0000000000        0.0000000000        0.0000000000        0.0000000000        0.0000000000        0.0000000000        0.0000000000        0.0000000000        0.0000000000        0.0000000000        0.0000000000        0.0000000000
        0.2075725832        0.0000000000        0.0000000000        0.0000000000        0.0000000000        0.0000000000        0.0000000000        0.0000000000        0.0000000000        0.0000000000        0.0000000000        0.0000000000        0.0000000000
        0.3650487200        0.0000427016        0.0000355950        0.0000355931        0.0000356092        0.0000355931        0.0000356092        0.0000356067        0.0000356147        0.0002059098        0.0002059462        0.0002058598        0.0002059291
        0.5225248567        0.0001147379        0.0000956215        0.0000956107        0.0000957076        0.0000956107        0.0000957076        0.0000957103        0.0000957190        0.0005548138        0.0005548810        0.0005546410        0.0005546970
        0.6800009935        0.0001998316        0.0001665596        0.0001664935        0.0001667698        0.0001664935        0.0001667698        0.0001667923        0.0001668103        0.0009699425        0.0009701233        0.0009693994        0.0009695760
        0.8374771302        0.0003113993        0.0002595366        0.0002593491        0.0002600064        0.0002593491        0.0002600064        0.0002600557        0.0002600990        0.0015179734        0.0015183698        0.0015167986        0.0015171598
        0.9949532669        0.0004512557        0.0003760970        0.0003756767        0.0003770468        0.0003756767        0.0003770468        0.0003771337        0.0003771843        0.0022119513        0.0022124038        0.0022097074        0.0022100835
        1.1524294037        0.0006128641        0.0005107794        0.0005099625        0.0005124634        0.0005099625        0.0005124634        0.0005125954        0.0005126549        0.0030232228        0.0030238428        0.0030191245        0.0030198555
        1.3099055404        0.0007932029        0.0006610712        0.0006596652        0.0006638380        0.0006596652        0.0006638380        0.0006640777        0.0006641821        0.0039414719        0.0039424134        0.0039346912        0.0039353925
        1.4673816771        0.0010094019        0.0008411641        0.0008389083        0.0008456767        0.0008389083        0.0008456767        0.0008460043        0.0008460902        0.0050579368        0.0050588001        0.0050470716        0.0050479844
        1.6248578139        0.0012371748        0.0010309015        0.0010273931        0.0010377138        0.0010273931        0.0010377138        0.0010379882        0.0010381683        0.0062573904        0.0062590158        0.0062412477        0.0062428166
        1.7823339506        0.0014964790        0.0012467215        0.0012415672        0.0012567024        0.0012415672        0.0012567024        0.0012571612        0.0012573407        0.0076470085        0.0076487938        0.0076229516        0.0076246602
        1.9398100874        0.0017828724        0.0014851515        0.0014777890        0.0014994169        0.0014777890        0.0014994169        0.0014999648        0.0015001711        0.0092166689        0.0092185060        0.0091819551        0.0091835184
        2.0972862241        0.0020921309        0.0017423919        0.0017320921        0.0017622191        0.0017320921        0.0017622191        0.0017626117        0.0017628327        0.0109522798        0.0109545323        0.0109033540        0.0109062738
        2.2547623608        0.0024280515        0.0020214042        0.0020074852        0.0020484973        0.0020074852        0.0020484973        0.0020488423        0.0020491297        0.0128856044        0.0128883386        0.0128183958        0.0128208169
        2.4122384976        0.0027924080        0.0023241132        0.0023055914        0.0023604761        0.0023055914        0.0023604761        0.0023606887        0.0023609611        0.0150441816        0.0150469492        0.0149519918        0.0149551034
        2.5697146343        0.0031809955        0.0026465479        0.0026220697        0.0026944309        0.0026220697        0.0026944309        0.0026936842        0.0026941033        0.0174192671        0.0174233060        0.0172960388        0.0173002661
        2.7271907710        0.0035996375        0.0029930907        0.0029614771        0.0030554780        0.0029614771        0.0030554780        0.0030540608        0.0030544010        0.0200597764        0.0200634479        0.0198950761        0.0198993832
        2.8846669078        0.0040465745        0.0033629788        0.0033227383        0.0034437142        0.0033227383        0.0034437142        0.0034409778        0.0034414438        0.0229869951        0.0229915317        0.0227687651        0.0227732593
        3.0421430445        0.0045231881        0.0037563254        0.0037052822        0.0038596454        0.0037052822        0.0038596454        0.0038539041        0.0038544351        0.0262284394        0.0262337069        0.0259434680        0.0259493775
        3.1996191812        0.0050303676        0.0041737052        0.0041096969        0.0043047798        0.0041096969        0.0043047798        0.0042959693        0.0042965021        0.0298233472        0.0298292246        0.0294499484        0.0294569369
        3.3570953180        0.0055780638        0.0046238237        0.0045440088        0.0047894019        0.0045440088        0.0047894019        0.0047757809        0.0047763133        0.0338767175        0.0338824987        0.0333877214        0.0333945725
        3.5145714547        0.0061337468        0.0050781888        0.0049796876        0.0052858115        0.0049796876        0.0052858115        0.0052645146        0.0052651176        0.0382314257        0.0382372363        0.0375965381        0.0376049638
        3.6720475915        0.0067426601        0.0055731390        0.0054521333        0.0058338461        0.0054521333        0.0058338461        0.0058029746        0.0058038114        0.0432134694        0.0432223309        0.0423856902        0.0423939746
        3.8295237282        0.0073967039        0.0061031154        0.0059540666        0.0064293727        0.0059540666        0.0064293727        0.0063841684        0.0063848326        0.0488695982        0.0488771124        0.0477811818        0.0477919613
        3.9869998649        0.0080573206        0.0066306055        0.0064481868        0.0070402481        0.0064481868        0.0070402481        0.0069724603        0.0069732254        0.0550111819        0.0550193716        0.0535750545        0.0535873617
        4.1444760017        0.0088056977        0.0072135261        0.0069896311        0.0077409475        0.0069896311        0.0077409475        0.0076370333        0.0076385398        0.0622595719        0.0622762767        0.0603117830        0.0603296158
        4.3019521384        0.0108421370        0.0087683237        0.0084625487        0.0095410257        0.0084625487        0.0095410257        0.0093906557        0.0093952035        0.0794082891        0.0794032857        0.0757642066        0.0758335484
        4.4594282751        0.0099420835        0.0081446081        0.0077966947        0.0089214912        0.0077966947        0.0089214912        0.0086904237        0.0086952231        0.0766281648        0.0766824086        0.0734403645        0.0734994942
        4.6169044119        0.0110077490        0.0089201005        0.0085202526        0.0098981082        0.0085202526        0.0098981082        0.0096734387        0.0096770796        0.0884479481        0.0884915535        0.0842295128        0.0842710436
        4.7743805486        0.0119321044        0.0096902790        0.0092303868        0.0108040439        0.0092303868        0.0108040439        0.0105910832        0.0105956596        0.1008462733        0.1008822221        0.0958474525        0.0959008111
        4.9318566854        0.0128729823        0.0103668571        0.0098399934        0.0117495454        0.0098399934        0.0117495454        0.0114890092        0.0115042194        0.1147897267        0.1149133591        0.1082887274        0.1084301134
        5.0893328221        0.0139156439        0.0109833960        0.0103868530        0.0128370205        0.0103868530        0.0128370205        0.0124769227        0.0124928525        0.1319437119        0.1319309410        0.1227480359        0.1228607492
        5.2468089588        0.0143207460        0.0114073078        0.0107033416        0.0134059430        0.0107033416        0.0134059430        0.0130930280        0.0131120239        0.1464229463        0.1466976859        0.1348481789        0.1351146567
        5.4042850956        0.0152093650        0.0124226085        0.0115770625        0.0144228885        0.0115770625        0.0144228885        0.0143188298        0.0143597200        0.1695741283        0.1701121853        0.1550276461        0.1555050714
        5.5617612323        0.0160969943        0.0134493606        0.0125274969        0.0157394709        0.0125274969        0.0157394709        0.0167151576        0.0167197481        0.2441721502        0.2442064981        0.2018396923        0.2019156891
        5.7192373690        0.0166345082        0.0141373506        0.0131007118        0.0166410436        0.0131007118        0.0166410436        0.0174613643        0.0174633401        0.2628028276        0.2628540292        0.2187472177        0.2188005796
        5.8767135058        0.0171314363        0.0148310690        0.0137135099        0.0177098712        0.0137135099        0.0177098712        0.0183899142        0.0183961371        0.2814287998        0.2814936673        0.2416054073        0.2417248496
        6.0341896425        0.0174308415        0.0155944633        0.0144032189        0.0190688343        0.0144032189        0.0190688343        0.0196731514        0.0196671929        0.3123680646        0.3122586341        0.2728564965        0.2727831592
        6.1916657792        0.0178535768        0.0166598931        0.0154094681        0.0211898214        0.0154094681        0.0211898214        0.0216447557        0.0216326132        0.3648367220        0.3647228691        0.3187440024        0.3186633414
        6.3491419160        0.0182694256        0.0180989508        0.0169195510        0.0240547461        0.0169195510        0.0240547461        0.0226977351        0.0226840216        0.4283773407        0.4282507800        0.3891667829        0.3891142780
        6.5066180527        0.0193779267        0.0215406568        0.0177172889        0.0256777418        0.0177172889        0.0256777418        0.0239082131        0.0238961334        0.5077972918        0.5073167222        0.4815293576        0.4812635314
        6.6640941895        0.0169716897        0.0201587796        0.0167754665        0.0228390141        0.0167754665        0.0228390141        0.0226788906        0.0226709757        0.5121047484        0.5120555665        0.5155673395        0.5154538014
        6.8215703262        0.0144365997        0.0169783895        0.0153074492        0.0182395372        0.0153074492        0.0182395372        0.0207984011        0.0207829441        0.4996402562        0.4994137873        0.4874627363        0.4873946421
        6.9790464629        0.0152752135        0.0173375246        0.0175113930        0.0185938841        0.0175113930        0.0185938841        0.0223309510        0.0223378015        0.5894593315        0.5893846490        0.6228027269        0.6228969445
        7.1365225997        0.0201813076        0.0189842207        0.0224145368        0.0260617011        0.0224145368        0.0260617011        0.0240871457        0.0240553160        0.7836736172        0.7831174796        0.9543577941        0.9535868013
        7.2939987364        0.0178402046        0.0174334650        0.0167712446        0.0226565797        0.0167712446        0.0226565797        0.0186342479        0.0186230122        0.7329971654        0.7316327604        0.9256353455        0.9254393461
        7.4514748731        0.0201553976        0.0225366378        0.0196899963        0.0269968147        0.0196899963        0.0269968147        0.0202249146        0.0202762929        0.9341105386        0.9370234998        1.0591989155        1.0585458576
        7.6089510099        0.0173327405        0.0211221131        0.0136108860        0.0198162159        0.0136108860        0.0198162159        0.0153588040        0.0153697018        0.7569498237        0.7566783873        0.9938511601        0.9935220910
        7.7664271466        0.0199994487        0.0183899377        0.0138024969        0.0150137991        0.0138024969        0.0150137991        0.0131944819        0.0131747413        0.7614298312        0.7574424146        1.1156003203        1.1130940321
        7.9239032834        0.0170302508        0.0168400480        0.0119107183        0.0136927528        0.0119107183        0.0136927528        0.0112229417        0.0112093364        0.6916628836        0.6909015180        0.9027150586        0.9028174323
        8.0813794201        0.0148587146        0.0111331974        0.0096931716        0.0134571765        0.0096931716        0.0134571765        0.0112414181        0.0112451657        0.6851250036        0.6846222196        0.7546222942        0.7559121663
        8.2388555568        0.0176278417        0.0117405880        0.0107608514        0.0175475199        0.0107608514        0.0175475199        0.0143712311        0.0143171025        1.0341486242        1.0318255992        0.8236233638        0.8232769327
        8.3963316936        0.0155269259        0.0092286930        0.0082667163        0.0159932048        0.0082667163        0.0159932048        0.0132592511        0.0132748117        0.9510625067        0.9526555772        0.7688493893        0.7675916836
        8.5538078303        0.0109631914        0.0077514000        0.0066543712        0.0106170095        0.0066543712        0.0106170095        0.0089918523        0.0089836591        0.9764412875        0.9772704340        0.6197940938        0.6204479700
        8.7112839670        0.0161610690        0.0068647920        0.0062618375        0.0125083657        0.0062618375        0.0125083657        0.0112513477        0.0112163401        0.9351269649        0.9340394879        0.7684097150        0.7679954091
        8.8687601038        0.0083533010        0.0041904975        0.0035083032        0.0062542341        0.0035083032        0.0062542341        0.0061524156        0.0061559616        0.5052670742        0.5047932520        0.5158059356        0.5161955271
        9.0262362405        0.0040095251        0.0031190216        0.0023739812        0.0034927920        0.0023739812        0.0034927920        0.0044740678        0.0044556641        0.3490029126        0.3494236354        0.2960238489        0.2959459290
        9.1837123772        0.0037738959        0.0027308511        0.0023340039        0.0034611411        0.0023340039        0.0034611411        0.0045990634        0.0045874718        0.3790750446        0.3790516740        0.3186574219        0.3189187047
        9.3411885140        0.0027873145        0.0021683611        0.0012982448        0.0029211661        0.0012982448        0.0029211661        0.0036137696        0.0036142537        0.2626709362        0.2626377159        0.2208709259        0.2208596448
        9.4986646507        0.0049105267        0.0042232417        0.0023456537        0.0060102614        0.0023456537        0.0060102614        0.0072870368        0.0072780670        0.4876277588        0.4884186879        0.4890812739        0.4883283239
        9.6561407875        0.0071479738        0.0048490030        0.0022406693        0.0042169470        0.0022406693        0.0042169470        0.0055668108        0.0055689564        0.4424736003        0.4423509484        0.4254359301        0.4256314634
        9.8136169242        0.0070439961        0.0044843219        0.0022599735        0.0035652619        0.0022599735        0.0035652619        0.0042159496        0.0042196325        0.4330918892        0.4330924222        0.4055376539        0.4056326415
        9.9710930609        0.0076457315        0.0036298195        0.0019565173        0.0028500793        0.0019565173        0.0028500793        0.0024747532        0.0024727908        0.3422567878        0.3422447337        0.3215907742        0.3216652462
       10.1285691977        0.0107451774        0.0029309834        0.0004010356        0.0010762765        0.0004010356        0.0010762765        0.0010929293        0.0010896425        0.1805143349        0.1805117081        0.1510270190        0.1510436323
       10.2860453344        0.0061342364        0.0010006681        0.0002436793        0.0008403965        0.0002436793        0.0008403965        0.0004485459        0.0004462505        0.0888258370        0.0888110985        0.0660833651        0.0660981328
       10.4435214711        0.0009882857        0.0000230169        0.0000281104        0.0002034089        0.0000281104        0.0002034089        0.0000628126        0.0000623187        0.0094380684        0.0094369511        0.0071385760        0.0071406684
       10.6009976079        0.0000000000        0.0000000000        0.0000000000        0.0000000000        0.0000000000        0.0000000000        0.0000000000        0.0000000000        0.0000000000        0.0000000000        0.0000000000        0.0000000000
       10.7584737446        0.0000000000        0.0000000000        0.0000000000        0.0000000000        0.0000000000        0.0000000000        0.0000000000        0.0000000000        0.0000000000        0.0000000000        0.0000000000        0.0000000000
       10.9159498814        0.0000000000        0.0000000000        0.0000000000        0.0000000000        0.0000000000        0.0000000000        0.0000000000        0.0000000000        0.0000000000        0.0000000000        0.0000000000        0.0000000000
       11.0734260181        0.0000000000        0.0000000000        0.0000000000        0.0000000000        0.0000000000        0.0000000000        0.0000000000        0.0000000000        0.0000000000        0.0000000000        0.0000000000        0.0000000000
       11.2309021548        0.0232532914        0.0100287047        0.0080777325        0.0060794414        0.0080777325        0.0060794414        0.0156139826        0.0156094526        0.0004519206        0.0004497784        0.0006168197        0.0006117379
       11.3883782916        0.0965669982        0.0368213829        0.0303359035        0.0234011555        0.0303359035        0.0234011555        0.0602798385        0.0602648996        0.0054080129        0.0054040787        0.0072662640        0.0072515217
       11.5458544283        2.2265405590        0.0720146752        0.0680885761        0.2474439173        0.0680885761        0.2474439173        0.1763539144        0.1763074190        0.0715176489        0.0715284174        0.0716573764        0.0716343682
       11.7033305650        1.2588162842        0.0560047669        0.0481100391        0.1351955688        0.0481100391        0.1351955688        0.1173434685        0.1173181399        0.0342166249        0.0342227576        0.0360223232        0.0360257007
       11.8608067018        0.9784923430        0.0640199439        0.0472863988        0.1049278362        0.0472863988        0.1049278362        0.1184100824        0.1184496502        0.0301686368        0.0301671159        0.0401332660        0.0401080087
       12.0182828385        0.8208714657        0.0631994971        0.0430797024        0.0866272259        0.0430797024        0.0866272259        0.1137427769        0.1137910020        0.0267271603        0.0268416617        0.0437943784        0.0438872909
       12.1757589752        0.7332846538        0.0526415552        0.0343213835        0.0789659382        0.0343213835        0.0789659382        0.0912950375        0.0913107479        0.0189227567        0.0188343130        0.0277618196        0.0277071590
       12.3332351120        0.2945033351        0.0488213081        0.0277592823        0.0270554636        0.0277592823        0.0270554636        0.0752295174        0.0752270534        0.0135442838        0.0135393295        0.0191892466        0.0191829808
       12.4907112487        0.3264923127        0.0464420094        0.0244493088        0.0269744255        0.0244493088        0.0269744255        0.0726403437        0.0726449807        0.0131912835        0.0132158989        0.0161677112        0.0161908955
       12.6481873855        0.4200425317        0.0404003927        0.0194012862        0.0289364979        0.0194012862        0.0289364979        0.0718155425        0.0718479902        0.0132001189        0.0132382662        0.0140676837        0.0141002142
       12.8056635222        0.3177931216        0.0153224268        0.0080970884        0.0179657172        0.0080970884        0.0179657172        0.0475732046        0.0473357242        0.0053589376        0.0052266852        0.0075228937        0.0074131014
       12.9631396589        0.2051729255        0.0547527456        0.0220193668        0.0351732000        0.0220193668        0.0351732000        0.0599577661        0.0599176857        0.0082161683        0.0081924127        0.0086797461        0.0086566821
       13.1206157957        0.3620812030        0.2537601081        0.1975458907        0.0876640513        0.1975458907        0.0876640513        0.1255904974        0.1254697267        0.0223470028        0.0223425904        0.0214395845        0.0214277821
       13.2780919324        0.5622046865        0.3848244747        0.3942464446        0.1691765545        0.3942464446        0.1691765545        0.1900443891        0.1900193973        0.0443844480        0.0443820511        0.0471270593        0.0471077035
       13.4355680691        0.8715515097        0.3986490590        0.4830134854        0.3174090250        0.4830134854        0.3174090250        0.2653270103        0.2654679515        0.0785579789        0.0785910469        0.0787768471        0.0787604255
       13.5930442059        0.5037602790        0.4349832895        0.4028730261        0.1860428172        0.4028730261        0.1860428172        0.1529469899        0.1531084925        0.0540404331        0.0540574133        0.0485503445        0.0486233911
       13.7505203426        0.4814702574        0.4726233500        0.5241766908        0.1492923715        0.5241766908        0.1492923715        0.2526801098        0.2525030025        0.0432346445        0.0432279668        0.0430878389        0.0431036714
       13.9079964794        1.4453815531        0.5116651254        0.7173385500        0.3006316980        0.7173385500        0.3006316980        0.6318881038        0.6315599610        0.0663525747        0.0663401149        0.0495843100        0.0495504963
       14.0654726161        0.3837331916        0.2881826770        0.4974475218        0.1583162558        0.4974475218        0.1583162558        0.4458284927        0.4460892339        0.0186105842        0.0185957877        0.0251610782        0.0251800815
       14.2229487528        0.2208978441        0.3077181425        0.4018749516        0.1287481735        0.4018749516        0.1287481735        0.3416261548        0.3420114038        0.0143815347        0.0143837710        0.0251829305        0.0251842332
       14.3804248896        0.1289753563        0.3422845424        0.3693873950        0.1514209275        0.3693873950        0.1514209275        0.3097591710        0.3102226190        0.0145750044        0.0145857420        0.0267911397        0.0267976042
       14.5379010263        0.1953975738        0.7166180885        0.3780182695        0.1852605055        0.3780182695        0.1852605055        0.4407811213        0.4417149861        0.0191672949        0.0191444286        0.0373320828        0.0373342522
       14.6953771630        0.4837821908        1.2171679382        0.3303638378        0.2157669467        0.3303638378        0.2157669467        0.5056535311        0.5065996794        0.0256078360        0.0256562478        0.0443893428        0.0443734379
       14.8528532998        0.2829323160        0.5450379412        0.2867587590        0.2838257593        0.2867587590        0.2838257593        0.2971373496        0.2967997761        0.0191704342        0.0191609129        0.0236754652        0.0237256047
       15.0103294365        0.2548393464        0.3756750879        0.4029984720        0.3952418673        0.4029984720        0.3952418673        0.3633681484        0.3636818602        0.0191999596        0.0192465257        0.0188239816        0.0187434330
       15.1678055733        0.1445313250        0.2337565611        0.2855031471        0.3217755079        0.2855031471        0.3217755079        0.2341125381        0.2340321042        0.0137152425        0.0137229940        0.0134980883        0.0134887237
       15.3252817100        0.1051374800        0.1894673132        0.2425155542        0.2802874687        0.2425155542        0.2802874687        0.2141014673        0.2140320536        0.0114046148        0.0114091765        0.0126389120        0.0126479438
       15.4827578467        0.0925301893        0.1720419328        0.2342321276        0.3025069681        0.2342321276        0.3025069681        0.2249282429        0.2248862596        0.0110913415        0.0110975417        0.0126331812        0.0126434635
       15.6402339835        0.0970404909        0.1830613605        0.2551260648        0.3878597086        0.2551260648        0.3878597086        0.2513880650        0.2514052471        0.0119756357        0.0119837075        0.0132847320        0.0132847770
       15.7977101202        0.0978046340        0.2023706959        0.2563057848        0.4058522906        0.2563057848        0.4058522906        0.2302566653        0.2302536547        0.0118042948        0.0118077388        0.0124118916        0.0124067719
       15.9551862569        0.0755300805        0.1971941011        0.1858161842        0.3329153127        0.1858161842        0.3329153127        0.1838029812        0.1837720543        0.0094861420        0.0094715312        0.0098424319        0.0098112598
       16.1126623937        0.1180125386        0.3035677824        0.1951939601        0.4563130985        0.1951939601        0.4563130985        0.2511318698        0.2511457097        0.0130971945        0.0130938390        0.0123089214        0.0122804043
       16.2701385304        0.1175045824        0.2988048639        0.1654083229        0.4952827133        0.1654083229        0.4952827133        0.2567199717        0.2566379170        0.0171629406        0.0171671639        0.0118216922        0.0118381982
       16.4276146671        0.1838213855        0.3800572795        0.2145349186        0.7386178450        0.2145349186        0.7386178450        0.2796612980        0.2795770586        0.0284320724        0.0284363209        0.0156375063        0.0156990183
       16.5850908039        0.0595913639        0.1391483636        0.2316696962        0.1987475817        0.2316696962        0.1987475817        0.1046237247        0.1046685125        0.0049330896        0.0049333863        0.0100436396        0.0100453913
       16.7425669406        0.0867056198        0.1248043439        0.3346937206        0.3245360302        0.3346937206        0.3245360302        0.2441341161        0.2438978856        0.0079044404        0.0078854197        0.0128436144        0.0128546876
       16.9000430774        0.1247791389        0.0773521984        0.5189457345        0.6143150774        0.5189457345        0.6143150774        0.4414922968        0.4423286510        0.0157063916        0.0156875353        0.0167782927        0.0168239178
       17.0575192141        0.1769881498        0.0430067961        0.5565522593        0.6318519957        0.5565522593        0.6318519957        0.4347708422        0.4346707843        0.0185128728        0.0185277647        0.0182124537        0.0182120298
       17.2149953508        0.2707085305        0.0979524239        0.7369666454        0.6499804117        0.7369666454        0.6499804117        0.6827095543        0.6816420882        0.0264846289        0.0263986496        0.0314588214        0.0313229088
       17.3724714876        0.0786632585        0.0654475818        0.2372272714        0.2171585517        0.2372272714        0.2171585517        0.1537714571        0.1539531985        0.0059243286        0.0059375365        0.0090430326        0.0090647132
       17.5299476243        0.1560153754        0.0635802296        0.0879322513        0.1493039752        0.0879322513        0.1493039752        0.1215001561        0.1214903626        0.0054453823        0.0054442823        0.0042122239        0.0042044463
       17.6874237610        0.4837281387        0.1507236763        0.1552505598        0.2642582874        0.1552505598        0.2642582874        0.2970042519        0.2966857021        0.0118421958        0.0118229688        0.0075489023        0.0075475962
       17.8448998978        0.6800640714        0.3384142305        0.1688447052        0.5085649417        0.1688447052        0.5085649417        0.3415584097        0.3418903929        0.0159650535        0.0159881232        0.0073247724        0.0073426746
       18.0023760345        0.1499832891        0.0514367122        0.0227325627        0.0899659008        0.0227325627        0.0899659008        0.0612964041        0.0612725703        0.0022056180        0.0021954341        0.0012053967        0.0012019370
       18.1598521713        0.1647090037        0.1226183398        0.1074528510        0.2413099848        0.1074528510        0.2413099848        0.0989535668        0.0989846203        0.0059694843        0.0059648430        0.0046257840        0.0046296212
       18.3173283080        0.1878918796        0.4724498933        0.1498841984        0.2367703114        0.1498841984        0.2367703114        0.4785444543        0.4767225060        0.0110351084        0.0109531470        0.0085400495        0.0085008051
       18.4748044447        0.5900285091        1.0779325571        0.2548912109        0.2963193613        0.2548912109        0.2963193613        0.9612475940        0.9613872551        0.0211451153        0.0211311117        0.0147793903        0.0147820468
       18.6322805815        0.1944494923        0.2416279450        0.1080751231        0.2452348045        0.1080751231        0.2452348045        0.2650306261        0.2648189518        0.0061266808        0.0061317161        0.0036791249        0.0036721990
       18.7897567182        0.0506452317        0.0803055496        0.0914411532        0.1405871625        0.0914411532        0.1405871625        0.1336848732        0.1336470287        0.0031354913        0.0031364862        0.0017748551        0.0017746319
       18.9472328549        0.0332416918        0.2179526050        0.2431426522        0.1334976714        0.2431426522        0.1334976714        0.1856787658        0.1856665608        0.0029428546        0.0029426067        0.0026660014        0.0026663403
       19.1047089917        0.0234842132        0.2124301804        0.2495676051        0.1067796709        0.2495676051        0.1067796709        0.1957285870        0.1957138789        0.0025854568        0.0025854631        0.0019352939        0.0019342208
       19.2621851284        0.0072784834        0.1387292774        0.1688674755        0.0747684237        0.1688674755        0.0747684237        0.1213935579        0.1213812807        0.0016542002        0.0016540933        0.0016750087        0.0016746946
       19.4196612651        0.0186685903        0.1130467684        0.1715922763        0.1721541074        0.1715922763        0.1721541074        0.2369683988        0.2369763949        0.0025752036        0.0025783738        0.0024324877        0.0024330436
       19.5771374019        0.0186586764        0.1091947963        0.1650775620        0.2122798948        0.1650775620        0.2122798948        0.2564205614        0.2564446677        0.0027856001        0.0027854007        0.0031675530        0.0031650632
       19.7346135386        0.0250230001        0.1249494767        0.2120441355        0.3682325508        0.2120441355        0.3682325508        0.3985562206        0.3985594347        0.0041939921        0.0041849538        0.0059135563        0.0059122255
       19.8920896754        0.0235901863        0.1246425427        0.2353899179        0.3716737047        0.2353899179        0.3716737047        0.3958667882        0.3957871526        0.0043888634        0.0043955328        0.0063503241        0.0063428215
       20.0495658121        0.0147363383        0.1361859537        0.2574486780        0.3553088451        0.2574486780        0.3553088451        0.3795992201        0.3797086783        0.0051262902        0.0051305540        0.0071717025        0.0071813009
       20.2070419488        0.0133517006        0.1280041265        0.1801702996        0.1886392518        0.1801702996        0.1886392518        0.2183625665        0.2186259454        0.0027527252        0.0027542008        0.0038603118        0.0038512287
       20.3645180856        0.0117661458        0.2333558404        0.2689214097        0.2012045561        0.2689214097        0.2012045561        0.2234649979        0.2236252384        0.0016988731        0.0016982349        0.0030812454        0.0030859860
       20.5219942223        0.0063420767        0.2399591138        0.2142507686        0.1463508574        0.2142507686        0.1463508574        0.1787551266        0.1787570335        0.0009344585        0.0009346242        0.0021767829        0.0021782763
       20.6794703590        0.0028756487        0.1353664430        0.1309002302        0.0573542971        0.1309002302        0.0573542971        0.0952370065        0.0953240737        0.0004761067        0.0004791553        0.0012098884        0.0012095280
       20.8369464958        0.0028005858        0.1116432987        0.1026662893        0.0298653308        0.1026662893        0.0298653308        0.0610730266        0.0610290814        0.0003492046        0.0003487395        0.0007879773        0.0007873335
       20.9944226325        0.0051350710        0.1279866633        0.1173262916        0.0460129887        0.1173262916        0.0460129887        0.0841752213        0.0841922819        0.0004515988        0.0004515838        0.0009315468        0.0009320410
       21.1518987693        0.0092380662        0.2322017560        0.1620264829        0.0922414729        0.1620264829        0.0922414729        0.1432406466        0.1432556635        0.0007194775        0.0007193064        0.0013997674        0.0013997966
       21.3093749060        0.0122755703        0.2823189995        0.2303193434        0.1421182419        0.2303193434        0.1421182419        0.1700688474        0.1700593260        0.0008423553        0.0008421764        0.0017379649        0.0017376665
       21.4668510427        0.0219310457        0.4260777862        0.4331024920        0.2785867638        0.4331024920        0.2785867638        0.1804225450        0.1805763695        0.0011380909        0.0011374568        0.0024469429        0.0024449824
       21.6243271795        0.0378657175        0.2743095124        0.2725159837        0.3942682325        0.2725159837        0.3942682325        0.1164041051        0.1163458871        0.0005700475        0.0005702473        0.0020718047        0.0020718556
       21.7818033162        0.0044945326        0.1869289220        0.0870660864        0.0762611038        0.0870660864        0.0762611038        0.0984947684        0.0984917180        0.0004954643        0.0004954744        0.0009324634        0.0009329724
       21.9392794529        0.0024390655        0.1733267060        0.1094193631        0.0971842656        0.1094193631        0.0971842656        0.1800374745        0.1800124639        0.0006624835        0.0006622671        0.0010936576        0.0010942327
       22.0967555897        0.0083566265        0.2357376429        0.3855836772        0.4121698163        0.3855836772        0.4121698163        0.8756136790        0.8755514101        0.0021241989        0.0021226252        0.0031363932        0.0031360074
       22.2542317264        0.0059547267        0.0878867841        0.1254264763        0.1103651023        0.1254264763        0.1103651023        0.1895168759        0.1894022667        0.0005309062        0.0005311264        0.0004891848        0.0004894287
       22.4117078631        0.0060323693        0.0573046935        0.0999203710        0.0955845328        0.0999203710        0.0955845328        0.1267668861        0.1267100448        0.0004020296        0.0004022103        0.0003862325        0.0003864739
       22.5691839999        0.0051260993        0.0344754227        0.0643990094        0.0848838246        0.0643990094        0.0848838246        0.0832608964        0.0832545686        0.0002728448        0.0002728154        0.0003020644        0.0003021654
       22.7266601366        0.0040751519        0.0180921293        0.0380072952        0.0791206650        0.0380072952        0.0791206650        0.0565400357        0.0565337523        0.0001751681        0.0001751411        0.0002409379        0.0002409642
       22.8841362734        0.0035665886        0.0084513933        0.0229599045        0.0784814282        0.0229599045        0.0784814282        0.0414902162        0.0414828843        0.0001231124        0.0001230626        0.0002106567        0.0002106500
       23.0416124101        0.0032948835        0.0058181664        0.0155149469        0.0837060804        0.0155149469        0.0837060804        0.0345286244        0.0345262076        0.0001008345        0.0001008348        0.0002029556        0.0002029517
       23.1990885468        0.0031101067        0.0070842329        0.0125973113        0.0901113683        0.0125973113        0.0901113683        0.0312766805        0.0312740124        0.0000935515        0.0000935562        0.0001995874        0.0001995939
       23.3565646836        0.0029971427        0.0120859323        0.0124538155        0.0990972277        0.0124538155        0.0990972277        0.0291054694        0.0291020651        0.0000905794        0.0000905639        0.0002033820        0.0002034008
       23.5140408203        0.0028989910        0.0140430077        0.0164131727        0.1059605797        0.0164131727        0.1059605797        0.0248012499        0.0248009206        0.0000789829        0.0000789601        0.0001916724        0.0001916814
       23.6715169570        0.0027619135        0.0397946459        0.0464458472        0.1114075937        0.0464458472        0.1114075937        0.0260283671        0.0260294601        0.0001341427        0.0001341463        0.0001878832        0.0001878847
       23.8289930938        0.0026580109        0.0506585462        0.0575832683        0.1191377753        0.0575832683        0.1191377753        0.0272086195        0.0272095836        0.0001536099        0.0001535991        0.0001858312        0.0001858172
       23.9864692305        0.0026278767        0.0644298321        0.0725693158        0.1304096607        0.0725693158        0.1304096607        0.0292171404        0.0292176022        0.0001782752        0.0001782554        0.0001896277        0.0001896096
       24.1439453673        0.0026843618        0.0821387883        0.0920025291        0.1471562428        0.0920025291        0.1471562428        0.0319273836        0.0319274138        0.0002072521        0.0002072316        0.0001991438        0.0001991270
       24.3014215040        0.0029221492        0.1066085932        0.1225969494        0.1776412620        0.1225969494        0.1776412620        0.0361542655        0.0361546720        0.0002466932        0.0002466675        0.0002219612        0.0002219367
       24.4588976407        0.0035150501        0.1480636398        0.1584327557        0.2326198978        0.1584327557        0.2326198978        0.0445805199        0.0445807508        0.0003140119        0.0003139935        0.0002593894        0.0002593671
       24.6163737775        0.0040421153        0.2741284729        0.2291961819        0.2703457423        0.2291961819        0.2703457423        0.0607198518        0.0607182561        0.0004806371        0.0004807299        0.0003098468        0.0003099106
       24.7738499142        0.0016724374        0.1523146895        0.1567290878        0.1295801430        0.1567290878        0.1295801430        0.0398680682        0.0398686671        0.0002491091        0.0002490214        0.0002265862        0.0002264874
       24.9313260509        0.0004535843        0.1203845279        0.1307627500        0.0351520743        0.1307627500        0.0351520743        0.0238786410        0.0238796045        0.0001522125        0.0001521305        0.0000963978        0.0000963044
       25.0888021877        0.0004406439        0.1073120648        0.1387744509        0.0386554723        0.1387744509        0.0386554723        0.0251971294        0.0251960387        0.0001434921        0.0001435283        0.0001048538        0.0001048841
       25.2462783244        0.0004409564        0.1002614185        0.1441743554        0.0417175863        0.1441743554        0.0417175863        0.0263109539        0.0263093061        0.0001299311        0.0001300454        0.0001098743        0.0001100104
       25.4037544611        0.0001521977        0.0947829132        0.1210319330        0.0135548704        0.1210319330        0.0135548704        0.0162677664        0.0162676873        0.0000819767        0.0000820018        0.0000509394        0.0000509694
       25.5612305979        0.0000812990        0.0889779730        0.1071348870        0.0061070681        0.1071348870        0.0061070681        0.0122209482        0.0122210086        0.0000611877        0.0000611807        0.0000385714        0.0000385656
       25.7187067346        0.0000579119        0.0840423796        0.0984855890        0.0036994173        0.0984855890        0.0036994173        0.0101649769        0.0101649850        0.0000496525        0.0000496430        0.0000361635        0.0000361538
       25.8761828714        0.0000459585        0.0798298757        0.0919502071        0.0025625758        0.0919502071        0.0025625758        0.0087678397        0.0087678047        0.0000421573        0.0000421501        0.0000361375        0.0000361292
       26.0336590081        0.0000384943        0.0762195670        0.0866601078        0.0019218159        0.0866601078        0.0019218159        0.0077066565        0.0077066026        0.0000372358        0.0000372315        0.0000370813        0.0000370759
       26.1911351448        0.0000330625        0.0727488668        0.0818115113        0.0015163307        0.0818115113        0.0015163307        0.0068222935        0.0068222831        0.0000339110        0.0000339112        0.0000383263        0.0000383267
       26.3486112816        0.0000286723        0.0694274980        0.0774005735        0.0012573087        0.0774005735        0.0012573087        0.0060777093        0.0060777513        0.0000315753        0.0000315779        0.0000394352        0.0000394390
       26.5060874183        0.0000193954        0.0467062895        0.0514207937        0.0005910285        0.0514207937        0.0005910285        0.0037842556        0.0037844216        0.0000247465        0.0000247592        0.0000361904        0.0000362034
       26.6635635550        0.0000000000        0.0000000000        0.0000000000        0.0000000000        0.0000000000        0.0000000000        0.0000000000        0.0000000000        0.0000000000        0.0000000000        0.0000000000        0.0000000000
       26.8210396918        0.0000000000        0.0000000000        0.0000000000        0.0000000000        0.0000000000        0.0000000000        0.0000000000        0.0000000000        0.0000000000        0.0000000000        0.0000000000        0.0000000000
       26.9785158285        0.0000000000        0.0000000000        0.0000000000        0.0000000000        0.0000000000        0.0000000000        0.0000000000        0.0000000000        0.0000000000        0.0000000000        0.0000000000        0.0000000000
       27.1359919653        0.0000000000        0.0000000000        0.0000000000        0.0000000000        0.0000000000        0.0000000000        0.0000000000        0.0000000000        0.0000000000        0.0000000000        0.0000000000        0.0000000000
       27.2934681020        0.0000000000        0.0000000000        0.0000000000        0.0000000000        0.0000000000        0.0000000000        0.0000000000        0.0000000000        0.0000000000        0.0000000000        0.0000000000        0.0000000000
       27.4509442387        0.0000000000        0.0000000000        0.0000000000        0.0000000000        0.0000000000        0.0000000000        0.0000000000        0.0000000000        0.0000000000        0.0000000000        0.0000000000        0.0000000000
       27.6084203755        0.0000000000        0.0000000000        0.0000000000        0.0000000000        0.0000000000        0.0000000000        0.0000000000        0.0000000000        0.0000000000        0.0000000000        0.0000000000        0.0000000000
       27.7658965122        0.0000000000        0.0000000000        0.0000000000        0.0000000000        0.0000000000        0.0000000000        0.0000000000        0.0000000000        0.0000000000        0.0000000000        0.0000000000        0.0000000000
       27.9233726489        0.0000000000        0.0000000000        0.0000000000        0.0000000000        0.0000000000        0.0000000000        0.0000000000        0.0000000000        0.0000000000        0.0000000000        0.0000000000        0.0000000000
       28.0808487857        0.0000000000        0.0000000000        0.0000000000        0.0000000000        0.0000000000        0.0000000000        0.0000000000        0.0000000000        0.0000000000        0.0000000000        0.0000000000        0.0000000000
       28.2383249224        0.0000000000        0.0000000000        0.0000000000        0.0000000000        0.0000000000        0.0000000000        0.0000000000        0.0000000000        0.0000000000        0.0000000000        0.0000000000        0.0000000000
       28.3958010591        0.0000000000        0.0000000000        0.0000000000        0.0000000000        0.0000000000        0.0000000000        0.0000000000        0.0000000000        0.0000000000        0.0000000000        0.0000000000        0.0000000000
       28.5532771959        0.0000000000        0.0000000000        0.0000000000        0.0000000000        0.0000000000        0.0000000000        0.0000000000        0.0000000000        0.0000000000        0.0000000000        0.0000000000        0.0000000000
       28.7107533326        0.0000000000        0.0000000000        0.0000000000        0.0000000000        0.0000000000        0.0000000000        0.0000000000        0.0000000000        0.0000000000        0.0000000000        0.0000000000        0.0000000000
       28.8682294694        0.0000000000        0.0000000000        0.0000000000        0.0000000000        0.0000000000        0.0000000000        0.0000000000        0.0000000000        0.0000000000        0.0000000000        0.0000000000        0.0000000000
       29.0257056061        0.0000000000        0.0000000000        0.0000000000        0.0000000000        0.0000000000        0.0000000000        0.0000000000        0.0000000000        0.0000000000        0.0000000000        0.0000000000        0.0000000000
       29.1831817428        0.0000000000        0.0000000000        0.0000000000        0.0000000000        0.0000000000        0.0000000000        0.0000000000        0.0000000000        0.0000000000        0.0000000000        0.0000000000        0.0000000000
